16683350
2226191097171841	2226191137772303	2226191109398072
2226191113813688	2226191154464688	2226191126159072
2226191133635688	2226191171136534	2226191142782457
2226191148539303	2226191187811457	2226191159489688
2226191226790765	2226191254550457	2226191232122995
2226191253464688	2226191287921995	2226191258797841
2226191266456841	2226191304593611	2226191271645226
2226191279863303	2226191321280303	2226191292496149
2226191297583611	2226191337971457	2226191309056611
2226191313885611	2226191354690918	2226191325743072
2226191331269611	2226191371376688	2226191342463380
2226191349041918	2226191388081611	2226191359409457
2226191363587765	2226191404709611	2226191375961688
2226191380171765	2226191421439765	2226191392600765
2226191400076457	2226191438105534	2226191409338688
2226191425317918	2226191454822072	2226191430496688
2226191437020380	2226191471469765	2226191442711995
2226191447669688	2226191488166380	2226191459357380
2226191464022226	2226191504844226	2226191476036380
2226191481074149	2226191521523841	2226191492751380
2226191498352149	2226191538210457	2226191509394457
2226191513709072	2226191554930995	2226191526067457
2226191531422688	2226191571589303	2226191542763995
2226191550269149	2226191588268303	2226191559517380
2226191564300841	2226191604938918	2226191576171611
2226191588779765	2226191621620380	2226191594013380
2226191605063457	2226191638309380	2226191610353918
2226191617038534	2226191655041303	2226191626218226
2226191630553149	2226191671670918	2226191643031380
2226191648907072	2226191688399457	2226191659738765
2226191664327611	2226191705027842	2226191676356149
2226191683056918	2226191721712226	2226191693018995
2226191697816765	2226191738482688	2226191709647149
2226191714700226	2226191755080995	2226191726345765
2226191730783226	2226191771797842	2226191743240226
2226191749633149	2226191788446226	2226191759738534
2226191765030918	2226191805155303	2226191776449918
2226191782315995	2226191821827380	2226191793174380
2226191801062842	2226191838536072	2226191809949226
2226191826485380	2226191855199380	2226191831863149
2226191837991842	2226191871871688	2226191843831534
2226191852347303	2226191888552534	2226191859851226
2226191864205072	2226191905246842	2226191876649995
2226191882276765	2226191921917611	2226191893200072
2226191898649842	2226191938569226	2226191909919226
2226191915304457	2226191955283995	2226191926590380
2226191932259457	2226191971976918	2226191943246765
2226191948383534	2226191988643303	2226191959938534
2226191965898995	2226192005322688	2226191976660380
2226191980807534	2226192022016995	2226191993297457
2226191999000072	2226192038690765	2226192010074611
2226192016743534	2226192055365995	2226192026905918
2226192033751303	2226192072070534	2226192043368226
2226192050758765	2226192088765611	2226192060062380
2226192064299611	2226192105559072	2226192078380765
2226192081788534	2226192122132611	2226192093435611
2226192098847149	2226192138796765	2226192110258072
2226192117569765	2226192155616380	2226192126811611
2226192132225457	2226192172166842	2226192143501303
2226192148823765	2226192188859380	2226192160433688
2226192165710918	2226192205566918	2226192177160765
2226192182208226	2226192222220226	2226192193520688
2226192198598842	2226192238906842	2226192210361457
2226192215907765	2226192255582918	2226192226994303
2226192234146457	2226192272260765	2226192243562226
2226192248278226	2226192288953995	2226192260215611
2226192265136380	2226192305631380	2226192276897457
2226192283352072	2226192322349995	2226192293596380
2226192298718072	2226192339046995	2226192310363995
2226192318361842	2226192355668226	2226192326985457
2226192331593688	2226192372404765	2226192343676688
2226192348973149	2226192389060457	2226192360343611
2226192364670611	2226192405746688	2226192377059149
2226192383528380	2226192422433149	2226192393706688
2226192399427842	2226192439073226	2226192410411995
2226192420637688	2226192455796226	2226192427071380
2226192431812072	2226192472471072	2226192443748226
2226192450963842	2226192489164457	2226192460521149
2226192465063380	2226192506184380	2226192477144842
2226192482925457	2226192522505457	2226192493822303
2226192498756380	2226192539271149	2226192510914688
2226192517116842	2226192555923918	2226192527199688
2226192532729688	2226192572585534	2226192543949457
2226192548115072	2226192589280226	2226192560558303
2226192565864918	2226192605996303	2226192577229149
2226192582723918	2226192622628380	2226192594208226
2226192599404995	2226192639324072	2226192610719380
2226192616687380	2226192656062765	2226192627229303
2226192632376995	2226192672699918	2226192643955149
2226192648535995	2226192689366995	2226192660735072
2226192665425688	2226192706011765	2226192677320918
2226192683055765	2226192722705380	2226192693949765
2226192699135688	2226192739389995	2226192710615457
2226192716081380	2226192756089611	2226192727302688
2226192734034918	2226192772757303	2226192744046149
2226192749253303	2226192789429380	2226192760662303
2226192768619995	2226192806157457	2226192777411226
2226192782324918	2226192822847688	2226192794011534
2226192802707457	2226192839520918	2226192810858842
2226192817069072	2226192856179072	2226192827566918
2226192836230303	2226192872894688	2226192844106688
2226192855013072	2226192889577688	2226192860828457
2226192877089842	2226192906319688	2226192884076380
2226192886589303	2226192922931611	2226192894095918
2226192898832534	2226192939580842	2226192910873457
2226192915824303	2226192956344765	2226192927493688
2226192932357611	2226192972985303	2226192944194842
2226192949432842	2226192989659918	2226192960931765
2226192966265918	2226193006356380	2226192977515918
2226192982868457	2226193023055688	2226192994147072
2226192998731611	2226193039691072	2226193010905995
2226193015051072	2226193056389303	2226193031045842
2226193033807611	2226193073051149	2226193044217303
2226193052841688	2226193089764457	2226193060863995
2226193065332611	2226193106417919	2226193077558611
2226193083162534	2226193123137842	2226193094308072
2226193098772995	2226193139786457	2226193110904688
2226193117874457	2226193156491072	2226193127670842
2226193133938303	2226193173152226	2226193144268072
2226193151874534	2226193189873765	2226193160931842
2226193165357149	2226193206583919	2226193178811226
2226193184607688	2226193223219995	2226193194349919
2226193200090072	2226193239901149	2226193211058303
2226193221316457	2226193256637457	2226193227755534
2226193237258534	2226193273258765	2226193244368995
2226193249577611	2226193289955995	2226193261103919
2226193266871072	2226193306658226	2226193277727226

