695 1000 (GraphicsStats-d) S 333 333 0 0 -1 1077936448 2496 450980 2663 220 45 235 1230 2214 30 10 307 0 5680 2169884672 24947 18446744073709551615 1 1 0 0 0 0 4612 1 1073775864 0 0 0 -1 1 0 0 0 0 0 0 0 0 0 0 0 0 0
695 10009 (LogRetentionJob) S 333 333 0 0 -1 1077936192 13 450980 6 220 0 0 1230 2214 20 0 307 0 268025958 2169884672 24947 18446744073709551615 1 1 0 0 0 0 4612 1 1073775864 0 0 0 -1 3 0 0 0 0 0 0 0 0 0 0 0 0 0
695 1002 (BlobStore) S 333 333 0 0 -1 1077936192 238 450980 20 220 2 8 1230 2214 20 0 307 0 5681 2169884672 24947 18446744073709551615 1 1 0 0 0 0 4612 1 1073775864 0 0 0 -1 1 0 0 0 0 0 0 0 0 0 0 0 0 0
695 1003 (SessionRecordTh) S 333 333 0 0 -1 1077936192 116 450980 330 220 0 12 1230 2214 20 0 307 0 5681 2169884672 24947 18446744073709551615 1 1 0 0 0 0 4612 1 1073775864 0 0 0 -1 3 0 0 0 0 0 0 0 0 0 0 0 0 0
695 1004 (Hdmi Control Io) S 333 333 0 0 -1 1077936192 1443 450980 159 220 37 35 1230 2214 20 0 307 0 5681 2169884672 24947 18446744073709551615 1 1 0 0 0 0 4612 1 1073775864 0 0 0 -1 0 0 0 0 0 0 0 0 0 0 0 0 0 0
695 1005 (SliceManagerSer) S 333 333 0 0 -1 1077936192 261 450980 54 220 1 0 1230 2214 30 10 307 0 5685 2169884672 24947 18446744073709551615 1 1 0 0 0 0 4612 1 1073775864 0 0 0 -1 3 0 0 0 0 0 0 0 0 0 0 0 0 0
695 1006 (StatsCompanionS) S 333 333 0 0 -1 1077936192 5 450980 0 220 0 0 1230 2214 20 0 307 0 5686 2169884672 24947 18446744073709551615 1 1 0 0 0 0 4612 1 1073775864 0 0 0 -1 3 0 0 0 0 0 0 0 0 0 0 0 0 0
695 1012 (FireTvDeepLinkS) S 333 333 0 0 -1 1077936192 5 450980 0 220 0 0 1230 2214 25 5 307 0 5704 2169884672 24947 18446744073709551615 1 1 0 0 0 0 4612 1 1073775864 0 0 0 -1 2 0 0 0 0 0 0 0 0 0 0 0 0 0
695 10124 (LogRetentionJob) S 333 333 0 0 -1 1077936192 10 450980 0 220 0 0 1230 2214 20 0 307 0 129792585 2169884672 24947 18446744073709551615 1 1 0 0 0 0 4612 1 1073775864 0 0 0 -1 3 0 0 0 0 0 0 0 0 0 0 0 0 0
695 1013 (AmazonInputMana) S 333 333 0 0 -1 1077936192 256 450980 64 220 1 5 1230 2214 25 5 307 0 5704 2169884672 24947 18446744073709551615 1 1 0 0 0 0 4612 1 1073775864 0 0 0 -1 0 0 0 0 0 0 0 0 0 0 0 0 0 0
695 1014 (ArcusHandlerThr) S 333 333 0 0 -1 1077936448 4422 450980 4449 220 141 264 1230 2214 20 0 307 0 5708 2169884672 24947 18446744073709551615 1 1 0 0 0 0 4612 1 1073775864 0 0 0 -1 3 0 0 0 0 0 0 0 0 0 0 0 0 0
695 1015 (LogRetentionJob) S 333 333 0 0 -1 1077936192 18 450980 7 220 0 0 1230 2214 20 0 307 0 5708 2169884672 24947 18446744073709551615 1 1 0 0 0 0 4612 1 1073775864 0 0 0 -1 2 0 0 0 0 0 0 0 0 0 0 0 0 0
695 1016 (AmzWifiDisplayM) S 333 333 0 0 -1 1077936192 6 450980 0 220 0 0 1230 2214 20 0 307 0 5709 2169884672 24947 18446744073709551615 1 1 0 0 0 0 4612 1 1073775864 0 0 0 -1 2 0 0 0 0 0 0 0 0 0 0 0 0 0
695 1017 (AmazonAudioServ) S 333 333 0 0 -1 1077936192 70 450980 5 220 2 0 1230 2214 20 0 307 0 5709 2169884672 24947 18446744073709551615 1 1 0 0 0 0 4612 1 1073775864 0 0 0 -1 1 0 0 0 0 0 0 0 0 0 0 0 0 0
695 1018 (EventHandler) S 333 333 0 0 -1 1077936192 26 450980 0 220 0 0 1230 2214 20 0 307 0 5709 2169884672 24947 18446744073709551615 1 1 0 0 0 0 4612 1 1073775864 0 0 0 -1 1 0 0 0 0 0 0 0 0 0 0 0 0 0
695 1019 (AmazonWifiServi) S 333 333 0 0 -1 1077936192 3304 450980 610 220 163 80 1230 2214 20 0 307 0 5711 2169884672 24947 18446744073709551615 1 1 0 0 0 0 4612 1 1073775864 0 0 0 -1 1 0 0 0 0 0 0 0 0 0 0 0 0 0
695 1020 (AmazonNetworkUn) S 333 333 0 0 -1 1077936192 88 450980 16 220 2 0 1230 2214 20 0 307 0 5712 2169884672 24947 18446744073709551615 1 1 0 0 0 0 4612 1 1073775864 0 0 0 -1 3 0 0 0 0 0 0 0 0 0 0 0 0 0
695 1021 (AmazonProfileSe) S 333 333 0 0 -1 1077936192 3289 450980 453 220 53 35 1230 2214 25 5 307 0 5713 2169884672 24947 18446744073709551615 1 1 0 0 0 0 4612 1 1073775864 0 0 0 -1 2 0 0 0 0 0 0 0 0 0 0 0 0 0
695 1022 (wakeup_thread) S 333 333 0 0 -1 1077936192 6 450980 0 220 0 0 1230 2214 20 0 307 0 5713 2169884672 24947 18446744073709551615 1 1 0 0 0 0 4612 1 1073775864 0 0 0 -1 2 0 0 0 0 0 0 0 0 0 0 0 0 0
695 1023 (PactArcusHelper) S 333 333 0 0 -1 1077936192 145 450980 90 220 1 2 1230 2214 20 0 307 0 5713 2169884672 24947 18446744073709551615 1 1 0 0 0 0 4612 1 1073775864 0 0 0 -1 3 0 0 0 0 0 0 0 0 0 0 0 0 0
695 1025 (APSArcusHelper) S 333 333 0 0 -1 1077936192 145 450980 97 220 3 1 1230 2214 20 0 307 0 5713 2169884672 24947 18446744073709551615 1 1 0 0 0 0 4612 1 1073775864 0 0 0 -1 3 0 0 0 0 0 0 0 0 0 0 0 0 0
695 1026 (DeviceModelInfo) S 333 333 0 0 -1 1077936192 4 450980 0 220 0 0 1230 2214 25 5 307 0 5714 2169884672 24947 18446744073709551615 1 1 0 0 0 0 4612 1 1073775864 0 0 0 -1 1 0 0 0 0 0 0 0 0 0 0 0 0 0
695 1027 (AmazonHdmiServi) S 333 333 0 0 -1 1077936192 355 450980 218 220 7 11 1230 2214 20 0 307 0 5715 2169884672 24947 18446744073709551615 1 1 0 0 0 0 4612 1 1073775864 0 0 0 -1 0 0 0 0 0 0 0 0 0 0 0 0 0 0
695 1028 (AmazonBuellerSh) S 333 333 0 0 -1 1077936192 8 450980 0 220 0 0 1230 2214 20 0 307 0 5715 2169884672 24947 18446744073709551615 1 1 0 0 0 0 4612 1 1073775864 0 0 0 -1 0 0 0 0 0 0 0 0 0 0 0 0 0 0
695 1029 (FireTvLedManage) S 333 333 0 0 -1 1077936192 7 450980 0 220 0 0 1230 2214 20 0 307 0 5722 2169884672 24947 18446744073709551615 1 1 0 0 0 0 4612 1 1073775864 0 0 0 -1 2 0 0 0 0 0 0 0 0 0 0 0 0 0
695 1030 (Timer-0) S 333 333 0 0 -1 1077936192 138562 450980 557 220 1700 1474 1230 2214 20 0 307 0 5724 2169884672 24947 18446744073709551615 1 1 0 0 0 0 4612 1 1073775864 0 0 0 -1 0 0 0 0 0 0 0 0 0 0 0 0 0 0
695 1031 (TemperatureObse) S 333 333 0 0 -1 1077936192 441 450980 77 220 3 2 1230 2214 30 10 307 0 5724 2169884672 24947 18446744073709551615 1 1 0 0 0 0 4612 1 1073775864 0 0 0 -1 1 0 0 0 0 0 0 0 0 0 0 0 0 0
695 1032 (ThermalEventMon) S 333 333 0 0 -1 1077936192 3122 450980 297 220 38 21 1230 2214 30 10 307 0 5725 2169884672 24947 18446744073709551615 1 1 0 0 0 0 4612 1 1073775864 0 0 0 -1 3 0 0 0 0 0 0 0 0 0 0 0 0 0
695 1033 (CloudPairingAma) S 333 333 0 0 -1 1077936192 6 450980 0 220 0 0 1230 2214 20 0 307 0 5727 2169884672 24947 18446744073709551615 1 1 0 0 0 0 4612 1 1073775864 0 0 0 -1 2 0 0 0 0 0 0 0 0 0 0 0 0 0
695 1034 (CirrusThread) S 333 333 0 0 -1 1077936192 53 450980 31 220 0 0 1230 2214 30 10 307 0 5727 2169884672 24947 18446744073709551615 1 1 0 0 0 0 4612 1 1073775864 0 0 0 -1 2 0 0 0 0 0 0 0 0 0 0 0 0 0
695 1035 (RuntimePersiste) S 333 333 0 0 -1 1077936448 3843 450980 261 220 111 70 1230 2214 20 0 307 0 5727 2169884672 24947 18446744073709551615 1 1 0 0 0 0 4612 1 1073775864 0 0 0 -1 3 0 0 0 0 0 0 0 0 0 0 0 0 0
695 1036 (AmazonUsageStat) S 333 333 0 0 -1 1077936192 6590 450980 2540 220 194 153 1230 2214 30 10 307 0 5728 2169884672 24947 18446744073709551615 1 1 0 0 0 0 4612 1 1073775864 0 0 0 -1 0 0 0 0 0 0 0 0 0 0 0 0 0 0
695 1039 (AmaMessageHandl) S 333 333 0 0 -1 1077936192 5 450980 0 220 0 0 1230 2214 20 0 307 0 5730 2169884672 24947 18446744073709551615 1 1 0 0 0 0 4612 1 1073775864 0 0 0 -1 3 0 0 0 0 0 0 0 0 0 0 0 0 0
695 1040 (DfuWorker) S 333 333 0 0 -1 1077936192 7 450980 0 220 0 0 1230 2214 20 0 307 0 5730 2169884672 24947 18446744073709551615 1 1 0 0 0 0 4612 1 1073775864 0 0 0 -1 1 0 0 0 0 0 0 0 0 0 0 0 0 0
695 1041 (DiscoveryWorker) S 333 333 0 0 -1 1077936192 6 450980 0 220 0 0 1230 2214 20 0 307 0 5730 2169884672 24947 18446744073709551615 1 1 0 0 0 0 4612 1 1073775864 0 0 0 -1 0 0 0 0 0 0 0 0 0 0 0 0 0 0
695 1042 (BulkDataWorker) S 333 333 0 0 -1 1077936192 5 450980 0 220 0 0 1230 2214 20 0 307 0 5730 2169884672 24947 18446744073709551615 1 1 0 0 0 0 4612 1 1073775864 0 0 0 -1 3 0 0 0 0 0 0 0 0 0 0 0 0 0
695 1043 (CloudPairingWor) S 333 333 0 0 -1 1077936192 8 450980 0 220 0 0 1230 2214 20 0 307 0 5730 2169884672 24947 18446744073709551615 1 1 0 0 0 0 4612 1 1073775864 0 0 0 -1 1 0 0 0 0 0 0 0 0 0 0 0 0 0
695 1044 (CrashReporterSe) S 333 333 0 0 -1 1077936192 39 450980 1 220 0 0 1230 2214 25 5 307 0 5731 2169884672 24947 18446744073709551615 1 1 0 0 0 0 4612 1 1073775864 0 0 0 -1 0 0 0 0 0 0 0 0 0 0 0 0 0 0
695 1045 (AmazonProtometr) S 333 333 0 0 -1 1077936192 13140 450980 1568 220 308 114 1230 2214 30 10 307 0 5731 2169884672 24947 18446744073709551615 1 1 0 0 0 0 4612 1 1073775864 0 0 0 -1 1 0 0 0 0 0 0 0 0 0 0 0 0 0
695 1047 (MetricsHandler) S 333 333 0 0 -1 1077936192 334 450980 155 220 15 9 1230 2214 20 0 307 0 5732 2169884672 24947 18446744073709551615 1 1 0 0 0 0 4612 1 1073775864 0 0 0 -1 3 0 0 0 0 0 0 0 0 0 0 0 0 0
695 1048 (AccessoryServic) S 333 333 0 0 -1 1077936192 6 450980 0 220 0 0 1230 2214 20 0 307 0 5732 2169884672 24947 18446744073709551615 1 1 0 0 0 0 4612 1 1073775864 0 0 0 -1 3 0 0 0 0 0 0 0 0 0 0 0 0 0
695 1049 (AmazonEmmcConsu) S 333 333 0 0 -1 1077936192 12175 450980 1178 220 301 116 1230 2214 30 10 307 0 5732 2169884672 24947 18446744073709551615 1 1 0 0 0 0 4612 1 1073775864 0 0 0 -1 0 0 0 0 0 0 0 0 0 0 0 0 0 0
695 1050 (ice.EventHelper) S 333 333 0 0 -1 1077936192 6 450980 0 220 0 0 1230 2214 20 0 307 0 5732 2169884672 24947 18446744073709551615 1 1 0 0 0 0 4612 1 1073775864 0 0 0 -1 0 0 0 0 0 0 0 0 0 0 0 0 0 0
695 10507 (AmazonFingerPri) S 333 333 0 0 -1 1077936192 11 450980 3 220 0 0 1230 2214 30 10 307 0 259566254 2169884672 24947 18446744073709551615 1 1 0 0 0 0 4612 1 1073775864 0 0 0 -1 3 0 0 0 0 0 0 0 0 0 0 0 0 0
695 1051 (ice.EventHelper) S 333 333 0 0 -1 1077936192 6 450980 0 220 0 0 1230 2214 20 0 307 0 5732 2169884672 24947 18446744073709551615 1 1 0 0 0 0 4612 1 1073775864 0 0 0 -1 0 0 0 0 0 0 0 0 0 0 0 0 0 0
695 1052 (ice.EventHelper) S 333 333 0 0 -1 1077936192 7 450980 0 220 0 0 1230 2214 20 0 307 0 5733 2169884672 24947 18446744073709551615 1 1 0 0 0 0 4612 1 1073775864 0 0 0 -1 3 0 0 0 0 0 0 0 0 0 0 0 0 0
695 1053 (ice.EventHelper) S 333 333 0 0 -1 1077936192 8 450980 0 220 0 0 1230 2214 20 0 307 0 5733 2169884672 24947 18446744073709551615 1 1 0 0 0 0 4612 1 1073775864 0 0 0 -1 1 0 0 0 0 0 0 0 0 0 0 0 0 0
695 1054 (ice.EventHelper) S 333 333 0 0 -1 1077936192 5 450980 0 220 0 0 1230 2214 20 0 307 0 5733 2169884672 24947 18446744073709551615 1 1 0 0 0 0 4612 1 1073775864 0 0 0 -1 0 0 0 0 0 0 0 0 0 0 0 0 0 0
695 1055 (ice.EventHelper) S 333 333 0 0 -1 1077936192 6 450980 0 220 0 0 1230 2214 20 0 307 0 5733 2169884672 24947 18446744073709551615 1 1 0 0 0 0 4612 1 1073775864 0 0 0 -1 2 0 0 0 0 0 0 0 0 0 0 0 0 0
695 1056 (ice.EventHelper) S 333 333 0 0 -1 1077936192 6 450980 0 220 0 0 1230 2214 20 0 307 0 5733 2169884672 24947 18446744073709551615 1 1 0 0 0 0 4612 1 1073775864 0 0 0 -1 2 0 0 0 0 0 0 0 0 0 0 0 0 0
695 1057 (ice.EventHelper) S 333 333 0 0 -1 1077936192 7 450980 0 220 0 0 1230 2214 20 0 307 0 5733 2169884672 24947 18446744073709551615 1 1 0 0 0 0 4612 1 1073775864 0 0 0 -1 2 0 0 0 0 0 0 0 0 0 0 0 0 0
695 1058 (ice.EventHelper) S 333 333 0 0 -1 1077936192 7 450980 0 220 0 0 1230 2214 20 0 307 0 5733 2169884672 24947 18446744073709551615 1 1 0 0 0 0 4612 1 1073775864 0 0 0 -1 1 0 0 0 0 0 0 0 0 0 0 0 0 0
695 1059 (ice.EventHelper) S 333 333 0 0 -1 1077936192 5 450980 0 220 0 0 1230 2214 20 0 307 0 5733 2169884672 24947 18446744073709551615 1 1 0 0 0 0 4612 1 1073775864 0 0 0 -1 0 0 0 0 0 0 0 0 0 0 0 0 0 0
695 1060 (ice.EventHelper) S 333 333 0 0 -1 1077936192 8 450980 0 220 0 0 1230 2214 20 0 307 0 5733 2169884672 24947 18446744073709551615 1 1 0 0 0 0 4612 1 1073775864 0 0 0 -1 2 0 0 0 0 0 0 0 0 0 0 0 0 0
695 1061 (ice.EventHelper) S 333 333 0 0 -1 1077936192 7 450980 0 220 0 0 1230 2214 20 0 307 0 5733 2169884672 24947 18446744073709551615 1 1 0 0 0 0 4612 1 1073775864 0 0 0 -1 1 0 0 0 0 0 0 0 0 0 0 0 0 0
695 1062 (OomAdjustment H) S 333 333 0 0 -1 1077936192 1046 450980 1121 220 4 134 1230 2214 30 10 307 0 5734 2169884672 24947 18446744073709551615 1 1 0 0 0 0 4612 1 1073775864 0 0 0 -1 0 0 0 0 0 0 0 0 0 0 0 0 0 0
695 1063 (Favorite apps H) S 333 333 0 0 -1 1077936192 7 450980 0 220 0 0 1230 2214 30 10 307 0 5734 2169884672 24947 18446744073709551615 1 1 0 0 0 0 4612 1 1073775864 0 0 0 -1 2 0 0 0 0 0 0 0 0 0 0 0 0 0
695 1064 (Metrics Handler) S 333 333 0 0 -1 1077936192 6 450980 0 220 0 0 1230 2214 30 10 307 0 5734 2169884672 24947 18446744073709551615 1 1 0 0 0 0 4612 1 1073775864 0 0 0 -1 1 0 0 0 0 0 0 0 0 0 0 0 0 0
695 1065 (Prewarm Handler) S 333 333 0 0 -1 1077936192 1766 450980 550 220 71 50 1230 2214 30 10 307 0 5734 2169884672 24947 18446744073709551615 1 1 0 0 0 0 4612 1 1073775864 0 0 0 -1 1 0 0 0 0 0 0 0 0 0 0 0 0 0
695 1066 (AmazonPowerMana) S 333 333 0 0 -1 1077936192 60 450980 22 220 0 0 1230 2214 25 5 307 0 5734 2169884672 24947 18446744073709551615 1 1 0 0 0 0 4612 1 1073775864 0 0 0 -1 2 0 0 0 0 0 0 0 0 0 0 0 0 0
695 1067 (EveThread) S 333 333 0 0 -1 1077936192 121453 450980 10085 220 6310 2872 1230 2214 30 10 307 0 5734 2169884672 24947 18446744073709551615 1 1 0 0 0 0 4612 1 1073775864 0 0 0 -1 3 0 0 0 0 0 0 0 0 0 0 0 0 0
695 1068 (EthernetService) S 333 333 0 0 -1 1077936192 5986 450980 336 220 89 62 1230 2214 20 0 307 0 5744 2169884672 24947 18446744073709551615 1 1 0 0 0 0 4612 1 1073775864 0 0 0 -1 1 0 0 0 0 0 0 0 0 0 0 0 0 0
695 1072 (KeyMapManager) S 333 333 0 0 -1 1077936192 582 450980 0 220 7 1 1230 2214 25 5 307 0 5747 2169884672 24947 18446744073709551615 1 1 0 0 0 0 4612 1 1073775864 0 0 0 -1 2 0 0 0 0 0 0 0 0 0 0 0 0 0
695 1074 (MCL-ArcusHelper) S 333 333 0 0 -1 1077936192 255 450980 113 220 2 6 1230 2214 20 0 307 0 5748 2169884672 24947 18446744073709551615 1 1 0 0 0 0 4612 1 1073775864 0 0 0 -1 0 0 0 0 0 0 0 0 0 0 0 0 0 0
695 1075 (HealthServiceHw) S 333 333 0 0 -1 1077936192 9 450980 0 220 0 0 1230 2214 20 0 307 0 5748 2169884672 24947 18446744073709551615 1 1 0 0 0 0 4612 1 1073775864 0 0 0 -1 2 0 0 0 0 0 0 0 0 0 0 0 0 0
695 1080 (Thread-11) S 333 333 0 0 -1 1077936192 1331541 450980 11629 220 93963 14024 1230 2214 20 0 307 0 5757 2169884672 24947 18446744073709551615 1 1 0 0 0 0 4612 1 1073775864 0 0 0 -1 2 0 0 0 0 0 0 0 0 0 0 0 0 0
695 10809 (LogRetentionJob) S 333 333 0 0 -1 1077936192 12 450980 0 220 0 0 1230 2214 20 0 307 0 60675708 2169884672 24947 18446744073709551615 1 1 0 0 0 0 4612 1 1073775864 0 0 0 -1 1 0 0 0 0 0 0 0 0 0 0 0 0 0
695 1082 (WifiManagerThre) S 333 333 0 0 -1 1077936192 459 450980 13 220 24 3 1230 2214 20 0 307 0 5758 2169884672 24947 18446744073709551615 1 1 0 0 0 0 4612 1 1073775864 0 0 0 -1 0 0 0 0 0 0 0 0 0 0 0 0 0 0
695 1084 (AmazonWifiTherm) S 333 333 0 0 -1 1077936192 130 450980 35 220 0 1 1230 2214 20 0 307 0 5760 2169884672 24947 18446744073709551615 1 1 0 0 0 0 4612 1 1073775864 0 0 0 -1 0 0 0 0 0 0 0 0 0 0 0 0 0 0
695 1085 (AmazonInputMana) S 333 333 0 0 -1 1077936192 15057 450980 258 220 172 16 1230 2214 20 0 307 0 5760 2169884672 24947 18446744073709551615 1 1 0 0 0 0 4612 1 1073775864 0 0 0 -1 1 0 0 0 0 0 0 0 0 0 0 0 0 0
695 1086 (AmazonWifiTherm) S 333 333 0 0 -1 1077936192 5 450980 0 220 0 0 1230 2214 20 0 307 0 5761 2169884672 24947 18446744073709551615 1 1 0 0 0 0 4612 1 1073775864 0 0 0 -1 0 0 0 0 0 0 0 0 0 0 0 0 0 0
695 10866 (Binder:695_1A) S 333 333 0 0 -1 1077936448 210486 450980 6905 220 24397 10660 1230 2214 20 0 307 0 25751 2169884672 24947 18446744073709551615 1 1 0 0 0 4096 4612 1 1073775864 0 0 0 -1 0 0 0 0 0 0 0 0 0 0 0 0 0 0
695 1090 (queued-work-loo) S 333 333 0 0 -1 1077936192 10469 450980 206 220 334 650 1230 2214 18 -2 307 0 5762 2169884672 24947 18446744073709551615 1 1 0 0 0 0 4612 1 1073775864 0 0 0 -1 0 0 0 0 0 0 0 0 0 0 0 0 0 0
695 1092 (GenericAppAdapt) S 333 333 0 0 -1 1077936192 7 450980 0 220 0 0 1230 2214 25 5 307 0 5765 2169884672 24947 18446744073709551615 1 1 0 0 0 0 4612 1 1073775864 0 0 0 -1 2 0 0 0 0 0 0 0 0 0 0 0 0 0
695 1093 (Binder:695_4) S 333 333 0 0 -1 1077936448 115672 450980 5742 220 12446 5472 1230 2214 20 0 307 0 5765 2169884672 24947 18446744073709551615 1 1 0 0 0 0 4612 1 1073775864 0 0 0 -1 2 0 0 0 0 0 0 0 0 0 0 0 0 0
695 1102 (LiveTvAppLaunch) S 333 333 0 0 -1 1077936192 5 450980 0 220 0 0 1230 2214 25 5 307 0 5768 2169884672 24947 18446744073709551615 1 1 0 0 0 0 4612 1 1073775864 0 0 0 -1 3 0 0 0 0 0 0 0 0 0 0 0 0 0
695 1103 (AudioArcusHelpe) S 333 333 0 0 -1 1077936192 7469 450980 153 220 128 10 1230 2214 20 0 307 0 5768 2169884672 24947 18446744073709551615 1 1 0 0 0 0 4612 1 1073775864 0 0 0 -1 0 0 0 0 0 0 0 0 0 0 0 0 0 0
695 1105 (AmazonInputMana) S 333 333 0 0 -1 1077936192 529 450980 138 220 3 3 1230 2214 20 0 307 0 5769 2169884672 24947 18446744073709551615 1 1 0 0 0 0 4612 1 1073775864 0 0 0 -1 3 0 0 0 0 0 0 0 0 0 0 0 0 0
695 1106 (DenyListArcusHe) S 333 333 0 0 -1 1077936192 5 450980 0 220 0 0 1230 2214 20 0 307 0 5769 2169884672 24947 18446744073709551615 1 1 0 0 0 0 4612 1 1073775864 0 0 0 -1 1 0 0 0 0 0 0 0 0 0 0 0 0 0
695 1108 (WifiDiagsQueueT) S 333 333 0 0 -1 1077936192 262669 450980 1577 220 14384 11740 1230 2214 20 0 307 0 5770 2169884672 24947 18446744073709551615 1 1 0 0 0 0 4612 1 1073775864 0 0 0 -1 2 0 0 0 0 0 0 0 0 0 0 0 0 0
695 1110 (NetWatchDogQueu) S 333 333 0 0 -1 1077936192 40 450980 48 220 22 52 1230 2214 20 0 307 0 5771 2169884672 24947 18446744073709551615 1 1 0 0 0 0 4612 1 1073775864 0 0 0 -1 3 0 0 0 0 0 0 0 0 0 0 0 0 0
695 1111 (TimeServiceThre) S 333 333 0 0 -1 1077936448 1472 450980 154 220 28 29 1230 2214 20 0 307 0 5771 2169884672 24947 18446744073709551615 1 1 0 0 0 0 4612 1 1073775864 0 0 0 -1 0 0 0 0 0 0 0 0 0 0 0 0 0 0
695 1112 (TimeServiceNetw) S 333 333 0 0 -1 1077936192 5 450980 0 220 0 0 1230 2214 20 0 307 0 5771 2169884672 24947 18446744073709551615 1 1 0 0 0 0 4612 1 1073775864 0 0 0 -1 3 0 0 0 0 0 0 0 0 0 0 0 0 0
695 1114 (AMA Callback Na) S 333 333 0 0 -1 1077936192 6 450980 0 220 0 0 1230 2214 18 -2 307 0 5772 2169884672 24947 18446744073709551615 1 1 0 0 0 0 4612 1 1073775864 0 0 0 -1 0 0 0 0 0 0 0 0 0 0 0 0 0 0
695 1116 (Binder:695_5) S 333 333 0 0 -1 1077936448 123104 450980 5752 220 14043 6131 1230 2214 20 0 307 0 5772 2169884672 24947 18446744073709551615 1 1 0 0 0 0 4612 1 1073775864 0 0 0 -1 0 0 0 0 0 0 0 0 0 0 0 0 0 0
695 1119 (TestMetricBuffe) S 333 333 0 0 -1 1077936192 5 450980 0 220 0 0 1230 2214 20 0 307 0 5773 2169884672 24947 18446744073709551615 1 1 0 0 0 0 4612 1 1073775864 0 0 0 -1 0 0 0 0 0 0 0 0 0 0 0 0 0 0
695 1121 (BspConsumer) S 333 333 0 0 -1 1077936192 151 450980 3 220 4 5 1230 2214 20 0 307 0 5775 2169884672 24947 18446744073709551615 1 1 0 0 0 0 4612 1 1073775864 0 0 0 -1 1 0 0 0 0 0 0 0 0 0 0 0 0 0
695 1124 (TaskSnapshotPer) S 333 333 0 0 -1 1077936192 719 450980 224 220 17 18 1230 2214 30 10 307 0 5775 2169884672 24947 18446744073709551615 1 1 0 0 0 0 4612 1 1073775864 0 0 0 -1 0 0 0 0 0 0 0 0 0 0 0 0 0 0
695 1125 (PhotonicModulat) S 333 333 0 0 -1 1077936192 326 450980 71 220 12 6 1230 2214 20 0 307 0 5777 2169884672 24947 18446744073709551615 1 1 0 0 0 0 4612 1 1073775864 0 0 0 -1 0 0 0 0 0 0 0 0 0 0 0 0 0 0
695 1130 (ContextualSSArc) S 333 333 0 0 -1 1077936192 163 450980 87 220 2 1 1230 2214 20 0 307 0 5780 2169884672 24947 18446744073709551615 1 1 0 0 0 0 4612 1 1073775864 0 0 0 -1 0 0 0 0 0 0 0 0 0 0 0 0 0 0
695 1132 (HomeLauncherArc) S 333 333 0 0 -1 1077936192 1126 450980 77 220 6 4 1230 2214 20 0 307 0 5782 2169884672 24947 18446744073709551615 1 1 0 0 0 0 4612 1 1073775864 0 0 0 -1 2 0 0 0 0 0 0 0 0 0 0 0 0 0
695 1151 (AmazonPmArcusUt) S 333 333 0 0 -1 1077936192 81 450980 4 220 1 0 1230 2214 20 0 307 0 5834 2169884672 24947 18446744073709551615 1 1 0 0 0 0 4612 1 1073775864 0 0 0 -1 3 0 0 0 0 0 0 0 0 0 0 0 0 0
695 1159 (SyncManager) S 333 333 0 0 -1 1077936448 64841 450980 1266 220 1668 744 1230 2214 30 10 307 0 5844 2169884672 24947 18446744073709551615 1 1 0 0 0 0 4612 1 1073775864 0 0 0 -1 3 0 0 0 0 0 0 0 0 0 0 0 0 0
695 1160 (Binder:695_6) S 333 333 0 0 -1 1077936448 114988 450980 5716 220 12924 5915 1230 2214 20 0 307 0 5848 2169884672 24947 18446744073709551615 1 1 0 0 0 0 4612 1 1073775864 0 0 0 -1 0 0 0 0 0 0 0 0 0 0 0 0 0 0
695 1162 (SyncHandler-0) S 333 333 0 0 -1 1077936192 1576 450980 19 220 12 20 1230 2214 20 0 307 0 5857 2169884672 24947 18446744073709551615 1 1 0 0 0 0 4612 1 1073775864 0 0 0 -1 2 0 0 0 0 0 0 0 0 0 0 0 0 0
695 1184 (UsbService host) S 333 333 0 0 -1 4194368 14 450980 22 220 0 0 1230 2214 20 0 307 0 5872 2169884672 24947 18446744073709551615 1 1 0 0 0 0 4612 1 1073775864 0 0 0 -1 1 0 0 0 0 0 0 0 0 0 0 0 0 0
695 11891 (Binder:695_1B) S 333 333 0 0 -1 1077936448 227268 450980 5686 220 24967 11092 1230 2214 20 0 307 0 31185 2169884672 24947 18446744073709551615 1 1 0 0 0 0 4612 1 1073775864 0 0 0 -1 2 0 0 0 0 0 0 0 0 0 0 0 0 0
695 11941 (Binder:695_1C) S 333 333 0 0 -1 1077936448 216944 450980 6822 220 27713 12669 1230 2214 20 0 307 0 31264 2169884672 24947 18446744073709551615 1 1 0 0 0 0 4612 1 1073775864 0 0 0 -1 0 0 0 0 0 0 0 0 0 0 0 0 0 0
695 12141 (LogRetentionJob) S 333 333 0 0 -1 1077936192 8 450980 0 220 0 0 1230 2214 20 0 307 0 26111907 2169884672 24947 18446744073709551615 1 1 0 0 0 0 4612 1 1073775864 0 0 0 -1 3 0 0 0 0 0 0 0 0 0 0 0 0 0
695 12201 (AmazonFingerPri) S 333 333 0 0 -1 1077936192 7 450980 1 220 0 0 1230 2214 30 10 307 0 268212254 2169884672 24947 18446744073709551615 1 1 0 0 0 0 4612 1 1073775864 0 0 0 -1 2 0 0 0 0 0 0 0 0 0 0 0 0 0
695 12222 (Binder:695_1D) S 333 333 0 0 -1 1077936448 259889 450980 6241 220 32258 14469 1230 2214 20 0 307 0 34633 2169884672 24947 18446744073709551615 1 1 0 0 0 0 4612 1 1073775864 0 0 0 -1 0 0 0 0 0 0 0 0 0 0 0 0 0 0
695 12355 (pool-7-thread-2) S 333 333 0 0 -1 1077936192 36054 450980 861 220 1089 1521 1230 2214 20 0 307 0 37001 2169884672 24947 18446744073709551615 1 1 0 0 0 0 4612 1 1073775864 0 0 0 -1 2 0 0 0 0 0 0 0 0 0 0 0 0 0
695 12456 (AmazonFingerPri) S 333 333 0 0 -1 1077936192 5 450980 0 220 0 0 1230 2214 30 10 307 0 129971582 2169884672 24947 18446744073709551615 1 1 0 0 0 0 4612 1 1073775864 0 0 0 -1 3 0 0 0 0 0 0 0 0 0 0 0 0 0
695 12577 (LogRetentionJob) S 333 333 0 0 -1 1077936192 12 450980 3 220 0 0 1230 2214 20 0 307 0 242105957 2169884672 24947 18446744073709551615 1 1 0 0 0 0 4612 1 1073775864 0 0 0 -1 0 0 0 0 0 0 0 0 0 0 0 0 0 0
695 1258 (Binder:695_7) S 333 333 0 0 -1 1077936448 103928 450980 4694 220 12244 5279 1230 2214 20 0 307 0 5893 2169884672 24947 18446744073709551615 1 1 0 0 0 0 4612 1 1073775864 0 0 0 -1 3 0 0 0 0 0 0 0 0 0 0 0 0 0
695 1261 (Binder:695_8) S 333 333 0 0 -1 1077936448 103424 450980 4094 220 12508 5578 1230 2214 20 0 307 0 5893 2169884672 24947 18446744073709551615 1 1 0 0 0 0 4612 1 1073775864 0 0 0 -1 3 0 0 0 0 0 0 0 0 0 0 0 0 0
695 1262 (Binder:695_9) S 333 333 0 0 -1 1077936448 98012 450980 5681 220 11238 5126 1230 2214 20 0 307 0 5893 2169884672 24947 18446744073709551615 1 1 0 0 0 0 4612 1 1073775864 0 0 0 -1 0 0 0 0 0 0 0 0 0 0 0 0 0 0
695 1263 (Binder:695_A) S 333 333 0 0 -1 1077936448 113143 450980 6393 220 12879 5570 1230 2214 20 0 307 0 5894 2169884672 24947 18446744073709551615 1 1 0 0 0 0 4612 1 1073775864 0 0 0 -1 3 0 0 0 0 0 0 0 0 0 0 0 0 0
695 1264 (Binder:695_B) S 333 333 0 0 -1 1077936448 98357 450980 3823 220 11102 4820 1230 2214 20 0 307 0 5894 2169884672 24947 18446744073709551615 1 1 0 0 0 4096 4612 1 1073775864 0 0 0 -1 1 0 0 0 0 0 0 0 0 0 0 0 0 0
695 1266 (Binder:695_C) S 333 333 0 0 -1 1077936448 105447 450980 6435 220 12356 5546 1230 2214 20 0 307 0 5894 2169884672 24947 18446744073709551615 1 1 0 0 0 0 4612 1 1073775864 0 0 0 -1 3 0 0 0 0 0 0 0 0 0 0 0 0 0
695 1267 (Binder:695_D) S 333 333 0 0 -1 1077936448 106805 450980 6761 220 11278 4774 1230 2214 20 0 307 0 5894 2169884672 24947 18446744073709551615 1 1 0 0 0 4096 4612 1 1073775864 0 0 0 -1 0 0 0 0 0 0 0 0 0 0 0 0 0 0
695 13013 (AmazonFingerPri) S 333 333 0 0 -1 1077936192 6 450980 0 220 0 0 1230 2214 30 10 307 0 60847524 2169884672 24947 18446744073709551615 1 1 0 0 0 0 4612 1 1073775864 0 0 0 -1 0 0 0 0 0 0 0 0 0 0 0 0 0 0
695 13572 (LogRetentionJob) S 333 333 0 0 -1 1077936192 8 450980 3 220 0 0 1230 2214 20 0 307 0 185719 2169884672 24947 18446744073709551615 1 1 0 0 0 0 4612 1 1073775864 0 0 0 -1 2 0 0 0 0 0 0 0 0 0 0 0 0 0
695 1373 (pool-9-thread-1) S 333 333 0 0 -1 1077936192 444 450980 126 220 4 6 1230 2214 20 0 307 0 5926 2169884672 24947 18446744073709551615 1 1 0 0 0 0 4612 1 1073775864 0 0 0 -1 2 0 0 0 0 0 0 0 0 0 0 0 0 0
695 1374 (pool-9-thread-2) S 333 333 0 0 -1 1077936192 408 450980 82 220 4 5 1230 2214 20 0 307 0 5926 2169884672 24947 18446744073709551615 1 1 0 0 0 0 4612 1 1073775864 0 0 0 -1 2 0 0 0 0 0 0 0 0 0 0 0 0 0
695 13746 (LogRetentionJob) S 333 333 0 0 -1 1077936192 9 450980 0 220 0 0 1230 2214 20 0 307 0 164355054 2169884672 24947 18446744073709551615 1 1 0 0 0 0 4612 1 1073775864 0 0 0 -1 0 0 0 0 0 0 0 0 0 0 0 0 0 0
695 13851 (AdbDebuggingMan) S 333 333 0 0 -1 4194368 24 450980 2 220 0 0 1230 2214 20 0 307 0 194105 2169884672 24947 18446744073709551615 1 1 0 0 0 0 4612 1 1073775864 0 0 0 -1 1 0 0 0 0 0 0 0 0 0 0 0 0 0
695 14057 (Binder:695_1E) S 333 333 0 0 -1 1077936448 258947 450980 7773 220 31749 14533 1230 2214 20 0 307 0 204245 2169884672 24947 18446744073709551615 1 1 0 0 0 4096 4612 1 1073775864 0 0 0 -1 2 0 0 0 0 0 0 0 0 0 0 0 0 0
695 1421 (Thread-15) S 333 333 0 0 -1 4194368 6 450980 0 220 0 0 1230 2214 20 0 307 0 5953 2169884672 24947 18446744073709551615 1 1 0 0 0 0 4612 1 1073775864 0 0 0 -1 2 0 0 0 0 0 0 0 0 0 0 0 0 0
695 1429 (NetworkStatsObs) S 333 333 0 0 -1 1077936192 3015 450980 228 220 117 99 1230 2214 20 0 307 0 5956 2169884672 24947 18446744073709551615 1 1 0 0 0 0 4612 1 1073775864 0 0 0 -1 1 0 0 0 0 0 0 0 0 0 0 0 0 0
695 14343 (AmazonFingerPri) S 333 333 0 0 -1 1077936192 5 450980 1 220 0 0 1230 2214 30 10 307 0 26287160 2169884672 24947 18446744073709551615 1 1 0 0 0 0 4612 1 1073775864 0 0 0 -1 0 0 0 0 0 0 0 0 0 0 0 0 0 0
695 14374 (LogRetentionJob) S 333 333 0 0 -1 1077936192 12 450980 1 220 0 0 1230 2214 20 0 307 0 86586829 2169884672 24947 18446744073709551615 1 1 0 0 0 0 4612 1 1073775864 0 0 0 -1 0 0 0 0 0 0 0 0 0 0 0 0 0 0
695 14526 (AudioTrack) S 333 333 0 0 -1 1077936192 5 450980 2 220 0 0 1230 2214 4 -16 307 0 204664830 2169884672 24947 18446744073709551615 1 1 0 0 0 0 4612 1 1073775864 0 0 0 -1 2 0 0 0 0 0 0 0 0 0 0 0 0 0
695 14537 (AudioTrack) S 333 333 0 0 -1 1077936192 5 450980 0 220 0 0 1230 2214 4 -16 307 0 204664908 2169884672 24947 18446744073709551615 1 1 0 0 0 0 4612 1 1073775864 0 0 0 -1 0 0 0 0 0 0 0 0 0 0 0 0 0 0
695 1467 (PerfAnimationAr) S 333 333 0 0 -1 1077936192 111 450980 53 220 2 3 1230 2214 30 10 307 0 5970 2169884672 24947 18446744073709551615 1 1 0 0 0 0 4612 1 1073775864 0 0 0 -1 1 0 0 0 0 0 0 0 0 0 0 0 0 0
695 14742 (AmazonFingerPri) S 333 333 0 0 -1 1077936192 7 450980 3 220 0 0 1230 2214 30 10 307 0 242286254 2169884672 24947 18446744073709551615 1 1 0 0 0 0 4612 1 1073775864 0 0 0 -1 0 0 0 0 0 0 0 0 0 0 0 0 0 0
695 14922 (Binder:695_1F) S 333 333 0 0 -1 1077936448 266397 450980 8253 220 34198 15623 1230 2214 20 0 307 0 223944 2169884672 24947 18446744073709551615 1 1 0 0 0 0 4612 1 1073775864 0 0 0 -1 3 0 0 0 0 0 0 0 0 0 0 0 0 0
695 15088 (Binder:695_20) S 333 333 0 0 -1 1077936448 297598 450980 7127 220 37986 17313 1230 2214 20 0 307 0 224908 2169884672 24947 18446744073709551615 1 1 0 0 0 0 4612 1 1073775864 0 0 0 -1 1 0 0 0 0 0 0 0 0 0 0 0 0 0
695 1525 (pool-2-thread-1) S 333 333 0 0 -1 1077936192 547 450980 151 220 5 4 1230 2214 20 0 307 0 6010 2169884672 24947 18446744073709551615 1 1 0 0 0 0 4612 1 1073775864 0 0 0 -1 0 0 0 0 0 0 0 0 0 0 0 0 0 0
695 15294 (Binder:695_21) S 333 333 0 0 -1 1077936448 328913 450980 6184 220 41487 18506 1230 2214 20 0 307 0 230233 2169884672 24947 18446744073709551615 1 1 0 0 0 0 4612 1 1073775864 0 0 0 -1 0 0 0 0 0 0 0 0 0 0 0 0 0 0
695 15492 (LogRetentionJob) S 333 333 0 0 -1 1077936192 9 450980 0 220 0 0 1230 2214 20 0 307 0 121154176 2169884672 24947 18446744073709551615 1 1 0 0 0 0 4612 1 1073775864 0 0 0 -1 3 0 0 0 0 0 0 0 0 0 0 0 0 0
695 1594 (CCodecWatchdog) S 333 333 0 0 -1 1077936192 1 450980 0 220 0 0 1230 2214 20 0 307 0 6044 2169884672 24947 18446744073709551615 1 1 0 0 0 0 4612 1 1073775864 0 0 0 -1 2 0 0 0 0 0 0 0 0 0 0 0 0 0
695 1596 (NDK MediaCodec_) S 333 333 0 0 -1 1077936192 1 450980 0 220 0 0 1230 2214 4 -16 307 0 6044 2169884672 24947 18446744073709551615 1 1 0 0 0 0 4612 1 1073775864 0 0 0 -1 1 0 0 0 0 0 0 0 0 0 0 0 0 0
695 15969 (AmazonFingerPri) S 333 333 0 0 -1 1077936192 5 450980 0 220 0 0 1230 2214 30 10 307 0 164532139 2169884672 24947 18446744073709551615 1 1 0 0 0 0 4612 1 1073775864 0 0 0 -1 3 0 0 0 0 0 0 0 0 0 0 0 0 0
695 1597 (NDK MediaCodec_) S 333 333 0 0 -1 1077936192 1 450980 0 220 0 0 1230 2214 4 -16 307 0 6044 2169884672 24947 18446744073709551615 1 1 0 0 0 0 4612 1 1073775864 0 0 0 -1 0 0 0 0 0 0 0 0 0 0 0 0 0 0
695 1605 (HwBinder:695_4) S 333 333 0 0 -1 1077936192 5540 450980 274 220 497 149 1230 2214 20 0 307 0 6051 2169884672 24947 18446744073709551615 1 1 0 0 0 0 4612 1 1073775864 0 0 0 -1 3 0 0 0 0 0 0 0 0 0 0 0 0 0
695 1612 (HwBinder:695_5) S 333 333 0 0 -1 1077936192 9200 450980 328 220 791 240 1230 2214 20 0 307 0 6060 2169884672 24947 18446744073709551615 1 1 0 0 0 0 4612 1 1073775864 0 0 0 -1 3 0 0 0 0 0 0 0 0 0 0 0 0 0
695 16757 (AmazonFingerPri) S 333 333 0 0 -1 1077936192 5 450980 0 220 0 0 1230 2214 30 10 307 0 86767127 2169884672 24947 18446744073709551615 1 1 0 0 0 0 4612 1 1073775864 0 0 0 -1 1 0 0 0 0 0 0 0 0 0 0 0 0 0
695 1699 (FireTVKeyPolicy) S 333 333 0 0 -1 1077936192 5 450980 0 220 0 0 1230 2214 18 -2 307 0 6123 2169884672 24947 18446744073709551615 1 1 0 0 0 0 4612 1 1073775864 0 0 0 -1 0 0 0 0 0 0 0 0 0 0 0 0 0 0
695 1752 (Binder:695_E) S 333 333 0 0 -1 1077936448 109712 450980 7167 220 12134 5482 1230 2214 20 0 307 0 6209 2169884672 24947 18446744073709551615 1 1 0 0 0 4096 4612 1 1073775864 0 0 0 -1 3 0 0 0 0 0 0 0 0 0 0 0 0 0
695 1759 (VolumeAliasHand) S 333 333 0 0 -1 1077936192 4 450980 0 220 0 0 1230 2214 20 0 307 0 6215 2169884672 24947 18446744073709551615 1 1 0 0 0 0 4612 1 1073775864 0 0 0 -1 2 0 0 0 0 0 0 0 0 0 0 0 0 0
695 1764 (LeGattConnectio) S 333 333 0 0 -1 1077936192 5 450980 0 220 0 0 1230 2214 20 0 307 0 6226 2169884672 24947 18446744073709551615 1 1 0 0 0 0 4612 1 1073775864 0 0 0 -1 0 0 0 0 0 0 0 0 0 0 0 0 0 0
695 1766 (LeGattScanWorke) S 333 333 0 0 -1 1077936192 5 450980 0 220 0 0 1230 2214 20 0 307 0 6226 2169884672 24947 18446744073709551615 1 1 0 0 0 0 4612 1 1073775864 0 0 0 -1 3 0 0 0 0 0 0 0 0 0 0 0 0 0
695 1767 (LeAdapterReques) S 333 333 0 0 -1 1077936192 5 450980 0 220 0 0 1230 2214 20 0 307 0 6227 2169884672 24947 18446744073709551615 1 1 0 0 0 0 4612 1 1073775864 0 0 0 -1 0 0 0 0 0 0 0 0 0 0 0 0 0 0
695 1773 (RedirectListene) S 333 333 0 0 -1 1077936192 5 450980 0 220 0 0 1230 2214 20 0 307 0 6236 2169884672 24947 18446744073709551615 1 1 0 0 0 0 4612 1 1073775864 0 0 0 -1 0 0 0 0 0 0 0 0 0 0 0 0 0 0
695 1782 (AdvertisingIdAr) S 333 333 0 0 -1 1077936192 9 450980 0 220 0 0 1230 2214 20 0 307 0 6239 2169884672 24947 18446744073709551615 1 1 0 0 0 0 4612 1 1073775864 0 0 0 -1 0 0 0 0 0 0 0 0 0 0 0 0 0 0
695 1794 (AmazonFingerPri) S 333 333 0 0 -1 1077936192 20 450980 6 220 0 0 1230 2214 30 10 307 0 6241 2169884672 24947 18446744073709551615 1 1 0 0 0 0 4612 1 1073775864 0 0 0 -1 1 0 0 0 0 0 0 0 0 0 0 0 0 0
695 1798 (ThreadPriorityB) S 333 333 0 0 -1 1077936448 565 450980 202 220 6 11 1230 2214 20 0 307 0 6242 2169884672 24947 18446744073709551615 1 1 0 0 0 0 4612 1 1073775864 0 0 0 -1 1 0 0 0 0 0 0 0 0 0 0 0 0 0
695 1801 (BtLeManagerThre) S 333 333 0 0 -1 1077936192 97 450980 19 220 0 1 1230 2214 20 0 307 0 6244 2169884672 24947 18446744073709551615 1 1 0 0 0 0 4612 1 1073775864 0 0 0 -1 0 0 0 0 0 0 0 0 0 0 0 0 0 0
695 1802 (pool-8-thread-1) S 333 333 0 0 -1 1077936192 1301 450980 263 220 46 41 1230 2214 20 0 307 0 6247 2169884672 24947 18446744073709551615 1 1 0 0 0 0 4612 1 1073775864 0 0 0 -1 3 0 0 0 0 0 0 0 0 0 0 0 0 0
695 1803 (OsuServerHandle) S 333 333 0 0 -1 1077936192 5 450980 0 220 0 0 1230 2214 20 0 307 0 6250 2169884672 24947 18446744073709551615 1 1 0 0 0 0 4612 1 1073775864 0 0 0 -1 1 0 0 0 0 0 0 0 0 0 0 0 0 0
695 1815 (LogRetentionJob) S 333 333 0 0 -1 1077936192 11 450980 2 220 0 0 1230 2214 20 0 307 0 216185958 2169884672 24947 18446744073709551615 1 1 0 0 0 0 4612 1 1073775864 0 0 0 -1 0 0 0 0 0 0 0 0 0 0 0 0 0 0
695 1828 (PerfArcusLooper) S 333 333 0 0 -1 1077936192 168 450980 67 220 2 1 1230 2214 20 0 307 0 6309 2169884672 24947 18446744073709551615 1 1 0 0 0 0 4612 1 1073775864 0 0 0 -1 1 0 0 0 0 0 0 0 0 0 0 0 0 0
695 1842 (PerfSchedTunerA) S 333 333 0 0 -1 1077936192 127 450980 74 220 1 3 1230 2214 30 10 307 0 6315 2169884672 24947 18446744073709551615 1 1 0 0 0 0 4612 1 1073775864 0 0 0 -1 1 0 0 0 0 0 0 0 0 0 0 0 0 0
695 1855 (SamplingThread) S 333 333 0 0 -1 1077936192 4 450980 0 220 0 0 1230 2214 20 0 307 0 6318 2169884672 24947 18446744073709551615 1 1 0 0 0 0 4612 1 1073775864 0 0 0 -1 3 0 0 0 0 0 0 0 0 0 0 0 0 0
695 18720 (AmazonFingerPri) S 333 333 0 0 -1 1077936192 5 450980 0 220 0 0 1230 2214 30 10 307 0 121327246 2169884672 24947 18446744073709551615 1 1 0 0 0 0 4612 1 1073775864 0 0 0 -1 1 0 0 0 0 0 0 0 0 0 0 0 0 0
695 19126 (LogRetentionJob) S 333 333 0 0 -1 1077936192 9 450980 0 220 0 0 1230 2214 20 0 307 0 52050581 2169884672 24947 18446744073709551615 1 1 0 0 0 0 4612 1 1073775864 0 0 0 -1 1 0 0 0 0 0 0 0 0 0 0 0 0 0
695 19181 (LogRetentionJob) S 333 333 0 0 -1 1077936192 9 450980 0 220 0 0 1230 2214 20 0 307 0 198910962 2169884672 24947 18446744073709551615 1 1 0 0 0 0 4612 1 1073775864 0 0 0 -1 1 0 0 0 0 0 0 0 0 0 0 0 0 0
695 20345 (LogRetentionJob) S 333 333 0 0 -1 1077936192 9 450980 0 220 0 0 1230 2214 20 0 307 0 17483740 2169884672 24947 18446744073709551615 1 1 0 0 0 0 4612 1 1073775864 0 0 0 -1 0 0 0 0 0 0 0 0 0 0 0 0 0 0
695 2100 (LazyTaskWriterT) S 333 333 0 0 -1 1077936192 6352 450980 530 220 113 249 1230 2214 30 10 307 0 6581 2169884672 24947 18446744073709551615 1 1 0 0 0 0 4612 1 1073775864 0 0 0 -1 0 0 0 0 0 0 0 0 0 0 0 0 0 0
695 2102 (StorageUserConn) S 333 333 0 0 -1 1077936192 13 450980 0 220 0 0 1230 2214 20 0 307 0 6583 2169884672 24947 18446744073709551615 1 1 0 0 0 0 4612 1 1073775864 0 0 0 -1 2 0 0 0 0 0 0 0 0 0 0 0 0 0
695 21044 (AmazonFingerPri) S 333 333 0 0 -1 1077936192 5 450980 0 220 0 0 1230 2214 30 10 307 0 52207431 2169884672 24947 18446744073709551615 1 1 0 0 0 0 4612 1 1073775864 0 0 0 -1 3 0 0 0 0 0 0 0 0 0 0 0 0 0
695 21475 (AmazonFingerPri) S 333 333 0 0 -1 1077936192 5 450980 0 220 0 0 1230 2214 30 10 307 0 199091512 2169884672 24947 18446744073709551615 1 1 0 0 0 0 4612 1 1073775864 0 0 0 -1 1 0 0 0 0 0 0 0 0 0 0 0 0 0
695 2211 (AudioPortEventH) S 333 333 0 0 -1 1077936192 603 450980 326 220 3 9 1230 2214 20 0 307 0 6637 2169884672 24947 18446744073709551615 1 1 0 0 0 0 4612 1 1073775864 0 0 0 -1 1 0 0 0 0 0 0 0 0 0 0 0 0 0
695 22517 (AmazonFingerPri) S 333 333 0 0 -1 1077936192 6 450980 0 220 0 0 1230 2214 30 10 307 0 17647085 2169884672 24947 18446744073709551615 1 1 0 0 0 0 4612 1 1073775864 0 0 0 -1 1 0 0 0 0 0 0 0 0 0 0 0 0 0
695 22634 (LogRetentionJob) S 333 333 0 0 -1 1077936192 9 450980 1 220 0 0 1230 2214 20 0 307 0 155716626 2169884672 24947 18446744073709551615 1 1 0 0 0 0 4612 1 1073775864 0 0 0 -1 3 0 0 0 0 0 0 0 0 0 0 0 0 0
695 22653 (LogRetentionJob) S 333 333 0 0 -1 1077936192 11 450980 3 220 0 0 1230 2214 20 0 307 0 207556903 2169884672 24947 18446744073709551615 1 1 0 0 0 0 4612 1 1073775864 0 0 0 -1 2 0 0 0 0 0 0 0 0 0 0 0 0 0
695 2279 (AmazonFingerPri) S 333 333 0 0 -1 1077936192 6 450980 0 220 0 0 1230 2214 30 10 307 0 104047951 2169884672 24947 18446744073709551615 1 1 0 0 0 0 4612 1 1073775864 0 0 0 -1 3 0 0 0 0 0 0 0 0 0 0 0 0 0
695 22974 (LogRetentionJob) S 333 333 0 0 -1 1077936192 9 450980 0 220 0 0 1230 2214 20 0 307 0 112524029 2169884672 24947 18446744073709551615 1 1 0 0 0 0 4612 1 1073775864 0 0 0 -1 1 0 0 0 0 0 0 0 0 0 0 0 0 0
695 24468 (LogRetentionJob) S 333 333 0 0 -1 1077936192 11 450980 8 220 0 0 1230 2214 20 0 307 0 233465958 2169884672 24947 18446744073709551615 1 1 0 0 0 0 4612 1 1073775864 0 0 0 -1 2 0 0 0 0 0 0 0 0 0 0 0 0 0
695 24597 (LogRetentionJob) S 333 333 0 0 -1 1077936192 10 450980 0 220 0 0 1230 2214 20 0 307 0 190274408 2169884672 24947 18446744073709551615 1 1 0 0 0 0 4612 1 1073775864 0 0 0 -1 1 0 0 0 0 0 0 0 0 0 0 0 0 0
695 2489 (pool-7-thread-1) S 333 333 0 0 -1 1077936192 36604 450980 938 220 1074 1542 1230 2214 20 0 307 0 6947 2169884672 24947 18446744073709551615 1 1 0 0 0 0 4612 1 1073775864 0 0 0 -1 2 0 0 0 0 0 0 0 0 0 0 0 0 0
695 25127 (AmazonFingerPri) S 333 333 0 0 -1 1077936192 5 450980 1 220 0 0 1230 2214 30 10 307 0 112688023 2169884672 24947 18446744073709551615 1 1 0 0 0 0 4612 1 1073775864 0 0 0 -1 1 0 0 0 0 0 0 0 0 0 0 0 0 0
695 25157 (AmazonFingerPri) S 333 333 0 0 -1 1077936192 6 450980 0 220 0 0 1230 2214 30 10 307 0 155892024 2169884672 24947 18446744073709551615 1 1 0 0 0 0 4612 1 1073775864 0 0 0 -1 0 0 0 0 0 0 0 0 0 0 0 0 0 0
695 25397 (AmazonFingerPri) S 333 333 0 0 -1 1077936192 8 450980 0 220 0 0 1230 2214 30 10 307 0 207732746 2169884672 24947 18446744073709551615 1 1 0 0 0 0 4612 1 1073775864 0 0 0 -1 3 0 0 0 0 0 0 0 0 0 0 0 0 0
695 2542 (Okio Watchdog) S 333 333 0 0 -1 1077936192 96 450980 58 220 85 99 1230 2214 20 0 307 0 6967 2169884672 24947 18446744073709551615 1 1 0 0 0 0 4612 1 1073775864 0 0 0 -1 0 0 0 0 0 0 0 0 0 0 0 0 0 0
695 25479 (LogRetentionJob) S 333 333 0 0 -1 1077936192 9 450980 0 220 0 0 1230 2214 20 0 307 0 77960230 2169884672 24947 18446744073709551615 1 1 0 0 0 0 4612 1 1073775864 0 0 0 -1 1 0 0 0 0 0 0 0 0 0 0 0 0 0
695 26957 (AmazonFingerPri) S 333 333 0 0 -1 1077936192 9 450980 2 220 0 0 1230 2214 30 10 307 0 233646255 2169884672 24947 18446744073709551615 1 1 0 0 0 0 4612 1 1073775864 0 0 0 -1 2 0 0 0 0 0 0 0 0 0 0 0 0 0
695 27340 (AmazonFingerPri) S 333 333 0 0 -1 1077936192 5 450980 0 220 0 0 1230 2214 30 10 307 0 190452511 2169884672 24947 18446744073709551615 1 1 0 0 0 0 4612 1 1073775864 0 0 0 -1 3 0 0 0 0 0 0 0 0 0 0 0 0 0
695 27405 (AsyncTask #16) S 333 333 0 0 -1 1077936192 4127 450980 168 220 45 24 1230 2214 30 10 307 0 254950814 2169884672 24947 18446744073709551615 1 1 0 0 0 0 4612 1 1073775864 0 0 0 -1 0 0 0 0 0 0 0 0 0 0 0 0 0 0
695 27645 (AmazonFingerPri) S 333 333 0 0 -1 1077936192 5 450980 1 220 0 0 1230 2214 30 10 307 0 78127720 2169884672 24947 18446744073709551615 1 1 0 0 0 0 4612 1 1073775864 0 0 0 -1 3 0 0 0 0 0 0 0 0 0 0 0 0 0
695 28310 (LogRetentionJob) S 333 333 0 0 -1 1077936192 10 450980 2 220 0 0 1230 2214 20 0 307 0 43395587 2169884672 24947 18446744073709551615 1 1 0 0 0 0 4612 1 1073775864 0 0 0 -1 1 0 0 0 0 0 0 0 0 0 0 0 0 0
695 29014 (LogRetentionJob) S 333 333 0 0 -1 1077936192 8 450980 1 220 0 0 1230 2214 20 0 307 0 8827337 2169884672 24947 18446744073709551615 1 1 0 0 0 0 4612 1 1073775864 0 0 0 -1 1 0 0 0 0 0 0 0 0 0 0 0 0 0
695 29588 (LogRetentionJob) S 333 333 0 0 -1 1077936192 13 450980 4 220 0 0 1230 2214 20 0 307 0 250745958 2169884672 24947 18446744073709551615 1 1 0 0 0 0 4612 1 1073775864 0 0 0 -1 3 0 0 0 0 0 0 0 0 0 0 0 0 0
695 29756 (LogRetentionJob) S 333 333 0 0 -1 1077936192 10 450980 0 220 0 0 1230 2214 20 0 307 0 147084566 2169884672 24947 18446744073709551615 1 1 0 0 0 0 4612 1 1073775864 0 0 0 -1 0 0 0 0 0 0 0 0 0 0 0 0 0 0
695 30600 (LogRetentionJob) S 333 333 0 0 -1 1077936192 12 450980 5 220 0 0 1230 2214 20 0 307 0 259385957 2169884672 24947 18446744073709551615 1 1 0 0 0 0 4612 1 1073775864 0 0 0 -1 0 0 0 0 0 0 0 0 0 0 0 0 0 0
695 30920 (AmazonFingerPri) S 333 333 0 0 -1 1077936192 6 450980 1 220 0 0 1230 2214 30 10 307 0 43567339 2169884672 24947 18446744073709551615 1 1 0 0 0 0 4612 1 1073775864 0 0 0 -1 3 0 0 0 0 0 0 0 0 0 0 0 0 0
695 30945 (AmazonFingerPri) S 333 333 0 0 -1 1077936192 8 450980 4 220 0 0 1230 2214 30 10 307 0 366254 2169884672 24947 18446744073709551615 1 1 0 0 0 0 4612 1 1073775864 0 0 0 -1 2 0 0 0 0 0 0 0 0 0 0 0 0 0
695 31028 (AmazonFingerPri) S 333 333 0 0 -1 1077936192 6 450980 0 220 0 0 1230 2214 30 10 307 0 9006991 2169884672 24947 18446744073709551615 1 1 0 0 0 0 4612 1 1073775864 0 0 0 -1 2 0 0 0 0 0 0 0 0 0 0 0 0 0
695 31588 (LogRetentionJob) S 333 333 0 0 -1 1077936192 10 450980 0 220 0 0 1230 2214 20 0 307 0 103868899 2169884672 24947 18446744073709551615 1 1 0 0 0 0 4612 1 1073775864 0 0 0 -1 1 0 0 0 0 0 0 0 0 0 0 0 0 0
695 31855 (AmazonFingerPri) S 333 333 0 0 -1 1077936192 6 450980 0 220 0 0 1230 2214 30 10 307 0 147251855 2169884672 24947 18446744073709551615 1 1 0 0 0 0 4612 1 1073775864 0 0 0 -1 1 0 0 0 0 0 0 0 0 0 0 0 0 0
695 31983 (AmazonFingerPri) S 333 333 0 0 -1 1077936192 7 450980 0 220 0 0 1230 2214 30 10 307 0 250926254 2169884672 24947 18446744073709551615 1 1 0 0 0 0 4612 1 1073775864 0 0 0 -1 1 0 0 0 0 0 0 0 0 0 0 0 0 0
695 3214 (BtCallback) S 333 333 0 0 -1 1077936192 61 450980 9 220 0 1 1230 2214 20 0 307 0 7572 2169884672 24947 18446744073709551615 1 1 0 0 0 0 4612 1 1073775864 0 0 0 -1 3 0 0 0 0 0 0 0 0 0 0 0 0 0
695 32234 (OkHttp Connecti) S 333 333 0 0 -1 1077936192 13 450980 1 220 0 0 1230 2214 20 0 307 0 269301060 2169884672 24947 18446744073709551615 1 1 0 0 0 0 4612 1 1073775864 0 0 0 -1 3 0 0 0 0 0 0 0 0 0 0 0 0 0
695 3245 (AmazonFingerPri) S 333 333 0 0 -1 1077936192 7 450980 1 220 0 0 1230 2214 30 10 307 0 69487613 2169884672 24947 18446744073709551615 1 1 0 0 0 0 4612 1 1073775864 0 0 0 -1 0 0 0 0 0 0 0 0 0 0 0 0 0 0
695 32725 (LogRetentionJob) S 333 333 0 0 -1 1077936192 9 450980 0 220 0 0 1230 2214 20 0 307 0 69334139 2169884672 24947 18446744073709551615 1 1 0 0 0 0 4612 1 1073775864 0 0 0 -1 0 0 0 0 0 0 0 0 0 0 0 0 0 0
695 3367 (AmazonFingerPri) S 333 333 0 0 -1 1077936192 5 450980 0 220 0 0 1230 2214 30 10 307 0 181812401 2169884672 24947 18446744073709551615 1 1 0 0 0 0 4612 1 1073775864 0 0 0 -1 3 0 0 0 0 0 0 0 0 0 0 0 0 0
695 3390 (LogRetentionJob) S 333 333 0 0 -1 1077936192 10 450980 0 220 0 0 1230 2214 20 0 307 0 138429987 2169884672 24947 18446744073709551615 1 1 0 0 0 0 4612 1 1073775864 0 0 0 -1 0 0 0 0 0 0 0 0 0 0 0 0 0 0
695 353 (LogRetentionJob) S 333 333 0 0 -1 1077936192 9 450980 0 220 0 0 1230 2214 20 0 307 0 181644164 2169884672 24947 18446744073709551615 1 1 0 0 0 0 4612 1 1073775864 0 0 0 -1 3 0 0 0 0 0 0 0 0 0 0 0 0 0
695 4400 (Binder:695_F) S 333 333 0 0 -1 1077936448 103593 450980 5930 220 11515 5033 1230 2214 20 0 307 0 9269 2169884672 24947 18446744073709551615 1 1 0 0 0 0 4612 1 1073775864 0 0 0 -1 2 0 0 0 0 0 0 0 0 0 0 0 0 0
695 4552 (AmazonFingerPri) S 333 333 0 0 -1 1077936192 6 450980 0 220 0 0 1230 2214 30 10 307 0 216366254 2169884672 24947 18446744073709551615 1 1 0 0 0 0 4612 1 1073775864 0 0 0 -1 0 0 0 0 0 0 0 0 0 0 0 0 0 0
695 4634 (AmazonKeyEventL) S 333 333 0 0 -1 1077936192 1127 450980 586 220 51 52 1230 2214 20 0 307 0 9769 2169884672 24947 18446744073709551615 1 1 0 0 0 0 4612 1 1073775864 0 0 0 -1 0 0 0 0 0 0 0 0 0 0 0 0 0 0
695 4882 (Binder:695_10) S 333 333 0 0 -1 1077936448 118908 450980 5345 220 13553 6342 1230 2214 20 0 307 0 10131 2169884672 24947 18446744073709551615 1 1 0 0 0 0 4612 1 1073775864 0 0 0 -1 2 0 0 0 0 0 0 0 0 0 0 0 0 0
695 4949 (LogRetentionJob) S 333 333 0 0 -1 1077936192 12 450980 0 220 0 0 1230 2214 20 0 307 0 34746810 2169884672 24947 18446744073709551615 1 1 0 0 0 0 4612 1 1073775864 0 0 0 -1 3 0 0 0 0 0 0 0 0 0 0 0 0 0
695 5713 (pool-6-thread-1) S 333 333 0 0 -1 1077936192 10832 450980 303 220 648 183 1230 2214 20 0 307 0 12369 2169884672 24947 18446744073709551615 1 1 0 0 0 0 4612 1 1073775864 0 0 0 -1 0 0 0 0 0 0 0 0 0 0 0 0 0 0
695 5832 (AmazonFingerPri) S 333 333 0 0 -1 1077936192 5 450980 0 220 0 0 1230 2214 30 10 307 0 138611723 2169884672 24947 18446744073709551615 1 1 0 0 0 0 4612 1 1073775864 0 0 0 -1 3 0 0 0 0 0 0 0 0 0 0 0 0 0
695 6078 (Binder:695_11) S 333 333 0 0 -1 1077936448 115807 450980 5328 220 12755 5681 1230 2214 20 0 307 0 13684 2169884672 24947 18446744073709551615 1 1 0 0 0 0 4612 1 1073775864 0 0 0 -1 3 0 0 0 0 0 0 0 0 0 0 0 0 0
695 6150 (LogRetentionJob) S 333 333 0 0 -1 1077936192 14 450980 4 220 0 0 1230 2214 20 0 307 0 224825959 2169884672 24947 18446744073709551615 1 1 0 0 0 0 4612 1 1073775864 0 0 0 -1 1 0 0 0 0 0 0 0 0 0 0 0 0 0
695 6304 (Binder:695_12) S 333 333 0 0 -1 1077936448 125161 450980 5524 220 14229 6412 1230 2214 20 0 307 0 14215 2169884672 24947 18446744073709551615 1 1 0 0 0 0 4612 1 1073775864 0 0 0 -1 2 0 0 0 0 0 0 0 0 0 0 0 0 0
695 6513 (LogRetentionJob) S 333 333 0 0 -1 1077936192 9 450980 0 220 0 0 1230 2214 20 0 307 0 173014960 2169884672 24947 18446744073709551615 1 1 0 0 0 0 4612 1 1073775864 0 0 0 -1 3 0 0 0 0 0 0 0 0 0 0 0 0 0
695 6541 (Binder:695_13) S 333 333 0 0 -1 1077936448 122521 450980 6780 220 13382 5987 1230 2214 20 0 307 0 15162 2169884672 24947 18446744073709551615 1 1 0 0 0 0 4612 1 1073775864 0 0 0 -1 1 0 0 0 0 0 0 0 0 0 0 0 0 0
695 6632 (Binder:695_14) S 333 333 0 0 -1 1077936448 155364 450980 5948 220 17134 7849 1230 2214 20 0 307 0 15411 2169884672 24947 18446744073709551615 1 1 0 0 0 0 4612 1 1073775864 0 0 0 -1 2 0 0 0 0 0 0 0 0 0 0 0 0 0
695 6785 (Binder:695_15) S 333 333 0 0 -1 1077936448 140376 450980 4854 220 15899 6955 1230 2214 20 0 307 0 15816 2169884672 24947 18446744073709551615 1 1 0 0 0 0 4612 1 1073775864 0 0 0 -1 3 0 0 0 0 0 0 0 0 0 0 0 0 0
695 695 (Binder:695_3) S 333 333 0 0 -1 1077936448 2764856 450980 43050 220 82350 20256 1230 2214 18 -2 307 0 1304 2169884672 24947 18446744073709551615 1 1 0 0 0 0 4612 1 1073775864 0 0 0 17 0 0 0 0 0 0 0 0 0 0 0 0 0 0
695 701 (Signal Catcher) S 333 333 0 0 -1 1077936192 46 450980 0 220 0 0 1230 2214 0 -20 307 0 1306 2169884672 24947 18446744073709551615 1 1 0 0 0 0 4096 1 1073775864 0 0 0 -1 1 0 0 0 0 0 0 0 0 0 0 0 0 0
695 702 (perfetto_hprof_) S 333 333 0 0 -1 4194368 5 450980 0 220 0 0 1230 2214 0 -20 307 0 1306 2169884672 24947 18446744073709551615 1 1 0 0 0 0 4612 1 1073775864 0 0 0 -1 1 0 0 0 0 0 0 0 0 0 0 0 0 0
695 703 (Jit thread pool) S 333 333 0 0 -1 1077936192 62222 450980 2466 220 386 138 1230 2214 20 0 307 0 1307 2169884672 24947 18446744073709551615 1 1 0 0 0 0 4612 1 1073775864 0 0 0 -1 3 0 0 0 0 0 0 0 0 0 0 0 0 0
695 704 (HeapTaskDaemon) S 333 333 0 0 -1 1077936192 2961270 450980 151927 220 102974 8204 1230 2214 24 4 307 0 1307 2169884672 24947 18446744073709551615 1 1 0 0 0 0 4612 1 1073775864 0 0 0 -1 2 0 0 0 0 0 0 0 0 0 0 0 0 0
695 705 (ReferenceQueueD) S 333 333 0 0 -1 1077936192 2762 450980 2543 220 2048 511 1230 2214 24 4 307 0 1307 2169884672 24947 18446744073709551615 1 1 0 0 0 0 4612 1 1073775864 0 0 0 -1 0 0 0 0 0 0 0 0 0 0 0 0 0 0
695 706 (FinalizerDaemon) S 333 333 0 0 -1 1077936192 7211 450980 1844 220 772 303 1230 2214 24 4 307 0 1307 2169884672 24947 18446744073709551615 1 1 0 0 0 0 4612 1 1073775864 0 0 0 -1 2 0 0 0 0 0 0 0 0 0 0 0 0 0
695 707 (FinalizerWatchd) S 333 333 0 0 -1 1077936192 45 450980 19 220 47 34 1230 2214 24 4 307 0 1307 2169884672 24947 18446744073709551615 1 1 0 0 0 0 4612 1 1073775864 0 0 0 -1 1 0 0 0 0 0 0 0 0 0 0 0 0 0
695 7145 (Timer-43) S 333 333 0 0 -1 1077936192 4 450980 2 220 0 0 1230 2214 20 0 307 0 267852421 2169884672 24947 18446744073709551615 1 1 0 0 0 0 4612 1 1073775864 0 0 0 -1 3 0 0 0 0 0 0 0 0 0 0 0 0 0
695 7260 (AmazonFingerPri) S 333 333 0 0 -1 1077936192 6 450980 1 220 0 0 1230 2214 30 10 307 0 34927250 2169884672 24947 18446744073709551615 1 1 0 0 0 0 4612 1 1073775864 0 0 0 -1 1 0 0 0 0 0 0 0 0 0 0 0 0 0
695 729 (Binder:695_1) S 333 333 0 0 -1 1077936448 137018 450980 4213 220 16467 7142 1230 2214 20 0 307 0 1538 2169884672 24947 18446744073709551615 1 1 0 0 0 0 4612 1 1073775864 0 0 0 -1 2 0 0 0 0 0 0 0 0 0 0 0 0 0
695 730 (Binder:695_2) S 333 333 0 0 -1 1077936448 100683 450980 4280 220 12291 5604 1230 2214 20 0 307 0 1538 2169884672 24947 18446744073709551615 1 1 0 0 0 0 4612 1 1073775864 0 0 0 -1 0 0 0 0 0 0 0 0 0 0 0 0 0 0
695 731 (android.fg) S 333 333 0 0 -1 1077936448 962776 450980 3419 220 24676 18243 1230 2214 20 0 307 0 1579 2169884672 24947 18446744073709551615 1 1 0 0 0 0 4612 1 1073775864 0 0 0 -1 3 0 0 0 0 0 0 0 0 0 0 0 0 0
695 732 (android.ui) S 333 333 0 0 -1 1077936448 11706 450980 2285 220 7116 5647 1230 2214 18 -2 307 0 1579 2169884672 24947 18446744073709551615 1 1 0 0 0 0 4612 1 1073775864 0 0 0 -1 1 0 0 0 0 0 0 0 0 0 0 0 0 0
695 733 (android.io) S 333 333 0 0 -1 1077936192 347841 450980 1109 220 6496 3574 1230 2214 20 0 307 0 1579 2169884672 24947 18446744073709551615 1 1 0 0 0 0 4612 1 1073775864 0 0 0 -1 0 0 0 0 0 0 0 0 0 0 0 0 0 0
695 734 (android.display) S 333 333 0 0 -1 1077936448 40673 450980 6515 220 1488 738 1230 2214 17 -3 307 0 1579 2169884672 24947 18446744073709551615 1 1 0 0 0 0 4612 1 1073775864 0 0 0 -1 2 0 0 0 0 0 0 0 0 0 0 0 0 0
695 735 (android.anim) S 333 333 0 0 -1 1077936192 1499559 450980 12725 220 3263 1614 1230 2214 16 -4 307 0 1579 2169884672 24947 18446744073709551615 1 1 0 0 0 0 4612 1 1073775864 0 0 0 -1 3 0 0 0 0 0 0 0 0 0 0 0 0 0
695 736 (android.anim.lf) S 333 333 0 0 -1 1077936192 1032 450980 671 220 336 250 1230 2214 16 -4 307 0 1579 2169884672 24947 18446744073709551615 1 1 0 0 0 0 4612 1 1073775864 0 0 0 -1 3 0 0 0 0 0 0 0 0 0 0 0 0 0
695 737 (watchdog) S 333 333 0 0 -1 1077936192 8325 450980 169 220 1551 1065 1230 2214 20 0 307 0 1579 2169884672 24947 18446744073709551615 1 1 0 0 0 0 4612 1 1073775864 0 0 0 -1 3 0 0 0 0 0 0 0 0 0 0 0 0 0
695 739 (PackageRecency ) S 333 333 0 0 -1 1077936192 397 450980 149 220 16 9 1230 2214 30 10 307 0 1585 2169884672 24947 18446744073709551615 1 1 0 0 0 0 4612 1 1073775864 0 0 0 -1 1 0 0 0 0 0 0 0 0 0 0 0 0 0
695 740 (android.bg) S 333 333 0 0 -1 1077936448 1045051 450980 29694 220 25328 74292 1230 2214 30 10 307 0 1586 2169884672 24947 18446744073709551615 1 1 0 0 0 0 4612 1 1073775864 0 0 0 -1 1 0 0 0 0 0 0 0 0 0 0 0 0 0
695 741 (ActivityManager) S 333 333 0 0 -1 1077936448 130399 450980 8362 220 14312 32773 1230 2214 18 -2 307 0 1587 2169884672 24947 18446744073709551615 1 1 0 0 0 0 4612 1 1073775864 0 0 0 -1 0 0 0 0 0 0 0 0 0 0 0 0 0 0
695 742 (ActivityManager) S 333 333 0 0 -1 1077936448 53407 450980 994 220 953 600 1230 2214 18 -2 307 0 1587 2169884672 24947 18446744073709551615 1 1 0 0 0 0 4612 1 1073775864 0 0 0 -1 3 0 0 0 0 0 0 0 0 0 0 0 0 0
695 743 (ActivityManager) S 333 333 0 0 -1 1077936448 4308 450980 2126 220 322 1205 1230 2214 30 10 307 0 1601 2169884672 24947 18446744073709551615 1 1 0 0 0 0 4612 1 1073775864 0 0 0 -1 3 0 0 0 0 0 0 0 0 0 0 0 0 0
695 744 (ActivityManager) S 333 333 0 0 -1 1077936192 3808 450980 1650 220 209 224 1230 2214 30 10 307 0 1601 2169884672 24947 18446744073709551615 1 1 0 0 0 0 4612 1 1073775864 0 0 0 -1 0 0 0 0 0 0 0 0 0 0 0 0 0 0
695 745 (Thread-2) S 333 333 0 0 -1 1077936192 139 450980 286 220 3 195 1230 2214 20 0 307 0 1601 2169884672 24947 18446744073709551615 1 1 0 0 0 0 4612 1 1073775864 0 0 0 -1 2 0 0 0 0 0 0 0 0 0 0 0 0 0
695 746 (OomAdjuster) S 333 333 0 0 -1 1077936448 5105 450980 202 220 8646 34839 1230 2214 10 -10 307 0 1601 2169884672 24947 18446744073709551615 1 1 0 0 0 0 4612 1 1073775864 0 0 0 -1 1 0 0 0 0 0 0 0 0 0 0 0 0 0
695 747 (batterystats-wo) S 333 333 0 0 -1 1077936192 344398 450980 5680 220 4075 3543 1230 2214 20 0 307 0 1604 2169884672 24947 18446744073709551615 1 1 0 0 0 0 4612 1 1073775864 0 0 0 -1 2 0 0 0 0 0 0 0 0 0 0 0 0 0
695 748 (FileObserver) S 333 333 0 0 -1 4194368 83 450980 26 220 0 1 1230 2214 20 0 307 0 1626 2169884672 24947 18446744073709551615 1 1 0 0 0 0 4612 1 1073775864 0 0 0 -1 0 0 0 0 0 0 0 0 0 0 0 0 0 0
695 749 (CpuTracker) S 333 333 0 0 -1 1077936448 7614 450980 391 220 2949 12162 1230 2214 20 0 307 0 1628 2169884672 24947 18446744073709551615 1 1 0 0 0 0 4612 1 1073775864 0 0 0 -1 3 0 0 0 0 0 0 0 0 0 0 0 0 0
695 750 (Thread-3) S 333 333 0 0 -1 1077936192 8 450980 0 220 0 0 1230 2214 18 -2 307 0 1629 2169884672 24947 18446744073709551615 1 1 0 0 0 0 4612 1 1073775864 0 0 0 -1 2 0 0 0 0 0 0 0 0 0 0 0 0 0
695 751 (Thread-4) S 333 333 0 0 -1 1077936192 6 450980 0 220 0 0 1230 2214 18 -2 307 0 1629 2169884672 24947 18446744073709551615 1 1 0 0 0 0 4612 1 1073775864 0 0 0 -1 1 0 0 0 0 0 0 0 0 0 0 0 0 0
695 752 (Thread-5) S 333 333 0 0 -1 1077936192 279 450980 194 220 6048 20458 1230 2214 18 -2 307 0 1629 2169884672 24947 18446744073709551615 1 1 0 0 0 0 4612 1 1073775864 0 0 0 -1 2 0 0 0 0 0 0 0 0 0 0 0 0 0
695 753 (AmazonPowerMana) S 333 333 0 0 -1 1077936192 1136 450980 258 220 96 32 1230 2214 25 5 307 0 1630 2169884672 24947 18446744073709551615 1 1 0 0 0 0 4612 1 1073775864 0 0 0 -1 3 0 0 0 0 0 0 0 0 0 0 0 0 0
695 754 (SuspendToRamVen) S 333 333 0 0 -1 1077936192 46 450980 22 220 0 0 1230 2214 25 5 307 0 1630 2169884672 24947 18446744073709551615 1 1 0 0 0 0 4612 1 1073775864 0 0 0 -1 3 0 0 0 0 0 0 0 0 0 0 0 0 0
695 755 (HomeLauncherCal) S 333 333 0 0 -1 1077936448 208 450980 53 220 8 8 1230 2214 25 5 307 0 1630 2169884672 24947 18446744073709551615 1 1 0 0 0 0 4612 1 1073775864 0 0 0 -1 0 0 0 0 0 0 0 0 0 0 0 0 0 0
695 756 (PowerManagerSer) S 333 333 0 0 -1 1077936448 8657 450980 1289 220 2232 1996 1230 2214 10 -10 307 0 1630 2169884672 24947 18446744073709551615 1 1 0 0 0 0 4612 1 1073775864 0 0 0 -1 0 0 0 0 0 0 0 0 0 0 0 0 0 0
695 757 (HwBinder:695_1) S 333 333 0 0 -1 1077936192 3798 450980 340 220 325 100 1230 2214 20 0 307 0 1631 2169884672 24947 18446744073709551615 1 1 0 0 0 0 4612 1 1073775864 0 0 0 -1 1 0 0 0 0 0 0 0 0 0 0 0 0 0
695 758 (BatteryStats_wa) S 333 333 0 0 -1 1077936192 6 450980 0 220 0 0 1230 2214 18 -2 307 0 1631 2169884672 24947 18446744073709551615 1 1 0 0 0 0 4612 1 1073775864 0 0 0 -1 2 0 0 0 0 0 0 0 0 0 0 0 0 0
695 760 (PackageManager) S 333 333 0 0 -1 1077936192 6 450980 0 220 0 0 1230 2214 30 10 307 0 1639 2169884672 24947 18446744073709551615 1 1 0 0 0 0 4612 1 1073775864 0 0 0 -1 1 0 0 0 0 0 0 0 0 0 0 0 0 0
695 761 (PackageManager) S 333 333 0 0 -1 1077936448 428023 450980 7588 220 13329 4449 1230 2214 30 10 307 0 1652 2169884672 24947 18446744073709551615 1 1 0 0 0 0 4612 1 1073775864 0 0 0 -1 0 0 0 0 0 0 0 0 0 0 0 0 0 0
695 772 (PackageInstalle) S 333 333 0 0 -1 1077936192 171039 450980 3801 220 3148 792 1230 2214 20 0 307 0 2983 2169884672 24947 18446744073709551615 1 1 0 0 0 0 4612 1 1073775864 0 0 0 -1 1 0 0 0 0 0 0 0 0 0 0 0 0 0
695 7739 (Binder:695_16) S 333 333 0 0 -1 1077936448 144493 450980 5315 220 16555 7180 1230 2214 20 0 307 0 18295 2169884672 24947 18446744073709551615 1 1 0 0 0 0 4612 1 1073775864 0 0 0 -1 1 0 0 0 0 0 0 0 0 0 0 0 0 0
695 775 (HealthServiceHw) S 333 333 0 0 -1 1077936192 6 450980 0 220 0 0 1230 2214 20 0 307 0 3058 2169884672 24947 18446744073709551615 1 1 0 0 0 0 4612 1 1073775864 0 0 0 -1 0 0 0 0 0 0 0 0 0 0 0 0 0 0
695 778 (RollbackPackage) S 333 333 0 0 -1 1077936192 9 450980 0 220 0 0 1230 2214 20 0 307 0 3060 2169884672 24947 18446744073709551615 1 1 0 0 0 0 4612 1 1073775864 0 0 0 -1 1 0 0 0 0 0 0 0 0 0 0 0 0 0
695 779 (RollbackManager) S 333 333 0 0 -1 1077936192 1526 450980 295 220 62 39 1230 2214 20 0 307 0 3061 2169884672 24947 18446744073709551615 1 1 0 0 0 0 4612 1 1073775864 0 0 0 -1 0 0 0 0 0 0 0 0 0 0 0 0 0 0
695 7793 (LogRetentionJob) S 333 333 0 0 -1 1077936192 10 450980 1 220 0 0 1230 2214 20 0 307 0 95242888 2169884672 24947 18446744073709551615 1 1 0 0 0 0 4612 1 1073775864 0 0 0 -1 0 0 0 0 0 0 0 0 0 0 0 0 0 0
695 781 (AccountManagerS) S 333 333 0 0 -1 1077936192 2432 450980 956 220 75 33 1230 2214 18 -2 307 0 3064 2169884672 24947 18446744073709551615 1 1 0 0 0 0 4612 1 1073775864 0 0 0 -1 3 0 0 0 0 0 0 0 0 0 0 0 0 0
695 782 (SettingsProvide) S 333 333 0 0 -1 1077936192 11483 450980 1070 220 598 231 1230 2214 30 10 307 0 3067 2169884672 24947 18446744073709551615 1 1 0 0 0 0 4612 1 1073775864 0 0 0 -1 1 0 0 0 0 0 0 0 0 0 0 0 0 0
695 787 (AlarmManager) S 333 333 0 0 -1 1077936448 20137 450980 857 220 1693 1455 1230 2214 20 0 307 0 3142 2169884672 24947 18446744073709551615 1 1 0 0 0 0 4612 1 1073775864 0 0 0 -1 3 0 0 0 0 0 0 0 0 0 0 0 0 0
695 789 (AmazonAccMgrCal) S 333 333 0 0 -1 1077936192 5 450980 0 220 0 0 1230 2214 30 10 307 0 3150 2169884672 24947 18446744073709551615 1 1 0 0 0 0 4612 1 1073775864 0 0 0 -1 1 0 0 0 0 0 0 0 0 0 0 0 0 0
695 790 (MagnifierSettin) S 333 333 0 0 -1 1077936192 5 450980 0 220 0 0 1230 2214 20 0 307 0 3152 2169884672 24947 18446744073709551615 1 1 0 0 0 0 4612 1 1073775864 0 0 0 -1 2 0 0 0 0 0 0 0 0 0 0 0 0 0
695 792 (CustomAppLaunch) S 333 333 0 0 -1 1077936192 4 450980 0 220 0 0 1230 2214 25 5 307 0 3155 2169884672 24947 18446744073709551615 1 1 0 0 0 0 4612 1 1073775864 0 0 0 -1 2 0 0 0 0 0 0 0 0 0 0 0 0 0
695 793 (UEventObserver) S 333 333 0 0 -1 4194624 730 450980 284 220 30 34 1230 2214 20 0 307 0 3156 2169884672 24947 18446744073709551615 1 1 0 0 0 0 4612 1 1073775864 0 0 0 -1 1 0 0 0 0 0 0 0 0 0 0 0 0 0
695 794 (AmazonWindowMet) S 333 333 0 0 -1 1077936192 6466 450980 927 220 126 43 1230 2214 20 0 307 0 3157 2169884672 24947 18446744073709551615 1 1 0 0 0 0 4612 1 1073775864 0 0 0 -1 0 0 0 0 0 0 0 0 0 0 0 0 0 0
695 795 (ArcusConfig) S 333 333 0 0 -1 1077936192 151 450980 102 220 2 2 1230 2214 20 0 307 0 3157 2169884672 24947 18446744073709551615 1 1 0 0 0 0 4612 1 1073775864 0 0 0 -1 1 0 0 0 0 0 0 0 0 0 0 0 0 0
695 796 (PipUpdateHandle) S 333 333 0 0 -1 1077936192 5 450980 0 220 0 0 1230 2214 20 0 307 0 3157 2169884672 24947 18446744073709551615 1 1 0 0 0 0 4612 1 1073775864 0 0 0 -1 2 0 0 0 0 0 0 0 0 0 0 0 0 0
695 797 (InputDispatcher) S 333 333 0 0 -1 1077936192 3660 450980 1881 220 483 1140 1230 2214 12 -8 307 0 3157 2169884672 24947 18446744073709551615 1 1 0 0 0 0 4612 1 1073775864 0 0 0 -1 3 0 0 0 0 0 0 0 0 0 0 0 0 0
695 798 (InputReader) S 333 333 0 0 -1 1077936448 10575 450980 1724 220 563 1240 1230 2214 12 -8 307 0 3157 2169884672 24947 18446744073709551615 1 1 0 0 0 0 4612 1 1073775864 0 0 0 -1 3 0 0 0 0 0 0 0 0 0 0 0 0 0
695 800 (NetworkWatchlis) S 333 333 0 0 -1 1077936192 76733 450980 1159 220 2438 1317 1230 2214 30 10 307 0 3160 2169884672 24947 18446744073709551615 1 1 0 0 0 0 4612 1 1073775864 0 0 0 -1 0 0 0 0 0 0 0 0 0 0 0 0 0 0
695 801 (AppIntegrityMan) S 333 333 0 0 -1 1077936448 28702 450980 3986 220 390 185 1230 2214 20 0 307 0 3160 2169884672 24947 18446744073709551615 1 1 0 0 0 0 4612 1 1073775864 0 0 0 -1 2 0 0 0 0 0 0 0 0 0 0 0 0 0
695 802 (StorageManagerS) S 333 333 0 0 -1 1077936192 1278 450980 151 220 17 12 1230 2214 20 0 307 0 3165 2169884672 24947 18446744073709551615 1 1 0 0 0 0 4612 1 1073775864 0 0 0 -1 3 0 0 0 0 0 0 0 0 0 0 0 0 0
695 8454 (AmazonFingerPri) S 333 333 0 0 -1 1077936192 6 450980 6 220 0 1 1230 2214 30 10 307 0 225006254 2169884672 24947 18446744073709551615 1 1 0 0 0 0 4612 1 1073775864 0 0 0 -1 3 0 0 0 0 0 0 0 0 0 0 0 0 0
695 8880 (Binder:695_17) S 333 333 0 0 -1 1077936448 180307 450980 5664 220 19924 8915 1230 2214 20 0 307 0 20691 2169884672 24947 18446744073709551615 1 1 0 0 0 0 4612 1 1073775864 0 0 0 -1 0 0 0 0 0 0 0 0 0 0 0 0 0 0
695 8961 (AmazonFingerPri) S 333 333 0 0 -1 1077936192 5 450980 0 220 0 0 1230 2214 30 10 307 0 173172283 2169884672 24947 18446744073709551615 1 1 0 0 0 0 4612 1 1073775864 0 0 0 -1 0 0 0 0 0 0 0 0 0 0 0 0 0 0
695 9268 (AudioTrack) S 333 333 0 0 -1 1077936192 8 450980 3 220 0 0 1230 2214 4 -16 307 0 200357252 2169884672 24947 18446744073709551615 1 1 0 0 0 0 4612 1 1073775864 0 0 0 -1 2 0 0 0 0 0 0 0 0 0 0 0 0 0
695 9484 (Binder:695_18) S 333 333 0 0 -1 1077936448 184554 450980 7254 220 22162 9937 1230 2214 20 0 307 0 21846 2169884672 24947 18446744073709551615 1 1 0 0 0 4096 4612 1 1073775864 0 0 0 -1 2 0 0 0 0 0 0 0 0 0 0 0 0 0
695 970 (LockSettingsSer) S 333 333 0 0 -1 1077936192 9 450980 0 220 0 0 1230 2214 30 10 307 0 5587 2169884672 24947 18446744073709551615 1 1 0 0 0 0 4612 1 1073775864 0 0 0 -1 0 0 0 0 0 0 0 0 0 0 0 0 0 0
695 973 (NetworkStats) S 333 333 0 0 -1 1077936448 9576719 450980 7233 220 584563 18439 1230 2214 20 0 307 0 5614 2169884672 24947 18446744073709551615 1 1 0 0 0 0 4612 1 1073775864 0 0 0 -1 3 0 0 0 0 0 0 0 0 0 0 0 0 0
695 974 (NetworkPolicy) S 333 333 0 0 -1 1077936192 2880758 450980 726 220 29973 5932 1230 2214 20 0 307 0 5615 2169884672 24947 18446744073709551615 1 1 0 0 0 0 4612 1 1073775864 0 0 0 -1 2 0 0 0 0 0 0 0 0 0 0 0 0 0
695 975 (tworkPolicy.uid) S 333 333 0 0 -1 1077936192 58089 450980 695 220 703 702 1230 2214 18 -2 307 0 5615 2169884672 24947 18446744073709551615 1 1 0 0 0 0 4612 1 1073775864 0 0 0 -1 2 0 0 0 0 0 0 0 0 0 0 0 0 0
695 976 (AsyncChannelHan) S 333 333 0 0 -1 1077936192 6 450980 0 220 0 0 1230 2214 20 0 307 0 5619 2169884672 24947 18446744073709551615 1 1 0 0 0 0 4612 1 1073775864 0 0 0 -1 1 0 0 0 0 0 0 0 0 0 0 0 0 0
695 977 (WifiHandlerThre) S 333 333 0 0 -1 1077936448 2197356 450980 14251 220 61153 21337 1230 2214 20 0 307 0 5619 2169884672 24947 18446744073709551615 1 1 0 0 0 0 4612 1 1073775864 0 0 0 -1 0 0 0 0 0 0 0 0 0 0 0 0 0 0
695 978 (WifiP2pService) S 333 333 0 0 -1 1077936192 1458 450980 478 220 22 23 1230 2214 20 0 307 0 5619 2169884672 24947 18446744073709551615 1 1 0 0 0 0 4612 1 1073775864 0 0 0 -1 1 0 0 0 0 0 0 0 0 0 0 0 0 0
695 979 (PasspointProvis) S 333 333 0 0 -1 1077936192 86 450980 2 220 4 1 1230 2214 20 0 307 0 5619 2169884672 24947 18446744073709551615 1 1 0 0 0 0 4612 1 1073775864 0 0 0 -1 1 0 0 0 0 0 0 0 0 0 0 0 0 0
695 980 (WifiScanningSer) S 333 333 0 0 -1 1077936448 2681 450980 63 220 78 9 1230 2214 20 0 307 0 5643 2169884672 24947 18446744073709551615 1 1 0 0 0 0 4612 1 1073775864 0 0 0 -1 2 0 0 0 0 0 0 0 0 0 0 0 0 0
695 981 (ConnectivitySer) S 333 333 0 0 -1 1077936192 1206509 450980 2776 220 63746 2902 1230 2214 20 0 307 0 5649 2169884672 24947 18446744073709551615 1 1 0 0 0 0 4612 1 1073775864 0 0 0 -1 2 0 0 0 0 0 0 0 0 0 0 0 0 0
695 9814 (AmazonFingerPri) S 333 333 0 0 -1 1077936192 6 450980 0 220 0 0 1230 2214 30 10 307 0 95407880 2169884672 24947 18446744073709551615 1 1 0 0 0 0 4612 1 1073775864 0 0 0 -1 0 0 0 0 0 0 0 0 0 0 0 0 0 0
695 982 (roid.pacmanager) S 333 333 0 0 -1 1077936192 5 450980 0 220 0 0 1230 2214 20 0 307 0 5649 2169884672 24947 18446744073709551615 1 1 0 0 0 0 4612 1 1073775864 0 0 0 -1 1 0 0 0 0 0 0 0 0 0 0 0 0 0
695 983 (NsdService) S 333 333 0 0 -1 1077936192 6 450980 0 220 0 0 1230 2214 20 0 307 0 5651 2169884672 24947 18446744073709551615 1 1 0 0 0 0 4612 1 1073775864 0 0 0 -1 3 0 0 0 0 0 0 0 0 0 0 0 0 0
695 984 (mDnsConnector) S 333 333 0 0 -1 1077936192 6 450980 0 220 0 0 1230 2214 20 0 307 0 5652 2169884672 24947 18446744073709551615 1 1 0 0 0 0 4612 1 1073775864 0 0 0 -1 0 0 0 0 0 0 0 0 0 0 0 0 0 0
695 985 (ranker) S 333 333 0 0 -1 1077936192 105758 450980 340 220 934 168 1230 2214 30 10 307 0 5655 2169884672 24947 18446744073709551615 1 1 0 0 0 0 4612 1 1073775864 0 0 0 -1 2 0 0 0 0 0 0 0 0 0 0 0 0 0
695 986 (notification-sq) S 333 333 0 0 -1 1077936192 6960 450980 4470 220 368 1323 1230 2214 30 10 307 0 5655 2169884672 24947 18446744073709551615 1 1 0 0 0 0 4612 1 1073775864 0 0 0 -1 0 0 0 0 0 0 0 0 0 0 0 0 0 0
695 987 (onProviders.ECP) S 333 333 0 0 -1 1077936448 106 450980 42 220 4 7 1230 2214 30 10 307 0 5655 2169884672 24947 18446744073709551615 1 1 0 0 0 0 4612 1 1073775864 0 0 0 -1 2 0 0 0 0 0 0 0 0 0 0 0 0 0
695 988 (DeviceStorageMo) S 333 333 0 0 -1 1077936192 20811 450980 706 220 3272 3595 1230 2214 30 10 307 0 5658 2169884672 24947 18446744073709551615 1 1 0 0 0 0 4612 1 1073775864 0 0 0 -1 2 0 0 0 0 0 0 0 0 0 0 0 0 0
695 989 (AS.SfxWorker) S 333 333 0 0 -1 1077936192 554 450980 150 220 36 43 1230 2214 20 0 307 0 5659 2169884672 24947 18446744073709551615 1 1 0 0 0 0 4612 1 1073775864 0 0 0 -1 2 0 0 0 0 0 0 0 0 0 0 0 0 0
695 990 (AudioService) S 333 333 0 0 -1 1077936192 684 450980 301 220 20 18 1230 2214 20 0 307 0 5660 2169884672 24947 18446744073709551615 1 1 0 0 0 0 4612 1 1073775864 0 0 0 -1 0 0 0 0 0 0 0 0 0 0 0 0 0 0
695 991 (AudioDeviceBrok) S 333 333 0 0 -1 1077936192 350 450980 236 220 14 9 1230 2214 20 0 307 0 5662 2169884672 24947 18446744073709551615 1 1 0 0 0 0 4612 1 1073775864 0 0 0 -1 3 0 0 0 0 0 0 0 0 0 0 0 0 0
695 992 (Thread-8) S 333 333 0 0 -1 1077936192 8 450980 0 220 0 0 1230 2214 20 0 307 0 5673 2169884672 24947 18446744073709551615 1 1 0 0 0 0 4612 1 1073775864 0 0 0 -1 0 0 0 0 0 0 0 0 0 0 0 0 0 0
695 994 (HwBinder:695_2) S 333 333 0 0 -1 1077936192 3021 450980 259 220 264 82 1230 2214 20 0 307 0 5676 2169884672 24947 18446744073709551615 1 1 0 0 0 0 4612 1 1073775864 0 0 0 -1 0 0 0 0 0 0 0 0 0 0 0 0 0 0
695 995 (HwBinder:695_3) S 333 333 0 0 -1 1077936192 3907 450980 346 220 327 99 1230 2214 20 0 307 0 5676 2169884672 24947 18446744073709551615 1 1 0 0 0 0 4612 1 1073775864 0 0 0 -1 0 0 0 0 0 0 0 0 0 0 0 0 0 0
695 9959 (Binder:695_19) S 333 333 0 0 -1 1077936448 169717 450980 6124 220 19351 8449 1230 2214 20 0 307 0 22768 2169884672 24947 18446744073709551615 1 1 0 0 0 0 4612 1 1073775864 0 0 0 -1 3 0 0 0 0 0 0 0 0 0 0 0 0 0
695 997 (ConnectivityThr) S 333 333 0 0 -1 1077936192 13983 450980 299 220 245 97 1230 2214 20 0 307 0 5677 2169884672 24947 18446744073709551615 1 1 0 0 0 0 4612 1 1073775864 0 0 0 -1 1 0 0 0 0 0 0 0 0 0 0 0 0 0
695 999 (backup) S 333 333 0 0 -1 1077936192 9 450980 0 220 0 0 1230 2214 30 10 307 0 5678 2169884672 24947 18446744073709551615 1 1 0 0 0 0 4612 1 1073775864 0 0 0 -1 3 0 0 0 0 0 0 0 0 0 0 0 0 0
421 12715 (Binder:421_B) S 1 421 0 0 -1 1077936192 1344 0 993 0 1000 1128 0 0 20 0 27 0 56183809 82927616 1193 18446744073709551615 1 1 0 0 0 0 0 4096 1073775864 0 0 0 -1 0 0 0 0 0 0 0 0 0 0 0 0 0 0
421 13139 (Binder:421_8) S 1 421 0 0 -1 1077936192 1611 0 1453 0 1111 1341 0 0 20 0 27 0 170936 82927616 1193 18446744073709551615 1 1 0 0 0 0 0 4096 1073775864 0 0 0 -1 0 0 0 0 0 0 0 0 0 0 0 0 0 0
421 1497 (Binder:421_4) S 1 421 0 0 -1 1077936192 1315 0 1563 0 978 1187 0 0 20 0 27 0 5982 82927616 1193 18446744073709551615 1 1 0 0 0 0 0 4096 1073775864 0 0 0 -1 3 0 0 0 0 0 0 0 0 0 0 0 0 0
421 1755 (Binder:421_5) S 1 421 0 0 -1 1077936192 1149 0 1578 0 874 1036 0 0 20 0 27 0 6211 82927616 1193 18446744073709551615 1 1 0 0 0 0 0 4096 1073775864 0 0 0 -1 0 0 0 0 0 0 0 0 0 0 0 0 0 0
421 20227 (Binder:421_9) S 1 421 0 0 -1 1077936192 961 0 1120 0 1011 1221 0 0 20 0 27 0 3538829 82927616 1193 18446744073709551615 1 1 0 0 0 0 0 4096 1073775864 0 0 0 -1 0 0 0 0 0 0 0 0 0 0 0 0 0 0
421 2098 (Binder:421_E) S 1 421 0 0 -1 1077936192 962 0 1163 0 937 1140 0 0 20 0 27 0 222558174 82927616 1193 18446744073709551615 1 1 0 0 0 0 0 4096 1073775864 0 0 0 -1 0 0 0 0 0 0 0 0 0 0 0 0 0 0
421 2176 (Binder:421_F) S 1 421 0 0 -1 1077936192 1066 0 1469 0 958 1112 0 0 20 0 27 0 222560643 82927616 1193 18446744073709551615 1 1 0 0 0 0 0 4096 1073775864 0 0 0 -1 0 0 0 0 0 0 0 0 0 0 0 0 0 0
421 22281 (Binder:421_A) S 1 421 0 0 -1 1077936192 1326 0 1639 0 893 1087 0 0 20 0 27 0 12975899 82927616 1193 18446744073709551615 1 1 0 0 0 0 0 4096 1073775864 0 0 0 -1 0 0 0 0 0 0 0 0 0 0 0 0 0 0
421 2304 (Binder:421_10) S 1 421 0 0 -1 1077936192 996 0 1215 0 1083 1244 0 0 20 0 27 0 222563395 82927616 1193 18446744073709551615 1 1 0 0 0 0 0 4096 1073775864 0 0 0 -1 0 0 0 0 0 0 0 0 0 0 0 0 0 0
421 2961 (Binder:421_C) S 1 421 0 0 -1 1077936192 899 0 1312 0 752 899 0 0 20 0 27 0 64815230 82927616 1193 18446744073709551615 1 1 0 0 0 0 0 4096 1073775864 0 0 0 -1 0 0 0 0 0 0 0 0 0 0 0 0 0 0
421 30043 (HwBinder:421_3) S 1 421 0 0 -1 1077936192 12 0 11 0 0 0 0 0 20 0 27 0 253212263 82927616 1193 18446744073709551615 1 1 0 0 0 0 0 4096 1073775864 0 0 0 -1 2 0 0 0 0 0 0 0 0 0 0 0 0 0
421 4158 (Binder:421_6) S 1 421 0 0 -1 1077936192 1962 0 2632 0 1025 1197 0 0 20 0 27 0 8659 82927616 1193 18446744073709551615 1 1 0 0 0 0 0 4096 1073775864 0 0 0 -1 0 0 0 0 0 0 0 0 0 0 0 0 0 0
421 421 (audioserver) S 1 421 0 0 -1 1077936384 4407 0 1766 0 947 1131 0 0 20 0 27 0 859 82927616 1193 18446744073709551615 1 1 0 0 0 0 0 4096 1073775864 0 0 0 17 1 0 0 0 0 0 0 0 0 0 0 0 0 0
421 465 (DeviceEffectMan) S 1 421 0 0 -1 1077936192 40 0 67 0 0 0 0 0 4 -16 27 0 888 82927616 1193 18446744073709551615 1 1 0 0 0 0 0 4096 1073775864 0 0 0 -1 3 0 0 0 0 0 0 0 0 0 0 0 0 0
421 473 (HwBinder:421_1) S 1 421 0 0 -1 1077936192 10 0 8 0 0 0 0 0 20 0 27 0 894 82927616 1193 18446744073709551615 1 1 0 0 0 0 0 4096 1073775864 0 0 0 -1 3 0 0 0 0 0 0 0 0 0 0 0 0 0
421 474 (HwBinder:421_2) S 1 421 0 0 -1 1077936192 30 0 34 0 0 0 0 0 20 0 27 0 894 82927616 1193 18446744073709551615 1 1 0 0 0 0 0 4096 1073775864 0 0 0 -1 3 0 0 0 0 0 0 0 0 0 0 0 0 0
421 6116 (Binder:421_7) S 1 421 0 0 -1 1077936192 1450 0 2117 0 992 1169 0 0 20 0 27 0 13799 82927616 1193 18446744073709551615 1 1 0 0 0 0 0 4096 1073775864 0 0 0 -1 3 0 0 0 0 0 0 0 0 0 0 0 0 0
421 626 (ApmAudio) S 1 421 0 0 -1 1077936192 220 0 410 0 8 9 0 0 4 -16 27 0 1188 82927616 1193 18446744073709551615 1 1 0 0 0 0 0 4096 1073775864 0 0 0 -1 1 0 0 0 0 0 0 0 0 0 0 0 0 0
421 627 (ApmOutput) S 1 421 0 0 -1 1077936192 1487 0 613 0 1674 659 0 0 4 -16 27 0 1188 82927616 1193 18446744073709551615 1 1 0 0 0 0 0 4096 1073775864 0 0 0 -1 0 0 0 0 0 0 0 0 0 0 0 0 0 0
421 652 (Binder:421_1) S 1 421 0 0 -1 1077936192 1763 0 1788 0 950 1079 0 0 20 0 27 0 1212 82927616 1193 18446744073709551615 1 1 0 0 0 0 0 4096 1073775864 0 0 0 -1 1 0 0 0 0 0 0 0 0 0 0 0 0 0
421 653 (Binder:421_2) S 1 421 0 0 -1 1077936192 1258 0 1589 0 939 1174 0 0 20 0 27 0 1212 82927616 1193 18446744073709551615 1 1 0 0 0 0 0 4096 1073775864 0 0 0 -1 0 0 0 0 0 0 0 0 0 0 0 0 0 0
421 683 (AudioOut_D) S 1 421 0 0 -1 1077936192 158654 0 4306 0 1022492 1176717 0 0 1 -19 27 0 1276 82927616 1193 18446744073709551615 1 1 0 0 0 0 0 4096 1073775864 0 0 0 -1 2 0 0 0 0 0 0 0 0 0 0 0 0 0
421 688 (FastMixer) S 1 421 0 0 -1 1077936192 1 0 0 0 0 0 0 0 -4 -19 27 0 1294 82927616 1193 18446744073709551615 1 1 0 0 0 0 0 4096 1073775864 0 0 0 -1 3 3 1 0 0 0 0 0 0 0 0 0 0 0
421 689 (AudioOut_15) S 1 421 0 0 -1 1077936192 951 0 1816 0 303 302 0 0 1 -19 27 0 1294 82927616 1193 18446744073709551615 1 1 0 0 0 0 0 4096 1073775864 0 0 0 -1 2 0 0 0 0 0 0 0 0 0 0 0 0 0
421 7056 (Binder:421_D) S 1 421 0 0 -1 1077936192 768 0 628 0 856 947 0 0 20 0 27 0 200307787 82927616 1193 18446744073709551615 1 1 0 0 0 0 0 4096 1073775864 0 0 0 -1 1 0 0 0 0 0 0 0 0 0 0 0 0 0
421 773 (Binder:421_3) S 1 421 0 0 -1 1077936192 1276 0 1455 0 934 1102 0 0 20 0 27 0 3007 82927616 1193 18446744073709551615 1 1 0 0 0 0 0 4096 1073775864 0 0 0 -1 0 0 0 0 0 0 0 0 0 0 0 0 0 0
421 776 (TimeCheckThread) S 1 421 0 0 -1 1077936192 36 0 41 0 718 2168 0 0 1 -19 27 0 3060 82927616 1193 18446744073709551615 1 1 0 0 0 0 0 4096 1073775864 0 0 0 -1 1 0 0 0 0 0 0 0 0 0 0 0 0 0
388 12955 (HwBinder:388_6) S 1 388 0 0 -1 1077952832 6464 0 828 0 4921 5618 0 0 20 0 14 0 254106422 87240704 867 18446744073709551615 1 1 0 0 0 0 0 0 1073775864 0 0 0 -1 1 0 0 0 0 0 0 0 0 0 0 0 0 0
388 1757 (HwBinder:388_3) S 1 388 0 0 -1 1077936448 13081 0 1118 0 19 18 0 0 20 0 14 0 6213 87240704 867 18446744073709551615 1 1 0 0 0 0 0 0 1073775864 0 0 0 -1 3 0 0 0 0 0 0 0 0 0 0 0 0 0
388 2240 (HwBinder:388_4) S 1 388 0 0 -1 1077952832 26754 0 2103 0 5290 6540 0 0 20 0 14 0 6658 87240704 867 18446744073709551615 1 1 0 0 0 0 0 0 1073775864 0 0 0 -1 1 0 0 0 0 0 0 0 0 0 0 0 0 0
388 388 (audio.service) S 1 388 0 0 -1 1077936384 16301 0 691 0 4907 5708 0 0 20 0 14 0 838 87240704 867 18446744073709551615 1 1 0 0 0 0 0 0 1073775864 0 0 0 17 1 0 0 0 0 0 0 0 0 0 0 0 0 0
388 406 (Binder:388_1) S 1 388 0 0 -1 1077936192 12 0 0 0 0 0 0 0 20 0 14 0 853 87240704 867 18446744073709551615 1 1 0 0 0 0 0 0 1073775864 0 0 0 -1 0 0 0 0 0 0 0 0 0 0 0 0 0 0
388 412 (Binder:388_2) S 1 388 0 0 -1 1077936192 2 0 0 0 0 0 0 0 20 0 14 0 856 87240704 867 18446744073709551615 1 1 0 0 0 0 0 0 1073775864 0 0 0 -1 0 0 0 0 0 0 0 0 0 0 0 0 0 0
388 436 (HwBinder:388_1) S 1 388 0 0 -1 1077936192 18248 0 971 0 2537 3281 0 0 20 0 14 0 869 87240704 867 18446744073709551615 1 1 0 0 0 0 0 0 1073775864 0 0 0 -1 3 0 0 0 0 0 0 0 0 0 0 0 0 0
388 437 (HwBinder:388_2) S 1 388 0 0 -1 1077952832 13506 0 2685 0 2653 3316 0 0 20 0 14 0 869 87240704 867 18446744073709551615 1 1 0 0 0 0 0 0 1073775864 0 0 0 -1 3 0 0 0 0 0 0 0 0 0 0 0 0 0
388 668 (audio.service) S 1 388 0 0 -1 1077936192 0 0 0 0 0 0 0 0 20 0 14 0 1231 87240704 867 18446744073709551615 1 1 0 0 0 0 0 0 1073775864 0 0 0 -1 2 0 0 0 0 0 0 0 0 0 0 0 0 0
388 679 (MS12ConfigThrea) S 1 388 0 0 -1 1077936192 1 0 0 0 0 0 0 0 -3 -19 14 0 1269 87240704 867 18446744073709551615 1 1 0 0 0 0 0 0 1073775864 0 0 0 -1 3 2 1 0 0 0 0 0 0 0 0 0 0 0
388 680 (audio.service) S 1 388 0 0 -1 1077936192 259 0 619 0 1 13 0 0 20 0 14 0 1271 87240704 867 18446744073709551615 1 1 0 0 0 0 0 0 1073775864 0 0 0 -1 3 0 0 0 0 0 0 0 0 0 0 0 0 0
388 687 (MixerThread) S 1 388 0 0 -1 1077936192 1 0 0 0 0 0 0 0 1 -19 14 0 1292 87240704 867 18446744073709551615 1 1 0 0 0 0 0 0 1073775864 0 0 0 -1 3 0 0 0 0 0 0 0 0 0 0 0 0 0
388 783 (writer) S 1 388 0 0 -1 1077936448 1226 0 1114 0 1368446 1147478 0 0 1 -19 14 0 3095 87240704 867 18446744073709551615 1 1 0 0 0 0 0 0 1073775864 0 0 0 -1 1 0 0 0 0 0 0 0 0 0 0 0 0 0
388 9833 (HwBinder:388_5) S 1 388 0 0 -1 1077952832 47534 0 4827 0 6097 7245 0 0 20 0 14 0 22494 87240704 867 18446744073709551615 1 1 0 0 0 0 0 0 1073775864 0 0 0 -1 3 0 0 0 0 0 0 0 0 0 0 0 0 0
10312 10312 (.deathride.perf) S 333 333 0 0 -1 1077936448 12222 0 28 0 846 360 0 0 10 -10 46 0 269482471 1511915520 45517 18446744073709551615 1 1 0 0 0 0 4612 1 1073775864 0 0 0 17 3 0 0 0 0 0 0 0 0 0 0 0 0 0
10312 10322 (Signal Catcher) S 333 333 0 0 -1 1077936192 57 0 0 0 0 0 0 0 12 -8 46 0 269482477 1511923712 45517 18446744073709551615 1 1 0 0 0 0 4096 1 1073775864 0 0 0 -1 3 0 0 0 0 0 0 0 0 0 0 0 0 0
10312 10325 (perfetto_hprof_) S 333 333 0 0 -1 4194368 8 0 0 0 0 0 0 0 0 -20 46 0 269482477 1511923712 45517 18446744073709551615 1 1 0 0 0 0 4612 1 1073775864 0 0 0 -1 1 0 0 0 0 0 0 0 0 0 0 0 0 0
10312 10326 (ADB-JDWP Connec) S 333 333 0 0 -1 4194368 10 0 0 0 0 0 0 0 0 -20 46 0 269482477 1511923712 45520 18446744073709551615 1 1 0 0 0 0 4612 1 1073775864 0 0 0 -1 1 0 0 0 0 0 0 0 0 0 0 0 0 0
10312 10327 (Jit thread pool) S 333 333 0 0 -1 1077936192 105505 0 682 0 615 151 0 0 20 0 46 0 269482477 1511923712 45520 18446744073709551615 1 1 0 0 0 0 4612 1 1073775864 0 0 0 -1 2 0 0 0 0 0 0 0 0 0 0 0 0 0
10312 10328 (HeapTaskDaemon) S 333 333 0 0 -1 1077936192 17392 0 2 0 270 64 0 0 24 4 46 0 269482477 1511923712 45522 18446744073709551615 1 1 0 0 0 0 4612 1 1073775864 0 0 0 -1 0 0 0 0 0 0 0 0 0 0 0 0 0 0
10312 10329 (ReferenceQueueD) S 333 333 0 0 -1 1077936192 8 0 0 0 11 0 0 0 24 4 46 0 269482477 1511923712 45522 18446744073709551615 1 1 0 0 0 0 4612 1 1073775864 0 0 0 -1 2 0 0 0 0 0 0 0 0 0 0 0 0 0
10312 10330 (FinalizerDaemon) S 333 333 0 0 -1 1077936192 87 0 0 0 2 0 0 0 24 4 46 0 269482477 1511907328 45522 18446744073709551615 1 1 0 0 0 0 4612 1 1073775864 0 0 0 -1 2 0 0 0 0 0 0 0 0 0 0 0 0 0
10312 10331 (FinalizerWatchd) S 333 333 0 0 -1 1077936192 8 0 0 0 0 0 0 0 24 4 46 0 269482477 1511923712 45525 18446744073709551615 1 1 0 0 0 0 4612 1 1073775864 0 0 0 -1 2 0 0 0 0 0 0 0 0 0 0 0 0 0
10312 10332 (Binder:10312_1) S 333 333 0 0 -1 1077936192 10 0 0 0 0 0 0 0 20 0 46 0 269482478 1511923712 45525 18446744073709551615 1 1 0 0 0 0 4612 1 1073775864 0 0 0 -1 3 0 0 0 0 0 0 0 0 0 0 0 0 0
10312 10333 (Binder:10312_2) S 333 333 0 0 -1 1077936192 96 0 0 0 1 0 0 0 20 0 46 0 269482478 1511923712 45526 18446744073709551615 1 1 0 0 0 0 4612 1 1073775864 0 0 0 -1 3 0 0 0 0 0 0 0 0 0 0 0 0 0
10312 10334 (Binder:10312_3) S 333 333 0 0 -1 1077936192 47 0 0 0 0 0 0 0 20 0 46 0 269482479 1511899136 45526 18446744073709551615 1 1 0 0 0 0 4612 1 1073775864 0 0 0 -1 3 0 0 0 0 0 0 0 0 0 0 0 0 0
10312 10335 (Binder:10312_4) S 333 333 0 0 -1 1077936192 15 0 0 0 0 0 0 0 20 0 46 0 269482481 1511940096 45526 18446744073709551615 1 1 0 0 0 0 4612 1 1073775864 0 0 0 -1 2 0 0 0 0 0 0 0 0 0 0 0 0 0
10312 10339 (Profile Saver) S 333 333 0 0 -1 1077936192 2322 0 0 0 50 1 0 0 29 9 46 0 269482531 1511940096 45529 18446744073709551615 1 1 0 0 0 0 4612 1 1073775864 0 0 0 -1 0 0 0 0 0 0 0 0 0 0 0 0 0 0
10312 10340 (RenderThread) S 333 333 0 0 -1 1077936192 330 0 2 0 1 1 0 0 10 -10 46 0 269482536 1511923712 45529 18446744073709551615 1 1 0 0 0 0 4612 1 1073775864 0 0 0 -1 2 0 0 0 0 0 0 0 0 0 0 0 0 0
10312 10346 (deathride-cours) S 333 333 0 0 -1 1077936192 7381 0 0 0 847 9 0 0 33 13 46 0 269482631 1511923712 45530 18446744073709551615 1 1 0 0 0 0 4612 1 1073775864 0 0 0 -1 2 0 0 0 0 0 0 0 0 0 0 0 0 0
10312 10349 (AmazonAccMgrCal) S 333 333 0 0 -1 1077936192 7 0 0 0 0 0 0 0 30 10 46 0 269482668 1511923712 45530 18446744073709551615 1 1 0 0 0 0 4612 1 1073775864 0 0 0 -1 1 0 0 0 0 0 0 0 0 0 0 0 0 0
10312 10350 (GLThread 50009) S 333 333 0 0 -1 1077936192 616794 0 15 0 18999 4161 0 0 16 -4 46 0 269482669 1511923712 45530 18446744073709551615 1 1 0 0 0 0 4612 1 1073775864 0 0 0 -1 1 0 0 0 0 0 0 0 0 0 0 0 0 0
10312 10351 (Binder:PerfStat) S 333 333 0 0 -1 1077936192 12 0 0 0 0 0 0 0 30 10 46 0 269482676 1511899136 45533 18446744073709551615 1 1 0 0 0 0 4612 1 1073775864 0 0 0 -1 2 0 0 0 0 0 0 0 0 0 0 0 0 0
10312 10352 (hwuiTask0) S 333 333 0 0 -1 1077936192 12 0 0 0 0 0 0 0 18 -2 46 0 269482686 1511940096 45533 18446744073709551615 1 1 0 0 0 0 4612 1 1073775864 0 0 0 -1 2 0 0 0 0 0 0 0 0 0 0 0 0 0
10312 10353 (hwuiTask1) S 333 333 0 0 -1 1077936192 6 0 0 0 0 0 0 0 18 -2 46 0 269482686 1511940096 45535 18446744073709551615 1 1 0 0 0 0 4612 1 1073775864 0 0 0 -1 3 0 0 0 0 0 0 0 0 0 0 0 0 0
10312 10361 (CCodecWatchdog) S 333 333 0 0 -1 1077936192 1 0 0 0 0 0 0 0 20 0 46 0 269482763 1511923712 45535 18446744073709551615 1 1 0 0 0 0 4612 1 1073775864 0 0 0 -1 2 0 0 0 0 0 0 0 0 0 0 0 0 0
10312 10362 (NDK MediaCodec_) S 333 333 0 0 -1 1077936192 12 0 0 0 0 0 0 0 4 -16 46 0 269482763 1511923712 45535 18446744073709551615 1 1 0 0 0 0 4612 1 1073775864 0 0 0 -1 0 0 0 0 0 0 0 0 0 0 0 0 0 0
10312 10363 (NDK MediaCodec_) S 333 333 0 0 -1 1077936192 1 0 0 0 0 0 0 0 4 -16 46 0 269482763 1511923712 45535 18446744073709551615 1 1 0 0 0 0 4612 1 1073775864 0 0 0 -1 1 0 0 0 0 0 0 0 0 0 0 0 0 0
10312 10364 (HwBinder:10312_) S 333 333 0 0 -1 1077936192 59 0 0 0 3 2 0 0 10 -10 46 0 269482763 1511923712 45538 18446744073709551615 1 1 0 0 0 0 4612 1 1073775864 0 0 0 -1 1 0 0 0 0 0 0 0 0 0 0 0 0 0
10312 10370 (Binder:10312_5) S 333 333 0 0 -1 1077936192 3 0 0 0 0 0 0 0 20 0 46 0 269482776 1511899136 45539 18446744073709551615 1 1 0 0 0 0 4612 1 1073775864 0 0 0 -1 3 0 0 0 0 0 0 0 0 0 0 0 0 0
10312 10371 (Binder:10312_6) S 333 333 0 0 -1 1077936192 3 0 0 0 0 0 0 0 20 0 46 0 269482776 1511899136 45539 18446744073709551615 1 1 0 0 0 0 4612 1 1073775864 0 0 0 -1 1 0 0 0 0 0 0 0 0 0 0 0 0 0
10312 10391 (deathride-profi) S 333 333 0 0 -1 1077936192 5640 0 0 0 99 11 0 0 33 13 46 0 269482789 1511940096 45539 18446744073709551615 1 1 0 0 0 0 4612 1 1073775864 0 0 0 -1 3 0 0 0 0 0 0 0 0 0 0 0 0 0
10312 10401 (Binder:10312_7) S 333 333 0 0 -1 1077936192 9 0 0 0 0 0 0 0 20 0 46 0 269482797 1511940096 45539 18446744073709551615 1 1 0 0 0 0 4612 1 1073775864 0 0 0 -1 2 0 0 0 0 0 0 0 0 0 0 0 0 0
10312 10403 (deathride-link-) S 333 333 0 0 -1 1077936192 314 0 0 0 18 4 0 0 33 13 46 0 269482798 1511940096 45539 18446744073709551615 1 1 0 0 0 0 4612 1 1073775864 0 0 0 -1 3 0 0 0 0 0 0 0 0 0 0 0 0 0
10312 10407 (DefaultDispatch) S 333 333 0 0 -1 1077936192 9251 0 1 0 779 180 0 0 33 13 46 0 269482801 1511923712 45542 18446744073709551615 1 1 0 0 0 0 4612 1 1073775864 0 0 0 -1 2 0 0 0 0 0 0 0 0 0 0 0 0 0
10312 10408 (DefaultDispatch) S 333 333 0 0 -1 1077936192 9156 0 0 0 779 198 0 0 33 13 46 0 269482801 1511923712 45542 18446744073709551615 1 1 0 0 0 0 4612 1 1073775864 0 0 0 -1 3 0 0 0 0 0 0 0 0 0 0 0 0 0
10312 10409 (DefaultDispatch) S 333 333 0 0 -1 1077936192 9711 0 0 0 797 168 0 0 33 13 46 0 269482801 1511923712 45543 18446744073709551615 1 1 0 0 0 0 4612 1 1073775864 0 0 0 -1 3 0 0 0 0 0 0 0 0 0 0 0 0 0
10312 10469 (DefaultExecutor) S 333 333 0 0 -1 1077936192 135 0 0 0 61 39 0 0 33 13 46 0 269482862 1511899136 45543 18446744073709551615 1 1 0 0 0 0 4612 1 1073775864 0 0 0 -1 0 0 0 0 0 0 0 0 0 0 0 0 0 0
10312 10518 (GLThread 50009) S 333 333 0 0 -1 4194368 1 0 0 0 607 967 0 0 20 0 46 0 269482919 1511899136 45543 18446744073709551615 1 1 0 0 0 0 4612 1 1073775864 0 0 0 -1 1 0 0 0 0 0 0 0 0 0 0 0 0 0
10312 10519 (DefaultDispatch) S 333 333 0 0 -1 1077936192 9707 0 2 0 799 192 0 0 33 13 46 0 269482920 1511899136 45546 18446744073709551615 1 1 0 0 0 0 4612 1 1073775864 0 0 0 -1 0 0 0 0 0 0 0 0 0 0 0 0 0 0
10312 10533 (DefaultDispatch) S 333 333 0 0 -1 1077936192 10787 0 2 0 849 184 0 0 33 13 46 0 269482920 1511931904 45546 18446744073709551615 1 1 0 0 0 0 4612 1 1073775864 0 0 0 -1 0 0 0 0 0 0 0 0 0 0 0 0 0 0
10312 10538 (DefaultDispatch) S 333 333 0 0 -1 1077936192 8237 0 1 0 754 197 0 0 33 13 46 0 269482922 1511923712 45548 18446744073709551615 1 1 0 0 0 0 4612 1 1073775864 0 0 0 -1 2 0 0 0 0 0 0 0 0 0 0 0 0 0
10312 10592 (DefaultDispatch) S 333 333 0 0 -1 1077936192 62100 0 0 0 1737 227 0 0 33 13 46 0 269483072 1511923712 45548 18446744073709551615 1 1 0 0 0 0 4612 1 1073775864 0 0 0 -1 2 0 0 0 0 0 0 0 0 0 0 0 0 0
10312 10596 (DefaultDispatch) S 333 333 0 0 -1 1077936192 12557 0 0 0 813 181 0 0 33 13 46 0 269483137 1511899136 45548 18446744073709551615 1 1 0 0 0 0 4612 1 1073775864 0 0 0 -1 3 0 0 0 0 0 0 0 0 0 0 0 0 0
10312 11129 (DefaultDispatch) S 333 333 0 0 -1 1077936192 12000 0 0 0 800 189 0 0 33 13 46 0 269485895 1511907328 45548 18446744073709551615 1 1 0 0 0 0 4612 1 1073775864 0 0 0 -1 2 0 0 0 0 0 0 0 0 0 0 0 0 0
10312 11136 (DefaultDispatch) S 333 333 0 0 -1 1077936192 12485 0 0 0 797 181 0 0 33 13 46 0 269485947 1511923712 45551 18446744073709551615 1 1 0 0 0 0 4612 1 1073775864 0 0 0 -1 2 0 0 0 0 0 0 0 0 0 0 0 0 0
10312 11137 (DeathRideAudio) S 333 333 0 0 -1 1077936192 272 0 0 0 176 124 0 0 20 0 46 0 269485949 1511923712 45551 18446744073709551615 1 1 0 0 0 0 4612 1 1073775864 0 0 0 -1 0 0 0 0 0 0 0 0 0 0 0 0 0 0
10312 11139 (DefaultDispatch) S 333 333 0 0 -1 1077936192 9646 0 0 0 764 183 0 0 33 13 46 0 269485973 1511923712 45552 18446744073709551615 1 1 0 0 0 0 4612 1 1073775864 0 0 0 -1 3 0 0 0 0 0 0 0 0 0 0 0 0 0
10312 11140 (DefaultDispatch) S 333 333 0 0 -1 4194368 9957 0 1 0 743 180 0 0 33 13 46 0 269485988 1511923712 45552 18446744073709551615 1 1 0 0 0 0 4612 1 1073775864 0 0 0 -1 0 0 0 0 0 0 0 0 0 0 0 0 0 0
10312 11206 (DefaultDispatch) S 333 333 0 0 -1 1077936192 7927 0 0 0 602 149 0 0 33 13 46 0 269491697 1511899136 45552 18446744073709551615 1 1 0 0 0 0 4612 1 1073775864 0 0 0 -1 3 0 0 0 0 0 0 0 0 0 0 0 0 0
==schedstat
421 12715 21295188820 18626051788 247697
421 13139 24530243451 22325365451 290090
421 1497 21661374143 19383404122 254566
421 1755 19107797359 16658071356 219440
421 20227 22325138635 20603106332 269222
421 2098 20781823859 16977746733 254742
421 2176 20707609179 16682895090 243516
421 22281 19813288122 18602681642 238299
421 2304 23283512905 18144399556 272167
421 2961 16518903353 15614070178 202271
421 30043 2200073 176156 19
421 4158 22232323519 19294325857 255682
421 421 20789605957 18716989676 245121
421 465 3817386 3586000 26
421 473 700538 23077 3
421 474 5513311 1148228 59
421 6116 21617534215 19131886911 260333
421 626 176728151 60724926 2277
421 627 23345177817 4500455983 78470
421 652 20299929162 18341241200 231971
421 653 21143680012 19508070228 248992
421 683 21992098710312 2418997964394 835490923
421 688 116308 0 1
421 689 6056755416 2936230186 76139
421 7056 18043013124 14437920383 214877
421 773 20370760393 17306022594 245952
421 776 28863670121 8257649835 1319918
388 12955 105399674025 29222499129 598562
388 1757 377073144 341846247 2049
388 2240 118304973629 66142542038 651031
388 388 106153953659 31186753835 608563
388 406 467692 30257231 2
388 412 105231 27846 1
388 436 58188772131 50466912943 316935
388 437 59702425187 50572692767 322256
388 668 103846 7787616 1
388 679 171539 71769 1
388 680 142825152 26687006 483
388 687 117308 219846 2
388 783 25159255637022 2328976765365 833619165
388 9833 133424272092 43887706878 763865
10312 10312 12109755661 11110651284 31386
10312 10322 985077 328462 1
10312 10325 470230 88307 1
10312 10326 581846 1112463 3
10312 10327 7663916036 1120064150 7855
10312 10328 3342035696 537069541 2309
10312 10329 114860239 25444850 149
10312 10330 27733924 6338385 85
10312 10331 4895075 4842233 63
10312 10332 1549152 2352308 24
10312 10333 15008393 14128920 102
10312 10334 7030156 2084383 36
10312 10335 2873540 12635921 33
10312 10339 513184628 66676916 297
10312 10340 35966001 3644696 61
10312 10346 8577384544 348247017 3493
10312 10349 860538 0 1
10312 10350 232409216299 5440459104 130938
10312 10351 2014769 44000 2
10312 10352 1005847 441615 3
10312 10353 352000 1439154 1
10312 10361 239693 237307 2
10312 10362 6962154 10414002 83
10312 10363 970846 2373462 11
10312 10364 56247616 42291774 500
10312 10370 7124842 17803387 139
10312 10371 1324384 2089461 21
10312 10391 1113807536 207243774 897
10312 10401 7095620 20732220 113
10312 10403 235410702 146589914 660
10312 10407 9597002332 6381637215 27683
10312 10408 9777495573 6791417554 28059
10312 10409 9654988576 7050531102 27725
10312 10469 1002950614 1049283159 6100
10312 10518 15802139042 931342911 53083
10312 10519 9925048065 6306772844 28076
10312 10533 10348142149 6350553902 27900
10312 10538 9524705823 6292300508 27449
10312 10592 19649873207 6491585591 29920
10312 10596 9954874602 6240131003 28630
10312 11129 9899135240 6136787769 28321
10312 11136 9783872338 6123440873 27223
10312 11137 3021577530 485630364 46272
10312 11139 9487474621 6162876649 27408
10312 11140 9244916387 6091600753 26656
10312 11206 7520868645 4868767274 22673
==net
Inter-|   Receive                                                |  Transmit
 face |bytes    packets errs drop fifo frame compressed multicast|bytes    packets errs drop fifo colls carrier compressed
    lo: 5012435  130457    0    0    0     0          0         0  5012435  130457    0    0    0     0       0          0
dummy0:       0       0    0    0    0     0          0         0   167127    1104    0    0    0     0       0          0
  ifb0:       0       0    0    0    0     0          0         0        0       0    0    0    0     0       0          0
  ifb1:       0       0    0    0    0     0          0         0        0       0    0    0    0     0       0          0
 tunl0:       0       0    0    0    0     0          0         0        0       0    0    0    0     0       0          0
  gre0:       0       0    0    0    0     0          0         0        0       0    0    0    0     0       0          0
gretap0:       0       0    0    0    0     0          0         0        0       0    0    0    0     0       0          0
erspan0:       0       0    0    0    0     0          0         0        0       0    0    0    0     0       0          0
ip_vti0:       0       0    0    0    0     0          0         0        0       0    0    0    0     0       0          0
ip6_vti0:       0       0    0    0    0     0          0         0        0       0    0    0    0     0       0          0
  sit0:       0       0    0    0    0     0          0         0        0       0    0    0    0     0       0          0
ip6tnl0:       0       0    0    0    0     0          0         0        0       0    0    0    0     0       0          0
ip6gre0:       0       0    0    0    0     0          0         0        0       0    0    0    0     0       0          0
 wlan0: 4538925541 8396675    0    0    0     0          0         0 13778261494 13377553   15    0    0     0       0          0
  p2p0:       0       0    0    0    0     0          0         0        0       0    0    0    0     0       0          0
   ap0:       0       0    0    0    0     0          0         0        0       0    0    0    0     0       0          0
==uptime
2695235.74 9873351.46
