695 1000 (GraphicsStats-d) S 333 333 0 0 -1 1077936448 2221 421229 2287 205 43 216 1160 2065 30 10 305 0 5680 2229567488 33488 18446744073709551615 1 1 0 0 0 0 4612 1 1073775864 0 0 0 -1 3 0 0 0 0 0 0 0 0 0 0 0 0 0
695 1002 (BlobStore) S 333 333 0 0 -1 1077936192 238 421229 20 205 2 8 1160 2065 20 0 305 0 5681 2229567488 33488 18446744073709551615 1 1 0 0 0 0 4612 1 1073775864 0 0 0 -1 1 0 0 0 0 0 0 0 0 0 0 0 0 0
695 1003 (SessionRecordTh) S 333 333 0 0 -1 1077936192 116 421229 330 205 0 12 1160 2065 20 0 305 0 5681 2229567488 33488 18446744073709551615 1 1 0 0 0 0 4612 1 1073775864 0 0 0 -1 3 0 0 0 0 0 0 0 0 0 0 0 0 0
695 1004 (Hdmi Control Io) S 333 333 0 0 -1 1077936192 1420 421229 153 205 37 34 1160 2065 20 0 305 0 5681 2229567488 33488 18446744073709551615 1 1 0 0 0 0 4612 1 1073775864 0 0 0 -1 0 0 0 0 0 0 0 0 0 0 0 0 0 0
695 1005 (SliceManagerSer) S 333 333 0 0 -1 1077936192 199 421229 33 205 0 0 1160 2065 30 10 305 0 5685 2229567488 33488 18446744073709551615 1 1 0 0 0 0 4612 1 1073775864 0 0 0 -1 1 0 0 0 0 0 0 0 0 0 0 0 0 0
695 1006 (StatsCompanionS) S 333 333 0 0 -1 1077936192 5 421229 0 205 0 0 1160 2065 20 0 305 0 5686 2229567488 33488 18446744073709551615 1 1 0 0 0 0 4612 1 1073775864 0 0 0 -1 3 0 0 0 0 0 0 0 0 0 0 0 0 0
695 1012 (FireTvDeepLinkS) S 333 333 0 0 -1 1077936192 5 421229 0 205 0 0 1160 2065 25 5 305 0 5704 2229567488 33488 18446744073709551615 1 1 0 0 0 0 4612 1 1073775864 0 0 0 -1 2 0 0 0 0 0 0 0 0 0 0 0 0 0
695 10124 (LogRetentionJob) S 333 333 0 0 -1 1077936192 10 421229 0 205 0 0 1160 2065 20 0 305 0 129792585 2229567488 33488 18446744073709551615 1 1 0 0 0 0 4612 1 1073775864 0 0 0 -1 3 0 0 0 0 0 0 0 0 0 0 0 0 0
695 1013 (AmazonInputMana) S 333 333 0 0 -1 1077936192 181 421229 41 205 1 4 1160 2065 25 5 305 0 5704 2229567488 33488 18446744073709551615 1 1 0 0 0 0 4612 1 1073775864 0 0 0 -1 2 0 0 0 0 0 0 0 0 0 0 0 0 0
695 1014 (ArcusHandlerThr) S 333 333 0 0 -1 1077936448 4294 421229 4367 205 134 263 1160 2065 20 0 305 0 5708 2229567488 33488 18446744073709551615 1 1 0 0 0 0 4612 1 1073775864 0 0 0 -1 2 0 0 0 0 0 0 0 0 0 0 0 0 0
695 1015 (LogRetentionJob) S 333 333 0 0 -1 1077936192 18 421229 7 205 0 0 1160 2065 20 0 305 0 5708 2229567488 33488 18446744073709551615 1 1 0 0 0 0 4612 1 1073775864 0 0 0 -1 2 0 0 0 0 0 0 0 0 0 0 0 0 0
695 1016 (AmzWifiDisplayM) S 333 333 0 0 -1 1077936192 6 421229 0 205 0 0 1160 2065 20 0 305 0 5709 2229567488 33488 18446744073709551615 1 1 0 0 0 0 4612 1 1073775864 0 0 0 -1 2 0 0 0 0 0 0 0 0 0 0 0 0 0
695 1017 (AmazonAudioServ) S 333 333 0 0 -1 1077936192 70 421229 5 205 2 0 1160 2065 20 0 305 0 5709 2229567488 33488 18446744073709551615 1 1 0 0 0 0 4612 1 1073775864 0 0 0 -1 1 0 0 0 0 0 0 0 0 0 0 0 0 0
695 1018 (EventHandler) S 333 333 0 0 -1 1077936192 26 421229 0 205 0 0 1160 2065 20 0 305 0 5709 2229567488 33488 18446744073709551615 1 1 0 0 0 0 4612 1 1073775864 0 0 0 -1 1 0 0 0 0 0 0 0 0 0 0 0 0 0
695 1019 (AmazonWifiServi) S 333 333 0 0 -1 1077936192 2975 421229 482 205 155 71 1160 2065 20 0 305 0 5711 2229567488 33488 18446744073709551615 1 1 0 0 0 0 4612 1 1073775864 0 0 0 -1 2 0 0 0 0 0 0 0 0 0 0 0 0 0
695 1020 (AmazonNetworkUn) S 333 333 0 0 -1 1077936192 88 421229 16 205 2 0 1160 2065 20 0 305 0 5712 2229567488 33488 18446744073709551615 1 1 0 0 0 0 4612 1 1073775864 0 0 0 -1 3 0 0 0 0 0 0 0 0 0 0 0 0 0
695 1021 (AmazonProfileSe) S 333 333 0 0 -1 1077936192 3076 421229 372 205 51 32 1160 2065 25 5 305 0 5713 2229567488 33488 18446744073709551615 1 1 0 0 0 0 4612 1 1073775864 0 0 0 -1 1 0 0 0 0 0 0 0 0 0 0 0 0 0
695 1022 (wakeup_thread) S 333 333 0 0 -1 1077936192 6 421229 0 205 0 0 1160 2065 20 0 305 0 5713 2229567488 33488 18446744073709551615 1 1 0 0 0 0 4612 1 1073775864 0 0 0 -1 2 0 0 0 0 0 0 0 0 0 0 0 0 0
695 1023 (PactArcusHelper) S 333 333 0 0 -1 1077936192 132 421229 84 205 1 2 1160 2065 20 0 305 0 5713 2229567488 33488 18446744073709551615 1 1 0 0 0 0 4612 1 1073775864 0 0 0 -1 0 0 0 0 0 0 0 0 0 0 0 0 0 0
695 1025 (APSArcusHelper) S 333 333 0 0 -1 1077936192 133 421229 88 205 3 1 1160 2065 20 0 305 0 5713 2229567488 33488 18446744073709551615 1 1 0 0 0 0 4612 1 1073775864 0 0 0 -1 3 0 0 0 0 0 0 0 0 0 0 0 0 0
695 1026 (DeviceModelInfo) S 333 333 0 0 -1 1077936192 4 421229 0 205 0 0 1160 2065 25 5 305 0 5714 2229567488 33488 18446744073709551615 1 1 0 0 0 0 4612 1 1073775864 0 0 0 -1 1 0 0 0 0 0 0 0 0 0 0 0 0 0
695 1027 (AmazonHdmiServi) S 333 333 0 0 -1 1077936192 355 421229 218 205 7 11 1160 2065 20 0 305 0 5715 2229567488 33488 18446744073709551615 1 1 0 0 0 0 4612 1 1073775864 0 0 0 -1 0 0 0 0 0 0 0 0 0 0 0 0 0 0
695 1028 (AmazonBuellerSh) S 333 333 0 0 -1 1077936192 8 421229 0 205 0 0 1160 2065 20 0 305 0 5715 2229567488 33488 18446744073709551615 1 1 0 0 0 0 4612 1 1073775864 0 0 0 -1 0 0 0 0 0 0 0 0 0 0 0 0 0 0
695 1029 (FireTvLedManage) S 333 333 0 0 -1 1077936192 7 421229 0 205 0 0 1160 2065 20 0 305 0 5722 2229567488 33488 18446744073709551615 1 1 0 0 0 0 4612 1 1073775864 0 0 0 -1 2 0 0 0 0 0 0 0 0 0 0 0 0 0
695 1030 (Timer-0) S 333 333 0 0 -1 1077936192 132843 421229 400 205 1638 1418 1160 2065 20 0 305 0 5724 2229567488 33488 18446744073709551615 1 1 0 0 0 0 4612 1 1073775864 0 0 0 -1 1 0 0 0 0 0 0 0 0 0 0 0 0 0
695 1031 (TemperatureObse) S 333 333 0 0 -1 1077936192 441 421229 77 205 3 2 1160 2065 30 10 305 0 5724 2229567488 33488 18446744073709551615 1 1 0 0 0 0 4612 1 1073775864 0 0 0 -1 1 0 0 0 0 0 0 0 0 0 0 0 0 0
695 1032 (ThermalEventMon) S 333 333 0 0 -1 1077936192 2560 421229 211 205 31 17 1160 2065 30 10 305 0 5725 2229567488 33488 18446744073709551615 1 1 0 0 0 0 4612 1 1073775864 0 0 0 -1 3 0 0 0 0 0 0 0 0 0 0 0 0 0
695 1033 (CloudPairingAma) S 333 333 0 0 -1 1077936192 6 421229 0 205 0 0 1160 2065 20 0 305 0 5727 2229567488 33488 18446744073709551615 1 1 0 0 0 0 4612 1 1073775864 0 0 0 -1 2 0 0 0 0 0 0 0 0 0 0 0 0 0
695 1034 (CirrusThread) S 333 333 0 0 -1 1077936192 53 421229 31 205 0 0 1160 2065 30 10 305 0 5727 2229567488 33488 18446744073709551615 1 1 0 0 0 0 4612 1 1073775864 0 0 0 -1 2 0 0 0 0 0 0 0 0 0 0 0 0 0
695 1035 (RuntimePersiste) S 333 333 0 0 -1 1077936448 3632 421229 251 205 109 66 1160 2065 20 0 305 0 5727 2229567488 33488 18446744073709551615 1 1 0 0 0 0 4612 1 1073775864 0 0 0 -1 1 0 0 0 0 0 0 0 0 0 0 0 0 0
695 1036 (AmazonUsageStat) S 333 333 0 0 -1 1077936192 5739 421229 2255 205 165 135 1160 2065 30 10 305 0 5728 2229567488 33488 18446744073709551615 1 1 0 0 0 0 4612 1 1073775864 0 0 0 -1 1 0 0 0 0 0 0 0 0 0 0 0 0 0
695 1039 (AmaMessageHandl) S 333 333 0 0 -1 1077936192 5 421229 0 205 0 0 1160 2065 20 0 305 0 5730 2229567488 33488 18446744073709551615 1 1 0 0 0 0 4612 1 1073775864 0 0 0 -1 3 0 0 0 0 0 0 0 0 0 0 0 0 0
695 1040 (DfuWorker) S 333 333 0 0 -1 1077936192 7 421229 0 205 0 0 1160 2065 20 0 305 0 5730 2229567488 33488 18446744073709551615 1 1 0 0 0 0 4612 1 1073775864 0 0 0 -1 1 0 0 0 0 0 0 0 0 0 0 0 0 0
695 1041 (DiscoveryWorker) S 333 333 0 0 -1 1077936192 6 421229 0 205 0 0 1160 2065 20 0 305 0 5730 2229567488 33488 18446744073709551615 1 1 0 0 0 0 4612 1 1073775864 0 0 0 -1 0 0 0 0 0 0 0 0 0 0 0 0 0 0
695 1042 (BulkDataWorker) S 333 333 0 0 -1 1077936192 5 421229 0 205 0 0 1160 2065 20 0 305 0 5730 2229567488 33488 18446744073709551615 1 1 0 0 0 0 4612 1 1073775864 0 0 0 -1 3 0 0 0 0 0 0 0 0 0 0 0 0 0
695 1043 (CloudPairingWor) S 333 333 0 0 -1 1077936192 8 421229 0 205 0 0 1160 2065 20 0 305 0 5730 2229567488 33488 18446744073709551615 1 1 0 0 0 0 4612 1 1073775864 0 0 0 -1 1 0 0 0 0 0 0 0 0 0 0 0 0 0
695 1044 (CrashReporterSe) S 333 333 0 0 -1 1077936192 39 421229 1 205 0 0 1160 2065 25 5 305 0 5731 2229567488 33488 18446744073709551615 1 1 0 0 0 0 4612 1 1073775864 0 0 0 -1 0 0 0 0 0 0 0 0 0 0 0 0 0 0
695 1045 (AmazonProtometr) S 333 333 0 0 -1 1077936192 11103 421229 1277 205 260 93 1160 2065 30 10 305 0 5731 2229567488 33488 18446744073709551615 1 1 0 0 0 0 4612 1 1073775864 0 0 0 -1 2 0 0 0 0 0 0 0 0 0 0 0 0 0
695 1047 (MetricsHandler) S 333 333 0 0 -1 1077936192 334 421229 155 205 15 9 1160 2065 20 0 305 0 5732 2229567488 33488 18446744073709551615 1 1 0 0 0 0 4612 1 1073775864 0 0 0 -1 3 0 0 0 0 0 0 0 0 0 0 0 0 0
695 1048 (AccessoryServic) S 333 333 0 0 -1 1077936192 6 421229 0 205 0 0 1160 2065 20 0 305 0 5732 2229567488 33488 18446744073709551615 1 1 0 0 0 0 4612 1 1073775864 0 0 0 -1 3 0 0 0 0 0 0 0 0 0 0 0 0 0
695 1049 (AmazonEmmcConsu) S 333 333 0 0 -1 1077936192 11570 421229 1067 205 287 108 1160 2065 30 10 305 0 5732 2229567488 33488 18446744073709551615 1 1 0 0 0 0 4612 1 1073775864 0 0 0 -1 2 0 0 0 0 0 0 0 0 0 0 0 0 0
695 1050 (ice.EventHelper) S 333 333 0 0 -1 1077936192 6 421229 0 205 0 0 1160 2065 20 0 305 0 5732 2229567488 33488 18446744073709551615 1 1 0 0 0 0 4612 1 1073775864 0 0 0 -1 0 0 0 0 0 0 0 0 0 0 0 0 0 0
695 1051 (ice.EventHelper) S 333 333 0 0 -1 1077936192 6 421229 0 205 0 0 1160 2065 20 0 305 0 5732 2229567488 33488 18446744073709551615 1 1 0 0 0 0 4612 1 1073775864 0 0 0 -1 0 0 0 0 0 0 0 0 0 0 0 0 0 0
695 1052 (ice.EventHelper) S 333 333 0 0 -1 1077936192 7 421229 0 205 0 0 1160 2065 20 0 305 0 5733 2229567488 33488 18446744073709551615 1 1 0 0 0 0 4612 1 1073775864 0 0 0 -1 3 0 0 0 0 0 0 0 0 0 0 0 0 0
695 1053 (ice.EventHelper) S 333 333 0 0 -1 1077936192 8 421229 0 205 0 0 1160 2065 20 0 305 0 5733 2229567488 33488 18446744073709551615 1 1 0 0 0 0 4612 1 1073775864 0 0 0 -1 1 0 0 0 0 0 0 0 0 0 0 0 0 0
695 1054 (ice.EventHelper) S 333 333 0 0 -1 1077936192 5 421229 0 205 0 0 1160 2065 20 0 305 0 5733 2229567488 33488 18446744073709551615 1 1 0 0 0 0 4612 1 1073775864 0 0 0 -1 0 0 0 0 0 0 0 0 0 0 0 0 0 0
695 1055 (ice.EventHelper) S 333 333 0 0 -1 1077936192 6 421229 0 205 0 0 1160 2065 20 0 305 0 5733 2229567488 33488 18446744073709551615 1 1 0 0 0 0 4612 1 1073775864 0 0 0 -1 2 0 0 0 0 0 0 0 0 0 0 0 0 0
695 1056 (ice.EventHelper) S 333 333 0 0 -1 1077936192 6 421229 0 205 0 0 1160 2065 20 0 305 0 5733 2229567488 33488 18446744073709551615 1 1 0 0 0 0 4612 1 1073775864 0 0 0 -1 2 0 0 0 0 0 0 0 0 0 0 0 0 0
695 1057 (ice.EventHelper) S 333 333 0 0 -1 1077936192 7 421229 0 205 0 0 1160 2065 20 0 305 0 5733 2229567488 33488 18446744073709551615 1 1 0 0 0 0 4612 1 1073775864 0 0 0 -1 2 0 0 0 0 0 0 0 0 0 0 0 0 0
695 1058 (ice.EventHelper) S 333 333 0 0 -1 1077936192 7 421229 0 205 0 0 1160 2065 20 0 305 0 5733 2229567488 33488 18446744073709551615 1 1 0 0 0 0 4612 1 1073775864 0 0 0 -1 1 0 0 0 0 0 0 0 0 0 0 0 0 0
695 1059 (ice.EventHelper) S 333 333 0 0 -1 1077936192 5 421229 0 205 0 0 1160 2065 20 0 305 0 5733 2229567488 33488 18446744073709551615 1 1 0 0 0 0 4612 1 1073775864 0 0 0 -1 0 0 0 0 0 0 0 0 0 0 0 0 0 0
695 1060 (ice.EventHelper) S 333 333 0 0 -1 1077936192 8 421229 0 205 0 0 1160 2065 20 0 305 0 5733 2229567488 33488 18446744073709551615 1 1 0 0 0 0 4612 1 1073775864 0 0 0 -1 2 0 0 0 0 0 0 0 0 0 0 0 0 0
695 1061 (ice.EventHelper) S 333 333 0 0 -1 1077936192 7 421229 0 205 0 0 1160 2065 20 0 305 0 5733 2229567488 33488 18446744073709551615 1 1 0 0 0 0 4612 1 1073775864 0 0 0 -1 1 0 0 0 0 0 0 0 0 0 0 0 0 0
695 1062 (OomAdjustment H) S 333 333 0 0 -1 1077936192 997 421229 1096 205 4 134 1160 2065 30 10 305 0 5734 2229567488 33488 18446744073709551615 1 1 0 0 0 0 4612 1 1073775864 0 0 0 -1 1 0 0 0 0 0 0 0 0 0 0 0 0 0
695 1063 (Favorite apps H) S 333 333 0 0 -1 1077936192 7 421229 0 205 0 0 1160 2065 30 10 305 0 5734 2229567488 33488 18446744073709551615 1 1 0 0 0 0 4612 1 1073775864 0 0 0 -1 2 0 0 0 0 0 0 0 0 0 0 0 0 0
695 1064 (Metrics Handler) S 333 333 0 0 -1 1077936192 6 421229 0 205 0 0 1160 2065 30 10 305 0 5734 2229567488 33488 18446744073709551615 1 1 0 0 0 0 4612 1 1073775864 0 0 0 -1 1 0 0 0 0 0 0 0 0 0 0 0 0 0
695 1065 (Prewarm Handler) S 333 333 0 0 -1 1077936192 1484 421229 412 205 60 41 1160 2065 30 10 305 0 5734 2229567488 33488 18446744073709551615 1 1 0 0 0 0 4612 1 1073775864 0 0 0 -1 2 0 0 0 0 0 0 0 0 0 0 0 0 0
695 1066 (AmazonPowerMana) S 333 333 0 0 -1 1077936192 60 421229 22 205 0 0 1160 2065 25 5 305 0 5734 2229567488 33488 18446744073709551615 1 1 0 0 0 0 4612 1 1073775864 0 0 0 -1 2 0 0 0 0 0 0 0 0 0 0 0 0 0
695 1067 (EveThread) S 333 333 0 0 -1 1077936192 116595 421229 9920 205 6103 2777 1160 2065 30 10 305 0 5734 2229567488 33488 18446744073709551615 1 1 0 0 0 0 4612 1 1073775864 0 0 0 -1 2 0 0 0 0 0 0 0 0 0 0 0 0 0
695 1068 (EthernetService) S 333 333 0 0 -1 1077936192 5669 421229 259 205 86 57 1160 2065 20 0 305 0 5744 2229567488 33488 18446744073709551615 1 1 0 0 0 0 4612 1 1073775864 0 0 0 -1 1 0 0 0 0 0 0 0 0 0 0 0 0 0
695 1072 (KeyMapManager) S 333 333 0 0 -1 1077936192 582 421229 0 205 7 1 1160 2065 25 5 305 0 5747 2229567488 33488 18446744073709551615 1 1 0 0 0 0 4612 1 1073775864 0 0 0 -1 2 0 0 0 0 0 0 0 0 0 0 0 0 0
695 1074 (MCL-ArcusHelper) S 333 333 0 0 -1 1077936192 235 421229 107 205 2 6 1160 2065 20 0 305 0 5748 2229567488 33488 18446744073709551615 1 1 0 0 0 0 4612 1 1073775864 0 0 0 -1 3 0 0 0 0 0 0 0 0 0 0 0 0 0
695 1075 (HealthServiceHw) S 333 333 0 0 -1 1077936192 9 421229 0 205 0 0 1160 2065 20 0 305 0 5748 2229567488 33488 18446744073709551615 1 1 0 0 0 0 4612 1 1073775864 0 0 0 -1 2 0 0 0 0 0 0 0 0 0 0 0 0 0
695 1080 (Thread-11) S 333 333 0 0 -1 1077936192 1225949 421229 7479 205 86134 12743 1160 2065 20 0 305 0 5757 2229567488 33488 18446744073709551615 1 1 0 0 0 0 4612 1 1073775864 0 0 0 -1 0 0 0 0 0 0 0 0 0 0 0 0 0 0
695 10809 (LogRetentionJob) S 333 333 0 0 -1 1077936192 12 421229 0 205 0 0 1160 2065 20 0 305 0 60675708 2229567488 33488 18446744073709551615 1 1 0 0 0 0 4612 1 1073775864 0 0 0 -1 1 0 0 0 0 0 0 0 0 0 0 0 0 0
695 1082 (WifiManagerThre) S 333 333 0 0 -1 1077936192 459 421229 13 205 24 3 1160 2065 20 0 305 0 5758 2229567488 33488 18446744073709551615 1 1 0 0 0 0 4612 1 1073775864 0 0 0 -1 0 0 0 0 0 0 0 0 0 0 0 0 0 0
695 1084 (AmazonWifiTherm) S 333 333 0 0 -1 1077936192 130 421229 35 205 0 1 1160 2065 20 0 305 0 5760 2229567488 33488 18446744073709551615 1 1 0 0 0 0 4612 1 1073775864 0 0 0 -1 0 0 0 0 0 0 0 0 0 0 0 0 0 0
695 1085 (AmazonInputMana) S 333 333 0 0 -1 1077936192 14131 421229 231 205 161 16 1160 2065 20 0 305 0 5760 2229567488 33488 18446744073709551615 1 1 0 0 0 0 4612 1 1073775864 0 0 0 -1 3 0 0 0 0 0 0 0 0 0 0 0 0 0
695 1086 (AmazonWifiTherm) S 333 333 0 0 -1 1077936192 5 421229 0 205 0 0 1160 2065 20 0 305 0 5761 2229567488 33488 18446744073709551615 1 1 0 0 0 0 4612 1 1073775864 0 0 0 -1 0 0 0 0 0 0 0 0 0 0 0 0 0 0
695 10866 (Binder:695_1A) S 333 333 0 0 -1 1077936448 199744 421229 5379 205 23063 10048 1160 2065 20 0 305 0 25751 2229567488 33488 18446744073709551615 1 1 0 0 0 4096 4612 1 1073775864 0 0 0 -1 3 0 0 0 0 0 0 0 0 0 0 0 0 0
695 1090 (queued-work-loo) S 333 333 0 0 -1 1077936192 9463 421229 184 205 306 590 1160 2065 18 -2 305 0 5762 2229567488 33488 18446744073709551615 1 1 0 0 0 0 4612 1 1073775864 0 0 0 -1 2 0 0 0 0 0 0 0 0 0 0 0 0 0
695 1092 (GenericAppAdapt) S 333 333 0 0 -1 1077936192 7 421229 0 205 0 0 1160 2065 25 5 305 0 5765 2229567488 33488 18446744073709551615 1 1 0 0 0 0 4612 1 1073775864 0 0 0 -1 2 0 0 0 0 0 0 0 0 0 0 0 0 0
695 1093 (Binder:695_4) S 333 333 0 0 -1 1077936448 110282 421229 5089 205 11945 5294 1160 2065 20 0 305 0 5765 2229567488 33488 18446744073709551615 1 1 0 0 0 0 4612 1 1073775864 0 0 0 -1 3 0 0 0 0 0 0 0 0 0 0 0 0 0
695 1102 (LiveTvAppLaunch) S 333 333 0 0 -1 1077936192 5 421229 0 205 0 0 1160 2065 25 5 305 0 5768 2229567488 33488 18446744073709551615 1 1 0 0 0 0 4612 1 1073775864 0 0 0 -1 3 0 0 0 0 0 0 0 0 0 0 0 0 0
695 1103 (AudioArcusHelpe) S 333 333 0 0 -1 1077936192 6991 421229 146 205 120 9 1160 2065 20 0 305 0 5768 2229567488 33488 18446744073709551615 1 1 0 0 0 0 4612 1 1073775864 0 0 0 -1 0 0 0 0 0 0 0 0 0 0 0 0 0 0
695 1105 (AmazonInputMana) S 333 333 0 0 -1 1077936192 489 421229 128 205 3 3 1160 2065 20 0 305 0 5769 2229567488 33488 18446744073709551615 1 1 0 0 0 0 4612 1 1073775864 0 0 0 -1 3 0 0 0 0 0 0 0 0 0 0 0 0 0
695 1106 (DenyListArcusHe) S 333 333 0 0 -1 1077936192 5 421229 0 205 0 0 1160 2065 20 0 305 0 5769 2229567488 33488 18446744073709551615 1 1 0 0 0 0 4612 1 1073775864 0 0 0 -1 1 0 0 0 0 0 0 0 0 0 0 0 0 0
695 1108 (WifiDiagsQueueT) S 333 333 0 0 -1 1077936192 251449 421229 1102 205 13907 11308 1160 2065 20 0 305 0 5770 2229567488 33488 18446744073709551615 1 1 0 0 0 0 4612 1 1073775864 0 0 0 -1 3 0 0 0 0 0 0 0 0 0 0 0 0 0
695 1110 (NetWatchDogQueu) S 333 333 0 0 -1 1077936192 25 421229 33 205 21 50 1160 2065 20 0 305 0 5771 2229567488 33488 18446744073709551615 1 1 0 0 0 0 4612 1 1073775864 0 0 0 -1 0 0 0 0 0 0 0 0 0 0 0 0 0 0
695 1111 (TimeServiceThre) S 333 333 0 0 -1 1077936448 1397 421229 123 205 27 28 1160 2065 20 0 305 0 5771 2229567488 33488 18446744073709551615 1 1 0 0 0 0 4612 1 1073775864 0 0 0 -1 0 0 0 0 0 0 0 0 0 0 0 0 0 0
695 1112 (TimeServiceNetw) S 333 333 0 0 -1 1077936192 5 421229 0 205 0 0 1160 2065 20 0 305 0 5771 2229567488 33488 18446744073709551615 1 1 0 0 0 0 4612 1 1073775864 0 0 0 -1 3 0 0 0 0 0 0 0 0 0 0 0 0 0
695 1114 (AMA Callback Na) S 333 333 0 0 -1 1077936192 6 421229 0 205 0 0 1160 2065 18 -2 305 0 5772 2229567488 33488 18446744073709551615 1 1 0 0 0 0 4612 1 1073775864 0 0 0 -1 0 0 0 0 0 0 0 0 0 0 0 0 0 0
695 1116 (Binder:695_5) S 333 333 0 0 -1 1077936448 120232 421229 5168 205 13729 6020 1160 2065 20 0 305 0 5772 2229567488 33488 18446744073709551615 1 1 0 0 0 0 4612 1 1073775864 0 0 0 -1 3 0 0 0 0 0 0 0 0 0 0 0 0 0
695 1119 (TestMetricBuffe) S 333 333 0 0 -1 1077936192 5 421229 0 205 0 0 1160 2065 20 0 305 0 5773 2229567488 33488 18446744073709551615 1 1 0 0 0 0 4612 1 1073775864 0 0 0 -1 0 0 0 0 0 0 0 0 0 0 0 0 0 0
695 1121 (BspConsumer) S 333 333 0 0 -1 1077936192 143 421229 3 205 4 4 1160 2065 20 0 305 0 5775 2229567488 33488 18446744073709551615 1 1 0 0 0 0 4612 1 1073775864 0 0 0 -1 0 0 0 0 0 0 0 0 0 0 0 0 0 0
695 1124 (TaskSnapshotPer) S 333 333 0 0 -1 1077936192 579 421229 160 205 15 13 1160 2065 30 10 305 0 5775 2229567488 33488 18446744073709551615 1 1 0 0 0 0 4612 1 1073775864 0 0 0 -1 3 0 0 0 0 0 0 0 0 0 0 0 0 0
695 1125 (PhotonicModulat) S 333 333 0 0 -1 1077936192 326 421229 71 205 12 6 1160 2065 20 0 305 0 5777 2229567488 33488 18446744073709551615 1 1 0 0 0 0 4612 1 1073775864 0 0 0 -1 0 0 0 0 0 0 0 0 0 0 0 0 0 0
695 1130 (ContextualSSArc) S 333 333 0 0 -1 1077936192 150 421229 80 205 2 1 1160 2065 20 0 305 0 5780 2229567488 33488 18446744073709551615 1 1 0 0 0 0 4612 1 1073775864 0 0 0 -1 3 0 0 0 0 0 0 0 0 0 0 0 0 0
695 1132 (HomeLauncherArc) S 333 333 0 0 -1 1077936192 1047 421229 65 205 5 3 1160 2065 20 0 305 0 5782 2229567488 33488 18446744073709551615 1 1 0 0 0 0 4612 1 1073775864 0 0 0 -1 1 0 0 0 0 0 0 0 0 0 0 0 0 0
695 1151 (AmazonPmArcusUt) S 333 333 0 0 -1 1077936192 73 421229 3 205 1 0 1160 2065 20 0 305 0 5834 2229567488 33488 18446744073709551615 1 1 0 0 0 0 4612 1 1073775864 0 0 0 -1 3 0 0 0 0 0 0 0 0 0 0 0 0 0
695 1159 (SyncManager) S 333 333 0 0 -1 1077936448 62496 421229 850 205 1600 710 1160 2065 30 10 305 0 5844 2229567488 33488 18446744073709551615 1 1 0 0 0 0 4612 1 1073775864 0 0 0 -1 3 0 0 0 0 0 0 0 0 0 0 0 0 0
695 1160 (Binder:695_6) S 333 333 0 0 -1 1077936448 111313 421229 5169 205 12380 5657 1160 2065 20 0 305 0 5848 2229567488 33488 18446744073709551615 1 1 0 0 0 0 4612 1 1073775864 0 0 0 -1 3 0 0 0 0 0 0 0 0 0 0 0 0 0
695 1162 (SyncHandler-0) S 333 333 0 0 -1 1077936192 1492 421229 16 205 12 19 1160 2065 20 0 305 0 5857 2229567488 33488 18446744073709551615 1 1 0 0 0 0 4612 1 1073775864 0 0 0 -1 3 0 0 0 0 0 0 0 0 0 0 0 0 0
695 1184 (UsbService host) S 333 333 0 0 -1 4194368 14 421229 22 205 0 0 1160 2065 20 0 305 0 5872 2229567488 33488 18446744073709551615 1 1 0 0 0 0 4612 1 1073775864 0 0 0 -1 1 0 0 0 0 0 0 0 0 0 0 0 0 0
695 11891 (Binder:695_1B) S 333 333 0 0 -1 1077936448 216661 421229 4333 205 23521 10466 1160 2065 20 0 305 0 31185 2229567488 33488 18446744073709551615 1 1 0 0 0 0 4612 1 1073775864 0 0 0 -1 0 0 0 0 0 0 0 0 0 0 0 0 0 0
695 11941 (Binder:695_1C) S 333 333 0 0 -1 1077936448 203138 421229 5442 205 26248 12040 1160 2065 20 0 305 0 31264 2229567488 33488 18446744073709551615 1 1 0 0 0 0 4612 1 1073775864 0 0 0 -1 1 0 0 0 0 0 0 0 0 0 0 0 0 0
695 12141 (LogRetentionJob) S 333 333 0 0 -1 1077936192 8 421229 0 205 0 0 1160 2065 20 0 305 0 26111907 2229567488 33488 18446744073709551615 1 1 0 0 0 0 4612 1 1073775864 0 0 0 -1 3 0 0 0 0 0 0 0 0 0 0 0 0 0
695 12222 (Binder:695_1D) S 333 333 0 0 -1 1077936448 248901 421229 4898 205 30971 13863 1160 2065 20 0 305 0 34633 2229567488 33488 18446744073709551615 1 1 0 0 0 0 4612 1 1073775864 0 0 0 -1 0 0 0 0 0 0 0 0 0 0 0 0 0 0
695 12355 (pool-7-thread-2) S 333 333 0 0 -1 1077936192 34487 421229 620 205 1059 1463 1160 2065 20 0 305 0 37001 2229567488 33488 18446744073709551615 1 1 0 0 0 0 4612 1 1073775864 0 0 0 -1 1 0 0 0 0 0 0 0 0 0 0 0 0 0
695 12456 (AmazonFingerPri) S 333 333 0 0 -1 1077936192 5 421229 0 205 0 0 1160 2065 30 10 305 0 129971582 2229567488 33488 18446744073709551615 1 1 0 0 0 0 4612 1 1073775864 0 0 0 -1 3 0 0 0 0 0 0 0 0 0 0 0 0 0
695 12577 (LogRetentionJob) S 333 333 0 0 -1 1077936192 12 421229 3 205 0 0 1160 2065 20 0 305 0 242105957 2229567488 33488 18446744073709551615 1 1 0 0 0 0 4612 1 1073775864 0 0 0 -1 0 0 0 0 0 0 0 0 0 0 0 0 0 0
695 1258 (Binder:695_7) S 333 333 0 0 -1 1077936448 102496 421229 4450 205 11993 5171 1160 2065 20 0 305 0 5893 2229567488 33488 18446744073709551615 1 1 0 0 0 0 4612 1 1073775864 0 0 0 -1 3 0 0 0 0 0 0 0 0 0 0 0 0 0
695 1261 (Binder:695_8) S 333 333 0 0 -1 1077936448 100708 421229 3546 205 12191 5421 1160 2065 20 0 305 0 5893 2229567488 33488 18446744073709551615 1 1 0 0 0 0 4612 1 1073775864 0 0 0 -1 2 0 0 0 0 0 0 0 0 0 0 0 0 0
695 1262 (Binder:695_9) S 333 333 0 0 -1 1077936448 93629 421229 4869 205 10658 4883 1160 2065 20 0 305 0 5893 2229567488 33488 18446744073709551615 1 1 0 0 0 0 4612 1 1073775864 0 0 0 -1 0 0 0 0 0 0 0 0 0 0 0 0 0 0
695 1263 (Binder:695_A) S 333 333 0 0 -1 1077936448 110459 421229 5959 205 12500 5412 1160 2065 20 0 305 0 5894 2229567488 33488 18446744073709551615 1 1 0 0 0 0 4612 1 1073775864 0 0 0 -1 3 0 0 0 0 0 0 0 0 0 0 0 0 0
695 1264 (Binder:695_B) S 333 333 0 0 -1 1077936448 94372 421229 3356 205 10661 4650 1160 2065 20 0 305 0 5894 2229567488 33488 18446744073709551615 1 1 0 0 0 0 4612 1 1073775864 0 0 0 -1 2 0 0 0 0 0 0 0 0 0 0 0 0 0
695 1266 (Binder:695_C) S 333 333 0 0 -1 1077936448 100868 421229 5746 205 11745 5315 1160 2065 20 0 305 0 5894 2229567488 33488 18446744073709551615 1 1 0 0 0 0 4612 1 1073775864 0 0 0 -1 3 0 0 0 0 0 0 0 0 0 0 0 0 0
695 1267 (Binder:695_D) S 333 333 0 0 -1 1077936448 102913 421229 6042 205 10792 4580 1160 2065 20 0 305 0 5894 2229567488 33488 18446744073709551615 1 1 0 0 0 4096 4612 1 1073775864 0 0 0 -1 3 0 0 0 0 0 0 0 0 0 0 0 0 0
695 13013 (AmazonFingerPri) S 333 333 0 0 -1 1077936192 6 421229 0 205 0 0 1160 2065 30 10 305 0 60847524 2229567488 33488 18446744073709551615 1 1 0 0 0 0 4612 1 1073775864 0 0 0 -1 0 0 0 0 0 0 0 0 0 0 0 0 0 0
695 13572 (LogRetentionJob) S 333 333 0 0 -1 1077936192 8 421229 3 205 0 0 1160 2065 20 0 305 0 185719 2229567488 33488 18446744073709551615 1 1 0 0 0 0 4612 1 1073775864 0 0 0 -1 2 0 0 0 0 0 0 0 0 0 0 0 0 0
695 1373 (pool-9-thread-1) S 333 333 0 0 -1 1077936192 406 421229 111 205 4 6 1160 2065 20 0 305 0 5926 2229567488 33488 18446744073709551615 1 1 0 0 0 0 4612 1 1073775864 0 0 0 -1 0 0 0 0 0 0 0 0 0 0 0 0 0 0
695 1374 (pool-9-thread-2) S 333 333 0 0 -1 1077936192 381 421229 71 205 4 5 1160 2065 20 0 305 0 5926 2229567488 33488 18446744073709551615 1 1 0 0 0 0 4612 1 1073775864 0 0 0 -1 2 0 0 0 0 0 0 0 0 0 0 0 0 0
695 13746 (LogRetentionJob) S 333 333 0 0 -1 1077936192 9 421229 0 205 0 0 1160 2065 20 0 305 0 164355054 2229567488 33488 18446744073709551615 1 1 0 0 0 0 4612 1 1073775864 0 0 0 -1 0 0 0 0 0 0 0 0 0 0 0 0 0 0
695 13851 (AdbDebuggingMan) S 333 333 0 0 -1 4194368 24 421229 2 205 0 0 1160 2065 20 0 305 0 194105 2229567488 33488 18446744073709551615 1 1 0 0 0 0 4612 1 1073775864 0 0 0 -1 1 0 0 0 0 0 0 0 0 0 0 0 0 0
695 14057 (Binder:695_1E) S 333 333 0 0 -1 1077936448 243474 421229 6035 205 29783 13680 1160 2065 20 0 305 0 204245 2229567488 33488 18446744073709551615 1 1 0 0 0 0 4612 1 1073775864 0 0 0 -1 1 0 0 0 0 0 0 0 0 0 0 0 0 0
695 1421 (Thread-15) S 333 333 0 0 -1 4194368 6 421229 0 205 0 0 1160 2065 20 0 305 0 5953 2229567488 33488 18446744073709551615 1 1 0 0 0 0 4612 1 1073775864 0 0 0 -1 2 0 0 0 0 0 0 0 0 0 0 0 0 0
695 1429 (NetworkStatsObs) S 333 333 0 0 -1 1077936192 2699 421229 130 205 96 84 1160 2065 20 0 305 0 5956 2229567488 33488 18446744073709551615 1 1 0 0 0 0 4612 1 1073775864 0 0 0 -1 2 0 0 0 0 0 0 0 0 0 0 0 0 0
695 14343 (AmazonFingerPri) S 333 333 0 0 -1 1077936192 5 421229 1 205 0 0 1160 2065 30 10 305 0 26287160 2229567488 33488 18446744073709551615 1 1 0 0 0 0 4612 1 1073775864 0 0 0 -1 0 0 0 0 0 0 0 0 0 0 0 0 0 0
695 14374 (LogRetentionJob) S 333 333 0 0 -1 1077936192 12 421229 1 205 0 0 1160 2065 20 0 305 0 86586829 2229567488 33488 18446744073709551615 1 1 0 0 0 0 4612 1 1073775864 0 0 0 -1 0 0 0 0 0 0 0 0 0 0 0 0 0 0
695 14526 (AudioTrack) S 333 333 0 0 -1 1077936192 5 421229 2 205 0 0 1160 2065 4 -16 305 0 204664830 2229567488 33488 18446744073709551615 1 1 0 0 0 0 4612 1 1073775864 0 0 0 -1 2 0 0 0 0 0 0 0 0 0 0 0 0 0
695 14537 (AudioTrack) S 333 333 0 0 -1 1077936192 5 421229 0 205 0 0 1160 2065 4 -16 305 0 204664908 2229567488 33488 18446744073709551615 1 1 0 0 0 0 4612 1 1073775864 0 0 0 -1 0 0 0 0 0 0 0 0 0 0 0 0 0 0
695 1467 (PerfAnimationAr) S 333 333 0 0 -1 1077936192 97 421229 47 205 2 3 1160 2065 30 10 305 0 5970 2229567488 33488 18446744073709551615 1 1 0 0 0 0 4612 1 1073775864 0 0 0 -1 3 0 0 0 0 0 0 0 0 0 0 0 0 0
695 14742 (AmazonFingerPri) S 333 333 0 0 -1 1077936192 7 421229 3 205 0 0 1160 2065 30 10 305 0 242286254 2229567488 33488 18446744073709551615 1 1 0 0 0 0 4612 1 1073775864 0 0 0 -1 0 0 0 0 0 0 0 0 0 0 0 0 0 0
695 14922 (Binder:695_1F) S 333 333 0 0 -1 1077936448 251297 421229 6969 205 32018 14666 1160 2065 20 0 305 0 223944 2229567488 33488 18446744073709551615 1 1 0 0 0 0 4612 1 1073775864 0 0 0 -1 0 0 0 0 0 0 0 0 0 0 0 0 0 0
695 15088 (Binder:695_20) S 333 333 0 0 -1 1077936448 277471 421229 5437 205 35504 16235 1160 2065 20 0 305 0 224908 2229567488 33488 18446744073709551615 1 1 0 0 0 0 4612 1 1073775864 0 0 0 -1 3 0 0 0 0 0 0 0 0 0 0 0 0 0
695 1525 (pool-2-thread-1) S 333 333 0 0 -1 1077936192 444 421229 115 205 4 3 1160 2065 20 0 305 0 6010 2229567488 33488 18446744073709551615 1 1 0 0 0 0 4612 1 1073775864 0 0 0 -1 1 0 0 0 0 0 0 0 0 0 0 0 0 0
695 15294 (Binder:695_21) S 333 333 0 0 -1 1077936448 314544 421229 4678 205 39774 17766 1160 2065 20 0 305 0 230233 2229567488 33488 18446744073709551615 1 1 0 0 0 0 4612 1 1073775864 0 0 0 -1 1 0 0 0 0 0 0 0 0 0 0 0 0 0
695 15492 (LogRetentionJob) S 333 333 0 0 -1 1077936192 9 421229 0 205 0 0 1160 2065 20 0 305 0 121154176 2229567488 33488 18446744073709551615 1 1 0 0 0 0 4612 1 1073775864 0 0 0 -1 3 0 0 0 0 0 0 0 0 0 0 0 0 0
695 1594 (CCodecWatchdog) S 333 333 0 0 -1 1077936192 1 421229 0 205 0 0 1160 2065 20 0 305 0 6044 2229567488 33488 18446744073709551615 1 1 0 0 0 0 4612 1 1073775864 0 0 0 -1 2 0 0 0 0 0 0 0 0 0 0 0 0 0
695 1596 (NDK MediaCodec_) S 333 333 0 0 -1 1077936192 1 421229 0 205 0 0 1160 2065 4 -16 305 0 6044 2229567488 33488 18446744073709551615 1 1 0 0 0 0 4612 1 1073775864 0 0 0 -1 1 0 0 0 0 0 0 0 0 0 0 0 0 0
695 15969 (AmazonFingerPri) S 333 333 0 0 -1 1077936192 5 421229 0 205 0 0 1160 2065 30 10 305 0 164532139 2229567488 33488 18446744073709551615 1 1 0 0 0 0 4612 1 1073775864 0 0 0 -1 3 0 0 0 0 0 0 0 0 0 0 0 0 0
695 1597 (NDK MediaCodec_) S 333 333 0 0 -1 1077936192 1 421229 0 205 0 0 1160 2065 4 -16 305 0 6044 2229567488 33488 18446744073709551615 1 1 0 0 0 0 4612 1 1073775864 0 0 0 -1 0 0 0 0 0 0 0 0 0 0 0 0 0 0
695 1605 (HwBinder:695_4) S 333 333 0 0 -1 1077936192 5137 421229 194 205 487 147 1160 2065 20 0 305 0 6051 2229567488 33488 18446744073709551615 1 1 0 0 0 0 4612 1 1073775864 0 0 0 -1 3 0 0 0 0 0 0 0 0 0 0 0 0 0
695 1612 (HwBinder:695_5) S 333 333 0 0 -1 1077936192 8336 421229 229 205 754 240 1160 2065 20 0 305 0 6060 2229567488 33488 18446744073709551615 1 1 0 0 0 0 4612 1 1073775864 0 0 0 -1 2 0 0 0 0 0 0 0 0 0 0 0 0 0
695 16757 (AmazonFingerPri) S 333 333 0 0 -1 1077936192 5 421229 0 205 0 0 1160 2065 30 10 305 0 86767127 2229567488 33488 18446744073709551615 1 1 0 0 0 0 4612 1 1073775864 0 0 0 -1 1 0 0 0 0 0 0 0 0 0 0 0 0 0
695 1699 (FireTVKeyPolicy) S 333 333 0 0 -1 1077936192 5 421229 0 205 0 0 1160 2065 18 -2 305 0 6123 2229567488 33488 18446744073709551615 1 1 0 0 0 0 4612 1 1073775864 0 0 0 -1 0 0 0 0 0 0 0 0 0 0 0 0 0 0
695 1752 (Binder:695_E) S 333 333 0 0 -1 1077936448 105419 421229 6424 205 11658 5257 1160 2065 20 0 305 0 6209 2229567488 33488 18446744073709551615 1 1 0 0 0 4096 4612 1 1073775864 0 0 0 -1 3 0 0 0 0 0 0 0 0 0 0 0 0 0
695 1759 (VolumeAliasHand) S 333 333 0 0 -1 1077936192 4 421229 0 205 0 0 1160 2065 20 0 305 0 6215 2229567488 33488 18446744073709551615 1 1 0 0 0 0 4612 1 1073775864 0 0 0 -1 2 0 0 0 0 0 0 0 0 0 0 0 0 0
695 1764 (LeGattConnectio) S 333 333 0 0 -1 1077936192 5 421229 0 205 0 0 1160 2065 20 0 305 0 6226 2229567488 33488 18446744073709551615 1 1 0 0 0 0 4612 1 1073775864 0 0 0 -1 0 0 0 0 0 0 0 0 0 0 0 0 0 0
695 1766 (LeGattScanWorke) S 333 333 0 0 -1 1077936192 5 421229 0 205 0 0 1160 2065 20 0 305 0 6226 2229567488 33488 18446744073709551615 1 1 0 0 0 0 4612 1 1073775864 0 0 0 -1 3 0 0 0 0 0 0 0 0 0 0 0 0 0
695 1767 (LeAdapterReques) S 333 333 0 0 -1 1077936192 5 421229 0 205 0 0 1160 2065 20 0 305 0 6227 2229567488 33488 18446744073709551615 1 1 0 0 0 0 4612 1 1073775864 0 0 0 -1 0 0 0 0 0 0 0 0 0 0 0 0 0 0
695 1773 (RedirectListene) S 333 333 0 0 -1 1077936192 5 421229 0 205 0 0 1160 2065 20 0 305 0 6236 2229567488 33488 18446744073709551615 1 1 0 0 0 0 4612 1 1073775864 0 0 0 -1 0 0 0 0 0 0 0 0 0 0 0 0 0 0
695 1782 (AdvertisingIdAr) S 333 333 0 0 -1 1077936192 9 421229 0 205 0 0 1160 2065 20 0 305 0 6239 2229567488 33488 18446744073709551615 1 1 0 0 0 0 4612 1 1073775864 0 0 0 -1 0 0 0 0 0 0 0 0 0 0 0 0 0 0
695 1794 (AmazonFingerPri) S 333 333 0 0 -1 1077936192 20 421229 6 205 0 0 1160 2065 30 10 305 0 6241 2229567488 33488 18446744073709551615 1 1 0 0 0 0 4612 1 1073775864 0 0 0 -1 1 0 0 0 0 0 0 0 0 0 0 0 0 0
695 1798 (ThreadPriorityB) S 333 333 0 0 -1 1077936448 460 421229 183 205 5 9 1160 2065 20 0 305 0 6242 2229567488 33488 18446744073709551615 1 1 0 0 0 0 4612 1 1073775864 0 0 0 -1 1 0 0 0 0 0 0 0 0 0 0 0 0 0
695 1801 (BtLeManagerThre) S 333 333 0 0 -1 1077936192 97 421229 19 205 0 1 1160 2065 20 0 305 0 6244 2229567488 33488 18446744073709551615 1 1 0 0 0 0 4612 1 1073775864 0 0 0 -1 0 0 0 0 0 0 0 0 0 0 0 0 0 0
695 1802 (pool-8-thread-1) S 333 333 0 0 -1 1077936192 1187 421229 240 205 43 40 1160 2065 20 0 305 0 6247 2229567488 33488 18446744073709551615 1 1 0 0 0 0 4612 1 1073775864 0 0 0 -1 2 0 0 0 0 0 0 0 0 0 0 0 0 0
695 1803 (OsuServerHandle) S 333 333 0 0 -1 1077936192 5 421229 0 205 0 0 1160 2065 20 0 305 0 6250 2229567488 33488 18446744073709551615 1 1 0 0 0 0 4612 1 1073775864 0 0 0 -1 1 0 0 0 0 0 0 0 0 0 0 0 0 0
695 1815 (LogRetentionJob) S 333 333 0 0 -1 1077936192 11 421229 2 205 0 0 1160 2065 20 0 305 0 216185958 2229567488 33488 18446744073709551615 1 1 0 0 0 0 4612 1 1073775864 0 0 0 -1 0 0 0 0 0 0 0 0 0 0 0 0 0 0
695 1828 (PerfArcusLooper) S 333 333 0 0 -1 1077936192 151 421229 60 205 2 1 1160 2065 20 0 305 0 6309 2229567488 33488 18446744073709551615 1 1 0 0 0 0 4612 1 1073775864 0 0 0 -1 3 0 0 0 0 0 0 0 0 0 0 0 0 0
695 1842 (PerfSchedTunerA) S 333 333 0 0 -1 1077936192 113 421229 68 205 1 3 1160 2065 30 10 305 0 6315 2229567488 33488 18446744073709551615 1 1 0 0 0 0 4612 1 1073775864 0 0 0 -1 3 0 0 0 0 0 0 0 0 0 0 0 0 0
695 1855 (SamplingThread) S 333 333 0 0 -1 1077936192 4 421229 0 205 0 0 1160 2065 20 0 305 0 6318 2229567488 33488 18446744073709551615 1 1 0 0 0 0 4612 1 1073775864 0 0 0 -1 3 0 0 0 0 0 0 0 0 0 0 0 0 0
695 18720 (AmazonFingerPri) S 333 333 0 0 -1 1077936192 5 421229 0 205 0 0 1160 2065 30 10 305 0 121327246 2229567488 33488 18446744073709551615 1 1 0 0 0 0 4612 1 1073775864 0 0 0 -1 1 0 0 0 0 0 0 0 0 0 0 0 0 0
695 19126 (LogRetentionJob) S 333 333 0 0 -1 1077936192 9 421229 0 205 0 0 1160 2065 20 0 305 0 52050581 2229567488 33488 18446744073709551615 1 1 0 0 0 0 4612 1 1073775864 0 0 0 -1 1 0 0 0 0 0 0 0 0 0 0 0 0 0
695 19181 (LogRetentionJob) S 333 333 0 0 -1 1077936192 9 421229 0 205 0 0 1160 2065 20 0 305 0 198910962 2229567488 33488 18446744073709551615 1 1 0 0 0 0 4612 1 1073775864 0 0 0 -1 1 0 0 0 0 0 0 0 0 0 0 0 0 0
695 20345 (LogRetentionJob) S 333 333 0 0 -1 1077936192 9 421229 0 205 0 0 1160 2065 20 0 305 0 17483740 2229567488 33488 18446744073709551615 1 1 0 0 0 0 4612 1 1073775864 0 0 0 -1 0 0 0 0 0 0 0 0 0 0 0 0 0 0
695 2100 (LazyTaskWriterT) S 333 333 0 0 -1 1077936192 5017 421229 398 205 93 188 1160 2065 30 10 305 0 6581 2229567488 33488 18446744073709551615 1 1 0 0 0 0 4612 1 1073775864 0 0 0 -1 1 0 0 0 0 0 0 0 0 0 0 0 0 0
695 2102 (StorageUserConn) S 333 333 0 0 -1 1077936192 13 421229 0 205 0 0 1160 2065 20 0 305 0 6583 2229567488 33488 18446744073709551615 1 1 0 0 0 0 4612 1 1073775864 0 0 0 -1 2 0 0 0 0 0 0 0 0 0 0 0 0 0
695 21044 (AmazonFingerPri) S 333 333 0 0 -1 1077936192 5 421229 0 205 0 0 1160 2065 30 10 305 0 52207431 2229567488 33488 18446744073709551615 1 1 0 0 0 0 4612 1 1073775864 0 0 0 -1 3 0 0 0 0 0 0 0 0 0 0 0 0 0
695 21475 (AmazonFingerPri) S 333 333 0 0 -1 1077936192 5 421229 0 205 0 0 1160 2065 30 10 305 0 199091512 2229567488 33488 18446744073709551615 1 1 0 0 0 0 4612 1 1073775864 0 0 0 -1 1 0 0 0 0 0 0 0 0 0 0 0 0 0
695 2211 (AudioPortEventH) S 333 333 0 0 -1 1077936192 603 421229 326 205 3 9 1160 2065 20 0 305 0 6637 2229567488 33488 18446744073709551615 1 1 0 0 0 0 4612 1 1073775864 0 0 0 -1 1 0 0 0 0 0 0 0 0 0 0 0 0 0
695 22517 (AmazonFingerPri) S 333 333 0 0 -1 1077936192 6 421229 0 205 0 0 1160 2065 30 10 305 0 17647085 2229567488 33488 18446744073709551615 1 1 0 0 0 0 4612 1 1073775864 0 0 0 -1 1 0 0 0 0 0 0 0 0 0 0 0 0 0
695 22634 (LogRetentionJob) S 333 333 0 0 -1 1077936192 9 421229 1 205 0 0 1160 2065 20 0 305 0 155716626 2229567488 33488 18446744073709551615 1 1 0 0 0 0 4612 1 1073775864 0 0 0 -1 3 0 0 0 0 0 0 0 0 0 0 0 0 0
695 22653 (LogRetentionJob) S 333 333 0 0 -1 1077936192 11 421229 3 205 0 0 1160 2065 20 0 305 0 207556903 2229567488 33488 18446744073709551615 1 1 0 0 0 0 4612 1 1073775864 0 0 0 -1 2 0 0 0 0 0 0 0 0 0 0 0 0 0
695 2279 (AmazonFingerPri) S 333 333 0 0 -1 1077936192 6 421229 0 205 0 0 1160 2065 30 10 305 0 104047951 2229567488 33488 18446744073709551615 1 1 0 0 0 0 4612 1 1073775864 0 0 0 -1 3 0 0 0 0 0 0 0 0 0 0 0 0 0
695 22974 (LogRetentionJob) S 333 333 0 0 -1 1077936192 9 421229 0 205 0 0 1160 2065 20 0 305 0 112524029 2229567488 33488 18446744073709551615 1 1 0 0 0 0 4612 1 1073775864 0 0 0 -1 1 0 0 0 0 0 0 0 0 0 0 0 0 0
695 24468 (LogRetentionJob) S 333 333 0 0 -1 1077936192 11 421229 8 205 0 0 1160 2065 20 0 305 0 233465958 2229567488 33488 18446744073709551615 1 1 0 0 0 0 4612 1 1073775864 0 0 0 -1 2 0 0 0 0 0 0 0 0 0 0 0 0 0
695 24597 (LogRetentionJob) S 333 333 0 0 -1 1077936192 10 421229 0 205 0 0 1160 2065 20 0 305 0 190274408 2229567488 33488 18446744073709551615 1 1 0 0 0 0 4612 1 1073775864 0 0 0 -1 1 0 0 0 0 0 0 0 0 0 0 0 0 0
695 2489 (pool-7-thread-1) S 333 333 0 0 -1 1077936192 35129 421229 721 205 1038 1491 1160 2065 20 0 305 0 6947 2229567488 33488 18446744073709551615 1 1 0 0 0 0 4612 1 1073775864 0 0 0 -1 1 0 0 0 0 0 0 0 0 0 0 0 0 0
695 25127 (AmazonFingerPri) S 333 333 0 0 -1 1077936192 5 421229 1 205 0 0 1160 2065 30 10 305 0 112688023 2229567488 33488 18446744073709551615 1 1 0 0 0 0 4612 1 1073775864 0 0 0 -1 1 0 0 0 0 0 0 0 0 0 0 0 0 0
695 25157 (AmazonFingerPri) S 333 333 0 0 -1 1077936192 6 421229 0 205 0 0 1160 2065 30 10 305 0 155892024 2229567488 33488 18446744073709551615 1 1 0 0 0 0 4612 1 1073775864 0 0 0 -1 0 0 0 0 0 0 0 0 0 0 0 0 0 0
695 25397 (AmazonFingerPri) S 333 333 0 0 -1 1077936192 8 421229 0 205 0 0 1160 2065 30 10 305 0 207732746 2229567488 33488 18446744073709551615 1 1 0 0 0 0 4612 1 1073775864 0 0 0 -1 3 0 0 0 0 0 0 0 0 0 0 0 0 0
695 2542 (Okio Watchdog) S 333 333 0 0 -1 1077936192 75 421229 46 205 81 99 1160 2065 20 0 305 0 6967 2229567488 33488 18446744073709551615 1 1 0 0 0 0 4612 1 1073775864 0 0 0 -1 3 0 0 0 0 0 0 0 0 0 0 0 0 0
695 25479 (LogRetentionJob) S 333 333 0 0 -1 1077936192 9 421229 0 205 0 0 1160 2065 20 0 305 0 77960230 2229567488 33488 18446744073709551615 1 1 0 0 0 0 4612 1 1073775864 0 0 0 -1 1 0 0 0 0 0 0 0 0 0 0 0 0 0
695 26886 (Timer-41) S 333 333 0 0 -1 1077936192 4 421229 0 205 0 0 1160 2065 20 0 305 0 250572418 2229567488 33488 18446744073709551615 1 1 0 0 0 0 4612 1 1073775864 0 0 0 -1 2 0 0 0 0 0 0 0 0 0 0 0 0 0
695 26957 (AmazonFingerPri) S 333 333 0 0 -1 1077936192 9 421229 2 205 0 0 1160 2065 30 10 305 0 233646255 2229567488 33488 18446744073709551615 1 1 0 0 0 0 4612 1 1073775864 0 0 0 -1 2 0 0 0 0 0 0 0 0 0 0 0 0 0
695 27340 (AmazonFingerPri) S 333 333 0 0 -1 1077936192 5 421229 0 205 0 0 1160 2065 30 10 305 0 190452511 2229567488 33488 18446744073709551615 1 1 0 0 0 0 4612 1 1073775864 0 0 0 -1 3 0 0 0 0 0 0 0 0 0 0 0 0 0
695 27405 (AsyncTask #16) S 333 333 0 0 -1 1077936192 1343 421229 35 205 13 7 1160 2065 30 10 305 0 254950814 2229567488 33488 18446744073709551615 1 1 0 0 0 0 4612 1 1073775864 0 0 0 -1 1 0 0 0 0 0 0 0 0 0 0 0 0 0
695 27645 (AmazonFingerPri) S 333 333 0 0 -1 1077936192 5 421229 1 205 0 0 1160 2065 30 10 305 0 78127720 2229567488 33488 18446744073709551615 1 1 0 0 0 0 4612 1 1073775864 0 0 0 -1 3 0 0 0 0 0 0 0 0 0 0 0 0 0
695 28310 (LogRetentionJob) S 333 333 0 0 -1 1077936192 10 421229 2 205 0 0 1160 2065 20 0 305 0 43395587 2229567488 33488 18446744073709551615 1 1 0 0 0 0 4612 1 1073775864 0 0 0 -1 1 0 0 0 0 0 0 0 0 0 0 0 0 0
695 29014 (LogRetentionJob) S 333 333 0 0 -1 1077936192 8 421229 1 205 0 0 1160 2065 20 0 305 0 8827337 2229567488 33488 18446744073709551615 1 1 0 0 0 0 4612 1 1073775864 0 0 0 -1 1 0 0 0 0 0 0 0 0 0 0 0 0 0
695 29152 (OkHttp Connecti) S 333 333 0 0 -1 1077936192 10 421229 1 205 0 0 1160 2065 20 0 305 0 258511219 2229567488 33488 18446744073709551615 1 1 0 0 0 0 4612 1 1073775864 0 0 0 -1 2 0 0 0 0 0 0 0 0 0 0 0 0 0
695 29588 (LogRetentionJob) S 333 333 0 0 -1 1077936192 13 421229 4 205 0 0 1160 2065 20 0 305 0 250745958 2229567488 33488 18446744073709551615 1 1 0 0 0 0 4612 1 1073775864 0 0 0 -1 3 0 0 0 0 0 0 0 0 0 0 0 0 0
695 29756 (LogRetentionJob) S 333 333 0 0 -1 1077936192 10 421229 0 205 0 0 1160 2065 20 0 305 0 147084566 2229567488 33488 18446744073709551615 1 1 0 0 0 0 4612 1 1073775864 0 0 0 -1 0 0 0 0 0 0 0 0 0 0 0 0 0 0
695 30920 (AmazonFingerPri) S 333 333 0 0 -1 1077936192 6 421229 1 205 0 0 1160 2065 30 10 305 0 43567339 2229567488 33488 18446744073709551615 1 1 0 0 0 0 4612 1 1073775864 0 0 0 -1 3 0 0 0 0 0 0 0 0 0 0 0 0 0
695 30945 (AmazonFingerPri) S 333 333 0 0 -1 1077936192 8 421229 4 205 0 0 1160 2065 30 10 305 0 366254 2229567488 33488 18446744073709551615 1 1 0 0 0 0 4612 1 1073775864 0 0 0 -1 2 0 0 0 0 0 0 0 0 0 0 0 0 0
695 31028 (AmazonFingerPri) S 333 333 0 0 -1 1077936192 6 421229 0 205 0 0 1160 2065 30 10 305 0 9006991 2229567488 33488 18446744073709551615 1 1 0 0 0 0 4612 1 1073775864 0 0 0 -1 2 0 0 0 0 0 0 0 0 0 0 0 0 0
695 31588 (LogRetentionJob) S 333 333 0 0 -1 1077936192 10 421229 0 205 0 0 1160 2065 20 0 305 0 103868899 2229567488 33488 18446744073709551615 1 1 0 0 0 0 4612 1 1073775864 0 0 0 -1 1 0 0 0 0 0 0 0 0 0 0 0 0 0
695 31855 (AmazonFingerPri) S 333 333 0 0 -1 1077936192 6 421229 0 205 0 0 1160 2065 30 10 305 0 147251855 2229567488 33488 18446744073709551615 1 1 0 0 0 0 4612 1 1073775864 0 0 0 -1 1 0 0 0 0 0 0 0 0 0 0 0 0 0
695 31983 (AmazonFingerPri) S 333 333 0 0 -1 1077936192 7 421229 0 205 0 0 1160 2065 30 10 305 0 250926254 2229567488 33488 18446744073709551615 1 1 0 0 0 0 4612 1 1073775864 0 0 0 -1 1 0 0 0 0 0 0 0 0 0 0 0 0 0
695 3214 (BtCallback) S 333 333 0 0 -1 1077936192 61 421229 9 205 0 1 1160 2065 20 0 305 0 7572 2229567488 33488 18446744073709551615 1 1 0 0 0 0 4612 1 1073775864 0 0 0 -1 3 0 0 0 0 0 0 0 0 0 0 0 0 0
695 3245 (AmazonFingerPri) S 333 333 0 0 -1 1077936192 7 421229 1 205 0 0 1160 2065 30 10 305 0 69487613 2229567488 33488 18446744073709551615 1 1 0 0 0 0 4612 1 1073775864 0 0 0 -1 0 0 0 0 0 0 0 0 0 0 0 0 0 0
695 32725 (LogRetentionJob) S 333 333 0 0 -1 1077936192 9 421229 0 205 0 0 1160 2065 20 0 305 0 69334139 2229567488 33488 18446744073709551615 1 1 0 0 0 0 4612 1 1073775864 0 0 0 -1 0 0 0 0 0 0 0 0 0 0 0 0 0 0
695 3367 (AmazonFingerPri) S 333 333 0 0 -1 1077936192 5 421229 0 205 0 0 1160 2065 30 10 305 0 181812401 2229567488 33488 18446744073709551615 1 1 0 0 0 0 4612 1 1073775864 0 0 0 -1 3 0 0 0 0 0 0 0 0 0 0 0 0 0
695 3390 (LogRetentionJob) S 333 333 0 0 -1 1077936192 10 421229 0 205 0 0 1160 2065 20 0 305 0 138429987 2229567488 33488 18446744073709551615 1 1 0 0 0 0 4612 1 1073775864 0 0 0 -1 0 0 0 0 0 0 0 0 0 0 0 0 0 0
695 353 (LogRetentionJob) S 333 333 0 0 -1 1077936192 9 421229 0 205 0 0 1160 2065 20 0 305 0 181644164 2229567488 33488 18446744073709551615 1 1 0 0 0 0 4612 1 1073775864 0 0 0 -1 3 0 0 0 0 0 0 0 0 0 0 0 0 0
695 3818 (pool-379-thread) S 333 333 0 0 -1 1077936192 5 421229 2 205 0 0 1160 2065 20 0 305 0 258685192 2229567488 33488 18446744073709551615 1 1 0 0 0 0 4612 1 1073775864 0 0 0 -1 1 0 0 0 0 0 0 0 0 0 0 0 0 0
695 3819 (pool-380-thread) S 333 333 0 0 -1 1077936192 6 421229 4 205 0 0 1160 2065 20 0 305 0 258685192 2229567488 33488 18446744073709551615 1 1 0 0 0 0 4612 1 1073775864 0 0 0 -1 2 0 0 0 0 0 0 0 0 0 0 0 0 0
695 4400 (Binder:695_F) S 333 333 0 0 -1 1077936448 98528 421229 5359 205 10960 4810 1160 2065 20 0 305 0 9269 2229567488 33488 18446744073709551615 1 1 0 0 0 0 4612 1 1073775864 0 0 0 -1 3 0 0 0 0 0 0 0 0 0 0 0 0 0
695 4552 (AmazonFingerPri) S 333 333 0 0 -1 1077936192 6 421229 0 205 0 0 1160 2065 30 10 305 0 216366254 2229567488 33488 18446744073709551615 1 1 0 0 0 0 4612 1 1073775864 0 0 0 -1 0 0 0 0 0 0 0 0 0 0 0 0 0 0
695 4634 (AmazonKeyEventL) S 333 333 0 0 -1 1077936192 978 421229 417 205 49 48 1160 2065 20 0 305 0 9769 2229567488 33488 18446744073709551615 1 1 0 0 0 0 4612 1 1073775864 0 0 0 -1 3 0 0 0 0 0 0 0 0 0 0 0 0 0
695 4882 (Binder:695_10) S 333 333 0 0 -1 1077936448 114645 421229 4705 205 13033 6128 1160 2065 20 0 305 0 10131 2229567488 33488 18446744073709551615 1 1 0 0 0 0 4612 1 1073775864 0 0 0 -1 3 0 0 0 0 0 0 0 0 0 0 0 0 0
695 4949 (LogRetentionJob) S 333 333 0 0 -1 1077936192 12 421229 0 205 0 0 1160 2065 20 0 305 0 34746810 2229567488 33488 18446744073709551615 1 1 0 0 0 0 4612 1 1073775864 0 0 0 -1 3 0 0 0 0 0 0 0 0 0 0 0 0 0
695 5713 (pool-6-thread-1) S 333 333 0 0 -1 1077936192 10324 421229 225 205 631 172 1160 2065 20 0 305 0 12369 2229567488 33488 18446744073709551615 1 1 0 0 0 0 4612 1 1073775864 0 0 0 -1 2 0 0 0 0 0 0 0 0 0 0 0 0 0
695 5832 (AmazonFingerPri) S 333 333 0 0 -1 1077936192 5 421229 0 205 0 0 1160 2065 30 10 305 0 138611723 2229567488 33488 18446744073709551615 1 1 0 0 0 0 4612 1 1073775864 0 0 0 -1 3 0 0 0 0 0 0 0 0 0 0 0 0 0
695 6078 (Binder:695_11) S 333 333 0 0 -1 1077936448 110221 421229 4672 205 12154 5451 1160 2065 20 0 305 0 13684 2229567488 33488 18446744073709551615 1 1 0 0 0 0 4612 1 1073775864 0 0 0 -1 3 0 0 0 0 0 0 0 0 0 0 0 0 0
695 6150 (LogRetentionJob) S 333 333 0 0 -1 1077936192 14 421229 4 205 0 0 1160 2065 20 0 305 0 224825959 2229567488 33488 18446744073709551615 1 1 0 0 0 0 4612 1 1073775864 0 0 0 -1 1 0 0 0 0 0 0 0 0 0 0 0 0 0
695 6304 (Binder:695_12) S 333 333 0 0 -1 1077936448 120174 421229 4574 205 13641 6190 1160 2065 20 0 305 0 14215 2229567488 33488 18446744073709551615 1 1 0 0 0 0 4612 1 1073775864 0 0 0 -1 3 0 0 0 0 0 0 0 0 0 0 0 0 0
695 6513 (LogRetentionJob) S 333 333 0 0 -1 1077936192 9 421229 0 205 0 0 1160 2065 20 0 305 0 173014960 2229567488 33488 18446744073709551615 1 1 0 0 0 0 4612 1 1073775864 0 0 0 -1 3 0 0 0 0 0 0 0 0 0 0 0 0 0
695 6541 (Binder:695_13) S 333 333 0 0 -1 1077936448 114135 421229 5739 205 12238 5476 1160 2065 20 0 305 0 15162 2229567488 33488 18446744073709551615 1 1 0 0 0 0 4612 1 1073775864 0 0 0 -1 3 0 0 0 0 0 0 0 0 0 0 0 0 0
695 6632 (Binder:695_14) S 333 333 0 0 -1 1077936448 146658 421229 4814 205 16079 7400 1160 2065 20 0 305 0 15411 2229567488 33488 18446744073709551615 1 1 0 0 0 0 4612 1 1073775864 0 0 0 -1 3 0 0 0 0 0 0 0 0 0 0 0 0 0
695 6785 (Binder:695_15) S 333 333 0 0 -1 1077936448 133934 421229 4093 205 15044 6614 1160 2065 20 0 305 0 15816 2229567488 33488 18446744073709551615 1 1 0 0 0 0 4612 1 1073775864 0 0 0 -1 0 0 0 0 0 0 0 0 0 0 0 0 0 0
695 695 (Binder:695_3) S 333 333 0 0 -1 1077936448 2664636 421229 38423 205 79305 19258 1160 2065 18 -2 305 0 1304 2229567488 33488 18446744073709551615 1 1 0 0 0 0 4612 1 1073775864 0 0 0 17 0 0 0 0 0 0 0 0 0 0 0 0 0 0
695 701 (Signal Catcher) S 333 333 0 0 -1 1077936192 46 421229 0 205 0 0 1160 2065 0 -20 305 0 1306 2229567488 33488 18446744073709551615 1 1 0 0 0 0 4096 1 1073775864 0 0 0 -1 1 0 0 0 0 0 0 0 0 0 0 0 0 0
695 702 (perfetto_hprof_) S 333 333 0 0 -1 4194368 5 421229 0 205 0 0 1160 2065 0 -20 305 0 1306 2229567488 33488 18446744073709551615 1 1 0 0 0 0 4612 1 1073775864 0 0 0 -1 1 0 0 0 0 0 0 0 0 0 0 0 0 0
695 703 (Jit thread pool) S 333 333 0 0 -1 1077936192 61494 421229 2293 205 383 136 1160 2065 20 0 305 0 1307 2229567488 33488 18446744073709551615 1 1 0 0 0 0 4612 1 1073775864 0 0 0 -1 1 0 0 0 0 0 0 0 0 0 0 0 0 0
695 704 (HeapTaskDaemon) S 333 333 0 0 -1 1077936192 2537997 421229 113441 205 87382 6946 1160 2065 24 4 305 0 1307 2229567488 33488 18446744073709551615 1 1 0 0 0 0 4612 1 1073775864 0 0 0 -1 0 0 0 0 0 0 0 0 0 0 0 0 0 0
695 705 (ReferenceQueueD) S 333 333 0 0 -1 1077936192 2320 421229 2095 205 1842 452 1160 2065 24 4 305 0 1307 2229567488 33488 18446744073709551615 1 1 0 0 0 0 4612 1 1073775864 0 0 0 -1 3 0 0 0 0 0 0 0 0 0 0 0 0 0
695 706 (FinalizerDaemon) S 333 333 0 0 -1 1077936192 6274 421229 1421 205 734 280 1160 2065 24 4 305 0 1307 2229567488 33488 18446744073709551615 1 1 0 0 0 0 4612 1 1073775864 0 0 0 -1 0 0 0 0 0 0 0 0 0 0 0 0 0 0
695 707 (FinalizerWatchd) S 333 333 0 0 -1 1077936192 39 421229 17 205 44 32 1160 2065 24 4 305 0 1307 2229567488 33488 18446744073709551615 1 1 0 0 0 0 4612 1 1073775864 0 0 0 -1 1 0 0 0 0 0 0 0 0 0 0 0 0 0
695 7260 (AmazonFingerPri) S 333 333 0 0 -1 1077936192 6 421229 1 205 0 0 1160 2065 30 10 305 0 34927250 2229567488 33488 18446744073709551615 1 1 0 0 0 0 4612 1 1073775864 0 0 0 -1 1 0 0 0 0 0 0 0 0 0 0 0 0 0
695 729 (Binder:695_1) S 333 333 0 0 -1 1077936448 132242 421229 3508 205 15899 6919 1160 2065 20 0 305 0 1538 2229567488 33488 18446744073709551615 1 1 0 0 0 0 4612 1 1073775864 0 0 0 -1 0 0 0 0 0 0 0 0 0 0 0 0 0 0
695 730 (Binder:695_2) S 333 333 0 0 -1 1077936448 96317 421229 3523 205 11836 5402 1160 2065 20 0 305 0 1538 2229567488 33488 18446744073709551615 1 1 0 0 0 0 4612 1 1073775864 0 0 0 -1 3 0 0 0 0 0 0 0 0 0 0 0 0 0
695 731 (android.fg) S 333 333 0 0 -1 1077936448 946000 421229 3031 205 24006 17743 1160 2065 20 0 305 0 1579 2229567488 33488 18446744073709551615 1 1 0 0 0 0 4612 1 1073775864 0 0 0 -1 0 0 0 0 0 0 0 0 0 0 0 0 0 0
695 732 (android.ui) S 333 333 0 0 -1 1077936448 10893 421229 2159 205 6851 5419 1160 2065 18 -2 305 0 1579 2229567488 33488 18446744073709551615 1 1 0 0 0 0 4612 1 1073775864 0 0 0 -1 0 0 0 0 0 0 0 0 0 0 0 0 0 0
695 733 (android.io) S 333 333 0 0 -1 1077936192 332282 421229 850 205 6282 3445 1160 2065 20 0 305 0 1579 2229567488 33488 18446744073709551615 1 1 0 0 0 0 4612 1 1073775864 0 0 0 -1 0 0 0 0 0 0 0 0 0 0 0 0 0 0
695 734 (android.display) S 333 333 0 0 -1 1077936448 37403 421229 5194 205 1340 644 1160 2065 17 -3 305 0 1579 2229567488 33488 18446744073709551615 1 1 0 0 0 0 4612 1 1073775864 0 0 0 -1 0 0 0 0 0 0 0 0 0 0 0 0 0 0
695 735 (android.anim) S 333 333 0 0 -1 1077936192 1214283 421229 9133 205 2716 1321 1160 2065 16 -4 305 0 1579 2229567488 33488 18446744073709551615 1 1 0 0 0 0 4612 1 1073775864 0 0 0 -1 1 0 0 0 0 0 0 0 0 0 0 0 0 0
695 736 (android.anim.lf) S 333 333 0 0 -1 1077936192 828 421229 439 205 307 221 1160 2065 16 -4 305 0 1579 2229567488 33488 18446744073709551615 1 1 0 0 0 0 4612 1 1073775864 0 0 0 -1 1 0 0 0 0 0 0 0 0 0 0 0 0 0
695 737 (watchdog) S 333 333 0 0 -1 1077936192 7634 421229 138 205 1507 1035 1160 2065 20 0 305 0 1579 2229567488 33488 18446744073709551615 1 1 0 0 0 0 4612 1 1073775864 0 0 0 -1 1 0 0 0 0 0 0 0 0 0 0 0 0 0
695 739 (PackageRecency ) S 333 333 0 0 -1 1077936192 397 421229 149 205 16 9 1160 2065 30 10 305 0 1585 2229567488 33488 18446744073709551615 1 1 0 0 0 0 4612 1 1073775864 0 0 0 -1 1 0 0 0 0 0 0 0 0 0 0 0 0 0
695 740 (android.bg) S 333 333 0 0 -1 1077936448 994841 421229 22878 205 24352 71093 1160 2065 30 10 305 0 1586 2229567488 33488 18446744073709551615 1 1 0 0 0 0 4612 1 1073775864 0 0 0 -1 2 0 0 0 0 0 0 0 0 0 0 0 0 0
695 741 (ActivityManager) S 333 333 0 0 -1 1077936448 123078 421229 6903 205 13645 31578 1160 2065 18 -2 305 0 1587 2229567488 33488 18446744073709551615 1 1 0 0 0 0 4612 1 1073775864 0 0 0 -1 3 0 0 0 0 0 0 0 0 0 0 0 0 0
695 742 (ActivityManager) S 333 333 0 0 -1 1077936448 50958 421229 933 205 914 570 1160 2065 18 -2 305 0 1587 2229567488 33488 18446744073709551615 1 1 0 0 0 0 4612 1 1073775864 0 0 0 -1 0 0 0 0 0 0 0 0 0 0 0 0 0 0
695 743 (ActivityManager) S 333 333 0 0 -1 1077936448 4081 421229 2089 205 305 1165 1160 2065 30 10 305 0 1601 2229567488 33488 18446744073709551615 1 1 0 0 0 0 4612 1 1073775864 0 0 0 -1 1 0 0 0 0 0 0 0 0 0 0 0 0 0
695 744 (ActivityManager) S 333 333 0 0 -1 1077936192 3570 421229 1636 205 200 219 1160 2065 30 10 305 0 1601 2229567488 33488 18446744073709551615 1 1 0 0 0 0 4612 1 1073775864 0 0 0 -1 0 0 0 0 0 0 0 0 0 0 0 0 0 0
695 745 (Thread-2) S 333 333 0 0 -1 1077936192 123 421229 286 205 3 177 1160 2065 20 0 305 0 1601 2229567488 33488 18446744073709551615 1 1 0 0 0 0 4612 1 1073775864 0 0 0 -1 3 0 0 0 0 0 0 0 0 0 0 0 0 0
695 746 (OomAdjuster) S 333 333 0 0 -1 1077936448 4737 421229 202 205 8337 33495 1160 2065 10 -10 305 0 1601 2229567488 33488 18446744073709551615 1 1 0 0 0 0 4612 1 1073775864 0 0 0 -1 3 0 0 0 0 0 0 0 0 0 0 0 0 0
695 747 (batterystats-wo) S 333 333 0 0 -1 1077936192 324893 421229 4280 205 3955 3399 1160 2065 20 0 305 0 1604 2229567488 33488 18446744073709551615 1 1 0 0 0 0 4612 1 1073775864 0 0 0 -1 0 0 0 0 0 0 0 0 0 0 0 0 0 0
695 748 (FileObserver) S 333 333 0 0 -1 4194368 83 421229 26 205 0 1 1160 2065 20 0 305 0 1626 2229567488 33488 18446744073709551615 1 1 0 0 0 0 4612 1 1073775864 0 0 0 -1 0 0 0 0 0 0 0 0 0 0 0 0 0 0
695 749 (CpuTracker) S 333 333 0 0 -1 1077936448 7083 421229 249 205 2654 10804 1160 2065 20 0 305 0 1628 2229567488 33488 18446744073709551615 1 1 0 0 0 0 4612 1 1073775864 0 0 0 -1 0 0 0 0 0 0 0 0 0 0 0 0 0 0
695 750 (Thread-3) S 333 333 0 0 -1 1077936192 8 421229 0 205 0 0 1160 2065 18 -2 305 0 1629 2229567488 33488 18446744073709551615 1 1 0 0 0 0 4612 1 1073775864 0 0 0 -1 2 0 0 0 0 0 0 0 0 0 0 0 0 0
695 751 (Thread-4) S 333 333 0 0 -1 1077936192 6 421229 0 205 0 0 1160 2065 18 -2 305 0 1629 2229567488 33488 18446744073709551615 1 1 0 0 0 0 4612 1 1073775864 0 0 0 -1 1 0 0 0 0 0 0 0 0 0 0 0 0 0
695 752 (Thread-5) S 333 333 0 0 -1 1077936192 279 421229 194 205 5894 20048 1160 2065 18 -2 305 0 1629 2229567488 33488 18446744073709551615 1 1 0 0 0 0 4612 1 1073775864 0 0 0 -1 0 0 0 0 0 0 0 0 0 0 0 0 0 0
695 753 (AmazonPowerMana) S 333 333 0 0 -1 1077936192 943 421229 232 205 78 23 1160 2065 25 5 305 0 1630 2229567488 33488 18446744073709551615 1 1 0 0 0 0 4612 1 1073775864 0 0 0 -1 2 0 0 0 0 0 0 0 0 0 0 0 0 0
695 754 (SuspendToRamVen) S 333 333 0 0 -1 1077936192 46 421229 22 205 0 0 1160 2065 25 5 305 0 1630 2229567488 33488 18446744073709551615 1 1 0 0 0 0 4612 1 1073775864 0 0 0 -1 3 0 0 0 0 0 0 0 0 0 0 0 0 0
695 755 (HomeLauncherCal) S 333 333 0 0 -1 1077936448 208 421229 53 205 8 8 1160 2065 25 5 305 0 1630 2229567488 33488 18446744073709551615 1 1 0 0 0 0 4612 1 1073775864 0 0 0 -1 0 0 0 0 0 0 0 0 0 0 0 0 0 0
695 756 (PowerManagerSer) S 333 333 0 0 -1 1077936448 8001 421229 1249 205 2081 1872 1160 2065 10 -10 305 0 1630 2229567488 33488 18446744073709551615 1 1 0 0 0 0 4612 1 1073775864 0 0 0 -1 3 0 0 0 0 0 0 0 0 0 0 0 0 0
695 757 (HwBinder:695_1) S 333 333 0 0 -1 1077936192 3376 421229 245 205 310 91 1160 2065 20 0 305 0 1631 2229567488 33488 18446744073709551615 1 1 0 0 0 0 4612 1 1073775864 0 0 0 -1 0 0 0 0 0 0 0 0 0 0 0 0 0 0
695 758 (BatteryStats_wa) S 333 333 0 0 -1 1077936192 6 421229 0 205 0 0 1160 2065 18 -2 305 0 1631 2229567488 33488 18446744073709551615 1 1 0 0 0 0 4612 1 1073775864 0 0 0 -1 2 0 0 0 0 0 0 0 0 0 0 0 0 0
695 760 (PackageManager) S 333 333 0 0 -1 1077936192 6 421229 0 205 0 0 1160 2065 30 10 305 0 1639 2229567488 33488 18446744073709551615 1 1 0 0 0 0 4612 1 1073775864 0 0 0 -1 1 0 0 0 0 0 0 0 0 0 0 0 0 0
695 761 (PackageManager) S 333 333 0 0 -1 1077936448 396260 421229 5638 205 12384 3998 1160 2065 30 10 305 0 1652 2229567488 33488 18446744073709551615 1 1 0 0 0 0 4612 1 1073775864 0 0 0 -1 2 0 0 0 0 0 0 0 0 0 0 0 0 0
695 772 (PackageInstalle) S 333 333 0 0 -1 1077936192 150210 421229 2855 205 2925 678 1160 2065 20 0 305 0 2983 2229567488 33488 18446744073709551615 1 1 0 0 0 0 4612 1 1073775864 0 0 0 -1 3 0 0 0 0 0 0 0 0 0 0 0 0 0
695 7739 (Binder:695_16) S 333 333 0 0 -1 1077936448 138076 421229 4491 205 15663 6801 1160 2065 20 0 305 0 18295 2229567488 33488 18446744073709551615 1 1 0 0 0 0 4612 1 1073775864 0 0 0 -1 3 0 0 0 0 0 0 0 0 0 0 0 0 0
695 775 (HealthServiceHw) S 333 333 0 0 -1 1077936192 6 421229 0 205 0 0 1160 2065 20 0 305 0 3058 2229567488 33488 18446744073709551615 1 1 0 0 0 0 4612 1 1073775864 0 0 0 -1 0 0 0 0 0 0 0 0 0 0 0 0 0 0
695 778 (RollbackPackage) S 333 333 0 0 -1 1077936192 9 421229 0 205 0 0 1160 2065 20 0 305 0 3060 2229567488 33488 18446744073709551615 1 1 0 0 0 0 4612 1 1073775864 0 0 0 -1 1 0 0 0 0 0 0 0 0 0 0 0 0 0
695 779 (RollbackManager) S 333 333 0 0 -1 1077936192 1233 421229 220 205 52 31 1160 2065 20 0 305 0 3061 2229567488 33488 18446744073709551615 1 1 0 0 0 0 4612 1 1073775864 0 0 0 -1 1 0 0 0 0 0 0 0 0 0 0 0 0 0
695 7793 (LogRetentionJob) S 333 333 0 0 -1 1077936192 10 421229 1 205 0 0 1160 2065 20 0 305 0 95242888 2229567488 33488 18446744073709551615 1 1 0 0 0 0 4612 1 1073775864 0 0 0 -1 0 0 0 0 0 0 0 0 0 0 0 0 0 0
695 781 (AccountManagerS) S 333 333 0 0 -1 1077936192 1980 421229 569 205 66 25 1160 2065 18 -2 305 0 3064 2229567488 33488 18446744073709551615 1 1 0 0 0 0 4612 1 1073775864 0 0 0 -1 0 0 0 0 0 0 0 0 0 0 0 0 0 0
695 782 (SettingsProvide) S 333 333 0 0 -1 1077936192 10706 421229 837 205 572 214 1160 2065 30 10 305 0 3067 2229567488 33488 18446744073709551615 1 1 0 0 0 0 4612 1 1073775864 0 0 0 -1 2 0 0 0 0 0 0 0 0 0 0 0 0 0
695 787 (AlarmManager) S 333 333 0 0 -1 1077936448 17945 421229 737 205 1508 1305 1160 2065 20 0 305 0 3142 2229567488 33488 18446744073709551615 1 1 0 0 0 0 4612 1 1073775864 0 0 0 -1 1 0 0 0 0 0 0 0 0 0 0 0 0 0
695 789 (AmazonAccMgrCal) S 333 333 0 0 -1 1077936192 5 421229 0 205 0 0 1160 2065 30 10 305 0 3150 2229567488 33488 18446744073709551615 1 1 0 0 0 0 4612 1 1073775864 0 0 0 -1 1 0 0 0 0 0 0 0 0 0 0 0 0 0
695 790 (MagnifierSettin) S 333 333 0 0 -1 1077936192 5 421229 0 205 0 0 1160 2065 20 0 305 0 3152 2229567488 33488 18446744073709551615 1 1 0 0 0 0 4612 1 1073775864 0 0 0 -1 2 0 0 0 0 0 0 0 0 0 0 0 0 0
695 792 (CustomAppLaunch) S 333 333 0 0 -1 1077936192 4 421229 0 205 0 0 1160 2065 25 5 305 0 3155 2229567488 33488 18446744073709551615 1 1 0 0 0 0 4612 1 1073775864 0 0 0 -1 2 0 0 0 0 0 0 0 0 0 0 0 0 0
695 793 (UEventObserver) S 333 333 0 0 -1 4194624 730 421229 284 205 30 34 1160 2065 20 0 305 0 3156 2229567488 33488 18446744073709551615 1 1 0 0 0 0 4612 1 1073775864 0 0 0 -1 1 0 0 0 0 0 0 0 0 0 0 0 0 0
695 794 (AmazonWindowMet) S 333 333 0 0 -1 1077936192 5295 421229 681 205 106 35 1160 2065 20 0 305 0 3157 2229567488 33488 18446744073709551615 1 1 0 0 0 0 4612 1 1073775864 0 0 0 -1 3 0 0 0 0 0 0 0 0 0 0 0 0 0
695 795 (ArcusConfig) S 333 333 0 0 -1 1077936192 138 421229 93 205 2 2 1160 2065 20 0 305 0 3157 2229567488 33488 18446744073709551615 1 1 0 0 0 0 4612 1 1073775864 0 0 0 -1 3 0 0 0 0 0 0 0 0 0 0 0 0 0
695 796 (PipUpdateHandle) S 333 333 0 0 -1 1077936192 5 421229 0 205 0 0 1160 2065 20 0 305 0 3157 2229567488 33488 18446744073709551615 1 1 0 0 0 0 4612 1 1073775864 0 0 0 -1 2 0 0 0 0 0 0 0 0 0 0 0 0 0
695 797 (InputDispatcher) S 333 333 0 0 -1 1077936192 3305 421229 1679 205 464 1103 1160 2065 12 -8 305 0 3157 2229567488 33488 18446744073709551615 1 1 0 0 0 0 4612 1 1073775864 0 0 0 -1 1 0 0 0 0 0 0 0 0 0 0 0 0 0
695 798 (InputReader) S 333 333 0 0 -1 1077936448 10142 421229 1470 205 550 1208 1160 2065 12 -8 305 0 3157 2229567488 33488 18446744073709551615 1 1 0 0 0 0 4612 1 1073775864 0 0 0 -1 3 0 0 0 0 0 0 0 0 0 0 0 0 0
695 800 (NetworkWatchlis) S 333 333 0 0 -1 1077936192 76277 421229 1139 205 2304 1221 1160 2065 30 10 305 0 3160 2229567488 33488 18446744073709551615 1 1 0 0 0 0 4612 1 1073775864 0 0 0 -1 3 0 0 0 0 0 0 0 0 0 0 0 0 0
695 801 (AppIntegrityMan) S 333 333 0 0 -1 1077936448 25973 421229 2920 205 352 138 1160 2065 20 0 305 0 3160 2229567488 33488 18446744073709551615 1 1 0 0 0 0 4612 1 1073775864 0 0 0 -1 0 0 0 0 0 0 0 0 0 0 0 0 0 0
695 802 (StorageManagerS) S 333 333 0 0 -1 1077936192 1161 421229 118 205 16 12 1160 2065 20 0 305 0 3165 2229567488 33488 18446744073709551615 1 1 0 0 0 0 4612 1 1073775864 0 0 0 -1 2 0 0 0 0 0 0 0 0 0 0 0 0 0
695 8454 (AmazonFingerPri) S 333 333 0 0 -1 1077936192 6 421229 6 205 0 1 1160 2065 30 10 305 0 225006254 2229567488 33488 18446744073709551615 1 1 0 0 0 0 4612 1 1073775864 0 0 0 -1 3 0 0 0 0 0 0 0 0 0 0 0 0 0
695 8880 (Binder:695_17) S 333 333 0 0 -1 1077936448 167837 421229 4395 205 18563 8374 1160 2065 20 0 305 0 20691 2229567488 33488 18446744073709551615 1 1 0 0 0 0 4612 1 1073775864 0 0 0 -1 3 0 0 0 0 0 0 0 0 0 0 0 0 0
695 8961 (AmazonFingerPri) S 333 333 0 0 -1 1077936192 5 421229 0 205 0 0 1160 2065 30 10 305 0 173172283 2229567488 33488 18446744073709551615 1 1 0 0 0 0 4612 1 1073775864 0 0 0 -1 0 0 0 0 0 0 0 0 0 0 0 0 0 0
695 9268 (AudioTrack) S 333 333 0 0 -1 1077936192 8 421229 3 205 0 0 1160 2065 4 -16 305 0 200357252 2229567488 33488 18446744073709551615 1 1 0 0 0 0 4612 1 1073775864 0 0 0 -1 2 0 0 0 0 0 0 0 0 0 0 0 0 0
695 9484 (Binder:695_18) S 333 333 0 0 -1 1077936448 175014 421229 5803 205 20902 9371 1160 2065 20 0 305 0 21846 2229567488 33488 18446744073709551615 1 1 0 0 0 4096 4612 1 1073775864 0 0 0 -1 3 0 0 0 0 0 0 0 0 0 0 0 0 0
695 970 (LockSettingsSer) S 333 333 0 0 -1 1077936192 9 421229 0 205 0 0 1160 2065 30 10 305 0 5587 2229567488 33488 18446744073709551615 1 1 0 0 0 0 4612 1 1073775864 0 0 0 -1 0 0 0 0 0 0 0 0 0 0 0 0 0 0
695 973 (NetworkStats) S 333 333 0 0 -1 1077936448 7208230 421229 4703 205 410535 13904 1160 2065 20 0 305 0 5614 2229567488 33488 18446744073709551615 1 1 0 0 0 0 4612 1 1073775864 0 0 0 -1 0 0 0 0 0 0 0 0 0 0 0 0 0 0
695 974 (NetworkPolicy) S 333 333 0 0 -1 1077936192 2709196 421229 551 205 28042 5053 1160 2065 20 0 305 0 5615 2229567488 33488 18446744073709551615 1 1 0 0 0 0 4612 1 1073775864 0 0 0 -1 0 0 0 0 0 0 0 0 0 0 0 0 0 0
695 975 (tworkPolicy.uid) S 333 333 0 0 -1 1077936192 55485 421229 687 205 679 668 1160 2065 18 -2 305 0 5615 2229567488 33488 18446744073709551615 1 1 0 0 0 0 4612 1 1073775864 0 0 0 -1 2 0 0 0 0 0 0 0 0 0 0 0 0 0
695 976 (AsyncChannelHan) S 333 333 0 0 -1 1077936192 6 421229 0 205 0 0 1160 2065 20 0 305 0 5619 2229567488 33488 18446744073709551615 1 1 0 0 0 0 4612 1 1073775864 0 0 0 -1 1 0 0 0 0 0 0 0 0 0 0 0 0 0
695 977 (WifiHandlerThre) S 333 333 0 0 -1 1077936448 1839928 421229 12869 205 51360 18291 1160 2065 20 0 305 0 5619 2229567488 33488 18446744073709551615 1 1 0 0 0 0 4612 1 1073775864 0 0 0 -1 2 0 0 0 0 0 0 0 0 0 0 0 0 0
695 978 (WifiP2pService) S 333 333 0 0 -1 1077936192 1279 421229 393 205 22 20 1160 2065 20 0 305 0 5619 2229567488 33488 18446744073709551615 1 1 0 0 0 0 4612 1 1073775864 0 0 0 -1 1 0 0 0 0 0 0 0 0 0 0 0 0 0
695 979 (PasspointProvis) S 333 333 0 0 -1 1077936192 86 421229 2 205 4 1 1160 2065 20 0 305 0 5619 2229567488 33488 18446744073709551615 1 1 0 0 0 0 4612 1 1073775864 0 0 0 -1 1 0 0 0 0 0 0 0 0 0 0 0 0 0
695 980 (WifiScanningSer) S 333 333 0 0 -1 1077936448 2681 421229 63 205 78 9 1160 2065 20 0 305 0 5643 2229567488 33488 18446744073709551615 1 1 0 0 0 0 4612 1 1073775864 0 0 0 -1 2 0 0 0 0 0 0 0 0 0 0 0 0 0
695 981 (ConnectivitySer) S 333 333 0 0 -1 1077936192 1116913 421229 1961 205 57278 2704 1160 2065 20 0 305 0 5649 2229567488 33488 18446744073709551615 1 1 0 0 0 0 4612 1 1073775864 0 0 0 -1 1 0 0 0 0 0 0 0 0 0 0 0 0 0
695 9814 (AmazonFingerPri) S 333 333 0 0 -1 1077936192 6 421229 0 205 0 0 1160 2065 30 10 305 0 95407880 2229567488 33488 18446744073709551615 1 1 0 0 0 0 4612 1 1073775864 0 0 0 -1 0 0 0 0 0 0 0 0 0 0 0 0 0 0
695 982 (roid.pacmanager) S 333 333 0 0 -1 1077936192 5 421229 0 205 0 0 1160 2065 20 0 305 0 5649 2229567488 33488 18446744073709551615 1 1 0 0 0 0 4612 1 1073775864 0 0 0 -1 1 0 0 0 0 0 0 0 0 0 0 0 0 0
695 983 (NsdService) S 333 333 0 0 -1 1077936192 6 421229 0 205 0 0 1160 2065 20 0 305 0 5651 2229567488 33488 18446744073709551615 1 1 0 0 0 0 4612 1 1073775864 0 0 0 -1 3 0 0 0 0 0 0 0 0 0 0 0 0 0
695 984 (mDnsConnector) S 333 333 0 0 -1 1077936192 6 421229 0 205 0 0 1160 2065 20 0 305 0 5652 2229567488 33488 18446744073709551615 1 1 0 0 0 0 4612 1 1073775864 0 0 0 -1 0 0 0 0 0 0 0 0 0 0 0 0 0 0
695 985 (ranker) S 333 333 0 0 -1 1077936192 102267 421229 311 205 903 162 1160 2065 30 10 305 0 5655 2229567488 33488 18446744073709551615 1 1 0 0 0 0 4612 1 1073775864 0 0 0 -1 1 0 0 0 0 0 0 0 0 0 0 0 0 0
695 986 (notification-sq) S 333 333 0 0 -1 1077936192 6428 421229 3722 205 348 1265 1160 2065 30 10 305 0 5655 2229567488 33488 18446744073709551615 1 1 0 0 0 0 4612 1 1073775864 0 0 0 -1 3 0 0 0 0 0 0 0 0 0 0 0 0 0
695 987 (onProviders.ECP) S 333 333 0 0 -1 1077936448 84 421229 35 205 4 6 1160 2065 30 10 305 0 5655 2229567488 33488 18446744073709551615 1 1 0 0 0 0 4612 1 1073775864 0 0 0 -1 0 0 0 0 0 0 0 0 0 0 0 0 0 0
695 988 (DeviceStorageMo) S 333 333 0 0 -1 1077936192 19777 421229 584 205 3169 3474 1160 2065 30 10 305 0 5658 2229567488 33488 18446744073709551615 1 1 0 0 0 0 4612 1 1073775864 0 0 0 -1 3 0 0 0 0 0 0 0 0 0 0 0 0 0
695 989 (AS.SfxWorker) S 333 333 0 0 -1 1077936192 554 421229 150 205 36 43 1160 2065 20 0 305 0 5659 2229567488 33488 18446744073709551615 1 1 0 0 0 0 4612 1 1073775864 0 0 0 -1 2 0 0 0 0 0 0 0 0 0 0 0 0 0
695 990 (AudioService) S 333 333 0 0 -1 1077936192 661 421229 286 205 19 17 1160 2065 20 0 305 0 5660 2229567488 33488 18446744073709551615 1 1 0 0 0 0 4612 1 1073775864 0 0 0 -1 3 0 0 0 0 0 0 0 0 0 0 0 0 0
695 991 (AudioDeviceBrok) S 333 333 0 0 -1 1077936192 350 421229 236 205 14 9 1160 2065 20 0 305 0 5662 2229567488 33488 18446744073709551615 1 1 0 0 0 0 4612 1 1073775864 0 0 0 -1 3 0 0 0 0 0 0 0 0 0 0 0 0 0
695 992 (Thread-8) S 333 333 0 0 -1 1077936192 8 421229 0 205 0 0 1160 2065 20 0 305 0 5673 2229567488 33488 18446744073709551615 1 1 0 0 0 0 4612 1 1073775864 0 0 0 -1 0 0 0 0 0 0 0 0 0 0 0 0 0 0
695 994 (HwBinder:695_2) S 333 333 0 0 -1 1077936192 2849 421229 190 205 257 80 1160 2065 20 0 305 0 5676 2229567488 33488 18446744073709551615 1 1 0 0 0 0 4612 1 1073775864 0 0 0 -1 3 0 0 0 0 0 0 0 0 0 0 0 0 0
695 995 (HwBinder:695_3) S 333 333 0 0 -1 1077936192 3689 421229 282 205 318 99 1160 2065 20 0 305 0 5676 2229567488 33488 18446744073709551615 1 1 0 0 0 0 4612 1 1073775864 0 0 0 -1 3 0 0 0 0 0 0 0 0 0 0 0 0 0
695 9959 (Binder:695_19) S 333 333 0 0 -1 1077936448 163074 421229 5400 205 18467 8085 1160 2065 20 0 305 0 22768 2229567488 33488 18446744073709551615 1 1 0 0 0 0 4612 1 1073775864 0 0 0 -1 2 0 0 0 0 0 0 0 0 0 0 0 0 0
695 997 (ConnectivityThr) S 333 333 0 0 -1 1077936192 13344 421229 216 205 237 89 1160 2065 20 0 305 0 5677 2229567488 33488 18446744073709551615 1 1 0 0 0 0 4612 1 1073775864 0 0 0 -1 0 0 0 0 0 0 0 0 0 0 0 0 0 0
695 999 (backup) S 333 333 0 0 -1 1077936192 9 421229 0 205 0 0 1160 2065 30 10 305 0 5678 2229567488 33488 18446744073709551615 1 1 0 0 0 0 4612 1 1073775864 0 0 0 -1 3 0 0 0 0 0 0 0 0 0 0 0 0 0
421 12715 (Binder:421_B) S 1 421 0 0 -1 1077936192 946 0 683 0 684 743 0 0 20 0 27 0 56183809 79675392 1084 18446744073709551615 1 1 0 0 0 0 0 4096 1073775864 0 0 0 -1 1 0 0 0 0 0 0 0 0 0 0 0 0 0
421 13139 (Binder:421_8) S 1 421 0 0 -1 1077936192 1432 0 1141 0 764 895 0 0 20 0 27 0 170936 79675392 1084 18446744073709551615 1 1 0 0 0 0 0 4096 1073775864 0 0 0 -1 3 0 0 0 0 0 0 0 0 0 0 0 0 0
421 1497 (Binder:421_4) S 1 421 0 0 -1 1077936192 1146 0 1296 0 665 777 0 0 20 0 27 0 5982 79675392 1084 18446744073709551615 1 1 0 0 0 0 0 4096 1073775864 0 0 0 -1 3 0 0 0 0 0 0 0 0 0 0 0 0 0
421 1755 (Binder:421_5) S 1 421 0 0 -1 1077936192 932 0 1098 0 580 659 0 0 20 0 27 0 6211 79675392 1084 18446744073709551615 1 1 0 0 0 0 0 4096 1073775864 0 0 0 -1 0 0 0 0 0 0 0 0 0 0 0 0 0 0
421 20227 (Binder:421_9) S 1 421 0 0 -1 1077936192 770 0 814 0 632 733 0 0 20 0 27 0 3538829 79675392 1084 18446744073709551615 1 1 0 0 0 0 0 4096 1073775864 0 0 0 -1 0 0 0 0 0 0 0 0 0 0 0 0 0 0
421 2098 (Binder:421_E) S 1 421 0 0 -1 1077936192 696 0 666 0 551 626 0 0 20 0 27 0 222558174 79675392 1084 18446744073709551615 1 1 0 0 0 0 0 4096 1073775864 0 0 0 -1 3 0 0 0 0 0 0 0 0 0 0 0 0 0
421 2176 (Binder:421_F) S 1 421 0 0 -1 1077936192 787 0 898 0 615 656 0 0 20 0 27 0 222560643 79675392 1084 18446744073709551615 1 1 0 0 0 0 0 4096 1073775864 0 0 0 -1 0 0 0 0 0 0 0 0 0 0 0 0 0 0
421 22281 (Binder:421_A) S 1 421 0 0 -1 1077936192 1014 0 1171 0 547 676 0 0 20 0 27 0 12975899 79675392 1084 18446744073709551615 1 1 0 0 0 0 0 4096 1073775864 0 0 0 -1 3 0 0 0 0 0 0 0 0 0 0 0 0 0
421 2304 (Binder:421_10) S 1 421 0 0 -1 1077936192 731 0 723 0 716 769 0 0 20 0 27 0 222563395 79675392 1084 18446744073709551615 1 1 0 0 0 0 0 4096 1073775864 0 0 0 -1 0 0 0 0 0 0 0 0 0 0 0 0 0 0
421 2961 (Binder:421_C) S 1 421 0 0 -1 1077936192 643 0 922 0 482 562 0 0 20 0 27 0 64815230 79675392 1084 18446744073709551615 1 1 0 0 0 0 0 4096 1073775864 0 0 0 -1 0 0 0 0 0 0 0 0 0 0 0 0 0 0
421 30043 (HwBinder:421_3) S 1 421 0 0 -1 1077936192 12 0 11 0 0 0 0 0 20 0 27 0 253212263 79675392 1084 18446744073709551615 1 1 0 0 0 0 0 4096 1073775864 0 0 0 -1 2 0 0 0 0 0 0 0 0 0 0 0 0 0
421 4158 (Binder:421_6) S 1 421 0 0 -1 1077936192 1319 0 2110 0 706 794 0 0 20 0 27 0 8659 79675392 1084 18446744073709551615 1 1 0 0 0 0 0 4096 1073775864 0 0 0 -1 0 0 0 0 0 0 0 0 0 0 0 0 0 0
421 421 (audioserver) S 1 421 0 0 -1 1077936384 3722 0 1147 0 634 734 0 0 20 0 27 0 859 79675392 1084 18446744073709551615 1 1 0 0 0 0 0 4096 1073775864 0 0 0 17 1 0 0 0 0 0 0 0 0 0 0 0 0 0
421 465 (DeviceEffectMan) S 1 421 0 0 -1 1077936192 40 0 67 0 0 0 0 0 4 -16 27 0 888 79675392 1084 18446744073709551615 1 1 0 0 0 0 0 4096 1073775864 0 0 0 -1 3 0 0 0 0 0 0 0 0 0 0 0 0 0
421 473 (HwBinder:421_1) S 1 421 0 0 -1 1077936192 10 0 8 0 0 0 0 0 20 0 27 0 894 79675392 1084 18446744073709551615 1 1 0 0 0 0 0 4096 1073775864 0 0 0 -1 3 0 0 0 0 0 0 0 0 0 0 0 0 0
421 474 (HwBinder:421_2) S 1 421 0 0 -1 1077936192 30 0 34 0 0 0 0 0 20 0 27 0 894 79675392 1084 18446744073709551615 1 1 0 0 0 0 0 4096 1073775864 0 0 0 -1 3 0 0 0 0 0 0 0 0 0 0 0 0 0
421 6116 (Binder:421_7) S 1 421 0 0 -1 1077936192 1101 0 1432 0 612 688 0 0 20 0 27 0 13799 79675392 1084 18446744073709551615 1 1 0 0 0 0 0 4096 1073775864 0 0 0 -1 3 0 0 0 0 0 0 0 0 0 0 0 0 0
421 626 (ApmAudio) S 1 421 0 0 -1 1077936192 220 0 410 0 8 9 0 0 4 -16 27 0 1188 79675392 1084 18446744073709551615 1 1 0 0 0 0 0 4096 1073775864 0 0 0 -1 1 0 0 0 0 0 0 0 0 0 0 0 0 0
421 627 (ApmOutput) S 1 421 0 0 -1 1077936192 1320 0 392 0 1226 490 0 0 4 -16 27 0 1188 79675392 1084 18446744073709551615 1 1 0 0 0 0 0 4096 1073775864 0 0 0 -1 0 0 0 0 0 0 0 0 0 0 0 0 0 0
421 652 (Binder:421_1) S 1 421 0 0 -1 1077936192 1537 0 1458 0 699 769 0 0 20 0 27 0 1212 79675392 1084 18446744073709551615 1 1 0 0 0 0 0 4096 1073775864 0 0 0 -1 0 0 0 0 0 0 0 0 0 0 0 0 0 0
421 653 (Binder:421_2) S 1 421 0 0 -1 1077936192 1063 0 1234 0 635 756 0 0 20 0 27 0 1212 79675392 1084 18446744073709551615 1 1 0 0 0 0 0 4096 1073775864 0 0 0 -1 0 0 0 0 0 0 0 0 0 0 0 0 0 0
421 683 (AudioOut_D) S 1 421 0 0 -1 1077936192 135110 0 3206 0 334974 262036 0 0 1 -19 27 0 1276 79675392 1084 18446744073709551615 1 1 0 0 0 0 0 4096 1073775864 0 0 0 -1 0 0 0 0 0 0 0 0 0 0 0 0 0 0
421 688 (FastMixer) S 1 421 0 0 -1 1077936192 1 0 0 0 0 0 0 0 -4 -19 27 0 1294 79675392 1084 18446744073709551615 1 1 0 0 0 0 0 4096 1073775864 0 0 0 -1 3 3 1 0 0 0 0 0 0 0 0 0 0 0
421 689 (AudioOut_15) S 1 421 0 0 -1 1077936192 783 0 1460 0 225 223 0 0 1 -19 27 0 1294 79675392 1084 18446744073709551615 1 1 0 0 0 0 0 4096 1073775864 0 0 0 -1 1 0 0 0 0 0 0 0 0 0 0 0 0 0
421 7056 (Binder:421_D) S 1 421 0 0 -1 1077936192 546 0 230 0 477 483 0 0 20 0 27 0 200307787 79675392 1084 18446744073709551615 1 1 0 0 0 0 0 4096 1073775864 0 0 0 -1 3 0 0 0 0 0 0 0 0 0 0 0 0 0
421 773 (Binder:421_3) S 1 421 0 0 -1 1077936192 1040 0 1163 0 593 661 0 0 20 0 27 0 3007 79675392 1084 18446744073709551615 1 1 0 0 0 0 0 4096 1073775864 0 0 0 -1 0 0 0 0 0 0 0 0 0 0 0 0 0 0
421 776 (TimeCheckThread) S 1 421 0 0 -1 1077936192 33 0 36 0 433 1305 0 0 1 -19 27 0 3060 79675392 1084 18446744073709551615 1 1 0 0 0 0 0 4096 1073775864 0 0 0 -1 1 0 0 0 0 0 0 0 0 0 0 0 0 0
388 12955 (HwBinder:388_6) S 1 388 0 0 -1 1077952832 6357 0 625 0 1269 1424 0 0 20 0 14 0 254106422 87240704 1267 18446744073709551615 1 1 0 0 0 0 0 0 1073775864 0 0 0 -1 3 0 0 0 0 0 0 0 0 0 0 0 0 0
388 1757 (HwBinder:388_3) S 1 388 0 0 -1 1077936448 13081 0 1118 0 19 18 0 0 20 0 14 0 6213 87240704 1267 18446744073709551615 1 1 0 0 0 0 0 0 1073775864 0 0 0 -1 3 0 0 0 0 0 0 0 0 0 0 0 0 0
388 2240 (HwBinder:388_4) S 1 388 0 0 -1 1077952832 26630 0 1836 0 4338 5390 0 0 20 0 14 0 6658 87240704 1267 18446744073709551615 1 1 0 0 0 0 0 0 1073775864 0 0 0 -1 3 0 0 0 0 0 0 0 0 0 0 0 0 0
388 388 (audio.service) S 1 388 0 0 -1 1077936384 16025 0 199 0 448 505 0 0 20 0 14 0 838 87240704 1267 18446744073709551615 1 1 0 0 0 0 0 0 1073775864 0 0 0 17 0 0 0 0 0 0 0 0 0 0 0 0 0 0
388 406 (Binder:388_1) S 1 388 0 0 -1 1077936192 12 0 0 0 0 0 0 0 20 0 14 0 853 87240704 1267 18446744073709551615 1 1 0 0 0 0 0 0 1073775864 0 0 0 -1 0 0 0 0 0 0 0 0 0 0 0 0 0 0
388 412 (Binder:388_2) S 1 388 0 0 -1 1077936192 2 0 0 0 0 0 0 0 20 0 14 0 856 87240704 1267 18446744073709551615 1 1 0 0 0 0 0 0 1073775864 0 0 0 -1 0 0 0 0 0 0 0 0 0 0 0 0 0 0
388 436 (HwBinder:388_1) S 1 388 0 0 -1 1077936192 18248 0 971 0 2537 3281 0 0 20 0 14 0 869 87240704 1267 18446744073709551615 1 1 0 0 0 0 0 0 1073775864 0 0 0 -1 3 0 0 0 0 0 0 0 0 0 0 0 0 0
388 437 (HwBinder:388_2) S 1 388 0 0 -1 1077952832 13506 0 2685 0 2653 3316 0 0 20 0 14 0 869 87240704 1267 18446744073709551615 1 1 0 0 0 0 0 0 1073775864 0 0 0 -1 3 0 0 0 0 0 0 0 0 0 0 0 0 0
388 668 (audio.service) S 1 388 0 0 -1 1077936192 0 0 0 0 0 0 0 0 20 0 14 0 1231 87240704 1267 18446744073709551615 1 1 0 0 0 0 0 0 1073775864 0 0 0 -1 2 0 0 0 0 0 0 0 0 0 0 0 0 0
388 679 (MS12ConfigThrea) S 1 388 0 0 -1 1077936192 1 0 0 0 0 0 0 0 -3 -19 14 0 1269 87240704 1267 18446744073709551615 1 1 0 0 0 0 0 0 1073775864 0 0 0 -1 3 2 1 0 0 0 0 0 0 0 0 0 0 0
388 680 (audio.service) S 1 388 0 0 -1 1077936192 249 0 597 0 1 12 0 0 20 0 14 0 1271 87240704 1267 18446744073709551615 1 1 0 0 0 0 0 0 1073775864 0 0 0 -1 3 0 0 0 0 0 0 0 0 0 0 0 0 0
388 687 (MixerThread) S 1 388 0 0 -1 1077936192 1 0 0 0 0 0 0 0 1 -19 14 0 1292 87240704 1267 18446744073709551615 1 1 0 0 0 0 0 0 1073775864 0 0 0 -1 3 0 0 0 0 0 0 0 0 0 0 0 0 0
388 783 (writer) S 1 388 0 0 -1 1077936448 1070 0 913 0 320876 264247 0 0 1 -19 14 0 3095 87240704 1267 18446744073709551615 1 1 0 0 0 0 0 0 1073775864 0 0 0 -1 1 0 0 0 0 0 0 0 0 0 0 0 0 0
388 9833 (HwBinder:388_5) S 1 388 0 0 -1 1077952832 47366 0 4460 0 2339 2838 0 0 20 0 14 0 22494 87240704 1267 18446744073709551615 1 1 0 0 0 0 0 0 1073775864 0 0 0 -1 1 0 0 0 0 0 0 0 0 0 0 0 0 0
3859 3859 (.deathride.perf) S 333 333 0 0 -1 1077936448 11613 0 179 0 239 39 0 0 10 -10 41 0 258685337 1519820800 44738 18446744073709551615 1 1 0 0 0 0 4612 1 1073775864 0 0 0 17 0 0 0 0 0 0 0 0 0 0 0 0 0 0
3859 3870 (Signal Catcher) S 333 333 0 0 -1 1077936192 58 0 0 0 0 0 0 0 12 -8 41 0 258685344 1519857664 44739 18446744073709551615 1 1 0 0 0 0 4096 1 1073775864 0 0 0 -1 1 0 0 0 0 0 0 0 0 0 0 0 0 0
3859 3871 (perfetto_hprof_) S 333 333 0 0 -1 4194368 11 0 0 0 0 0 0 0 0 -20 41 0 258685344 1519874048 44742 18446744073709551615 1 1 0 0 0 0 4612 1 1073775864 0 0 0 -1 1 0 0 0 0 0 0 0 0 0 0 0 0 0
3859 3872 (ADB-JDWP Connec) S 333 333 0 0 -1 4194368 10 0 0 0 0 0 0 0 0 -20 41 0 258685344 1519857664 44743 18446744073709551615 1 1 0 0 0 0 4612 1 1073775864 0 0 0 -1 0 0 0 0 0 0 0 0 0 0 0 0 0 0
3859 3873 (Jit thread pool) S 333 333 0 0 -1 1077936192 47687 0 302 0 265 52 0 0 20 0 41 0 258685344 1519972352 44744 18446744073709551615 1 1 0 0 0 0 4612 1 1073775864 0 0 0 -1 2 0 0 0 0 0 0 0 0 0 0 0 0 0
3859 3874 (HeapTaskDaemon) S 333 333 0 0 -1 1077936192 5974 0 345 0 90 19 0 0 24 4 41 0 258685344 1519919104 44744 18446744073709551615 1 1 0 0 0 0 4612 1 1073775864 0 0 0 -1 0 0 0 0 0 0 0 0 0 0 0 0 0 0
3859 3875 (ReferenceQueueD) S 333 333 0 0 -1 1077936192 8 0 0 0 0 0 0 0 24 4 41 0 258685344 1519972352 44744 18446744073709551615 1 1 0 0 0 0 4612 1 1073775864 0 0 0 -1 0 0 0 0 0 0 0 0 0 0 0 0 0 0
3859 3876 (FinalizerDaemon) S 333 333 0 0 -1 1077936192 45 0 0 0 1 0 0 0 24 4 41 0 258685344 1519972352 44748 18446744073709551615 1 1 0 0 0 0 4612 1 1073775864 0 0 0 -1 0 0 0 0 0 0 0 0 0 0 0 0 0 0
3859 3877 (FinalizerWatchd) S 333 333 0 0 -1 1077936192 5 0 0 0 0 0 0 0 24 4 41 0 258685344 1519874048 44748 18446744073709551615 1 1 0 0 0 0 4612 1 1073775864 0 0 0 -1 1 0 0 0 0 0 0 0 0 0 0 0 0 0
3859 3878 (Binder:3859_1) S 333 333 0 0 -1 1077936192 16 0 0 0 0 0 0 0 20 0 41 0 258685345 1519972352 44751 18446744073709551615 1 1 0 0 0 0 4612 1 1073775864 0 0 0 -1 0 0 0 0 0 0 0 0 0 0 0 0 0 0
3859 3879 (Binder:3859_2) S 333 333 0 0 -1 1077936192 121 0 3 0 1 0 0 0 20 0 41 0 258685345 1519874048 44751 18446744073709551615 1 1 0 0 0 0 4612 1 1073775864 0 0 0 -1 1 0 0 0 0 0 0 0 0 0 0 0 0 0
3859 3880 (Binder:3859_3) S 333 333 0 0 -1 1077936192 13 0 0 0 0 0 0 0 20 0 41 0 258685346 1519874048 44752 18446744073709551615 1 1 0 0 0 0 4612 1 1073775864 0 0 0 -1 1 0 0 0 0 0 0 0 0 0 0 0 0 0
3859 3881 (Binder:3859_4) S 333 333 0 0 -1 1077936192 15 0 0 0 0 0 0 0 20 0 41 0 258685348 1519874048 44752 18446744073709551615 1 1 0 0 0 0 4612 1 1073775864 0 0 0 -1 0 0 0 0 0 0 0 0 0 0 0 0 0 0
3859 3885 (Profile Saver) S 333 333 0 0 -1 1077936192 79 0 0 0 1 0 0 0 29 9 41 0 258685401 1519874048 44756 18446744073709551615 1 1 0 0 0 0 4612 1 1073775864 0 0 0 -1 1 0 0 0 0 0 0 0 0 0 0 0 0 0
3859 3886 (RenderThread) S 333 333 0 0 -1 1077936192 449 0 22 0 4 1 0 0 10 -10 41 0 258685407 1519874048 44756 18446744073709551615 1 1 0 0 0 0 4612 1 1073775864 0 0 0 -1 0 0 0 0 0 0 0 0 0 0 0 0 0 0
3859 3898 (deathride-cours) S 333 333 0 0 -1 1077936192 614 0 0 0 113 0 0 0 33 13 41 0 258685505 1519857664 44758 18446744073709551615 1 1 0 0 0 0 4612 1 1073775864 0 0 0 -1 1 0 0 0 0 0 0 0 0 0 0 0 0 0
3859 3899 (AmazonAccMgrCal) S 333 333 0 0 -1 1077936192 6 0 0 0 0 0 0 0 30 10 41 0 258685547 1519857664 44760 18446744073709551615 1 1 0 0 0 0 4612 1 1073775864 0 0 0 -1 3 0 0 0 0 0 0 0 0 0 0 0 0 0
3859 3900 (GLThread 47799) S 333 333 0 0 -1 1077936192 51708 0 89 0 1445 184 0 0 16 -4 41 0 258685548 1519972352 44761 18446744073709551615 1 1 0 0 0 0 4612 1 1073775864 0 0 0 -1 1 0 0 0 0 0 0 0 0 0 0 0 0 0
3859 3901 (Binder:PerfStat) S 333 333 0 0 -1 1077936192 10 0 1 0 0 0 0 0 30 10 41 0 258685557 1519972352 44764 18446744073709551615 1 1 0 0 0 0 4612 1 1073775864 0 0 0 -1 1 0 0 0 0 0 0 0 0 0 0 0 0 0
3859 3904 (hwuiTask0) S 333 333 0 0 -1 1077936192 11 0 0 0 0 0 0 0 18 -2 41 0 258685567 1519874048 44764 18446744073709551615 1 1 0 0 0 0 4612 1 1073775864 0 0 0 -1 0 0 0 0 0 0 0 0 0 0 0 0 0 0
3859 3905 (hwuiTask1) S 333 333 0 0 -1 1077936192 6 0 0 0 0 0 0 0 18 -2 41 0 258685567 1519874048 44767 18446744073709551615 1 1 0 0 0 0 4612 1 1073775864 0 0 0 -1 3 0 0 0 0 0 0 0 0 0 0 0 0 0
3859 3908 (RenderThread) S 333 333 0 0 -1 1077936192 218 0 0 0 30 30 0 0 10 -10 41 0 258685570 1519874048 44767 18446744073709551615 1 1 0 0 0 0 4612 1 1073775864 0 0 0 -1 2 0 0 0 0 0 0 0 0 0 0 0 0 0
3859 3917 (CCodecWatchdog) S 333 333 0 0 -1 1077936192 1 0 0 0 0 0 0 0 20 0 41 0 258685651 1519874048 44768 18446744073709551615 1 1 0 0 0 0 4612 1 1073775864 0 0 0 -1 0 0 0 0 0 0 0 0 0 0 0 0 0 0
3859 3918 (NDK MediaCodec_) S 333 333 0 0 -1 1077936192 4 0 0 0 0 0 0 0 4 -16 41 0 258685651 1519820800 44771 18446744073709551615 1 1 0 0 0 0 4612 1 1073775864 0 0 0 -1 3 0 0 0 0 0 0 0 0 0 0 0 0 0
3859 3919 (NDK MediaCodec_) S 333 333 0 0 -1 1077936192 1 0 0 0 0 0 0 0 4 -16 41 0 258685651 1519857664 44772 18446744073709551615 1 1 0 0 0 0 4612 1 1073775864 0 0 0 -1 0 0 0 0 0 0 0 0 0 0 0 0 0 0
3859 3920 (HwBinder:3859_1) S 333 333 0 0 -1 1077936192 77 0 0 0 3 1 0 0 10 -10 41 0 258685651 1519857664 44774 18446744073709551615 1 1 0 0 0 0 4612 1 1073775864 0 0 0 -1 1 0 0 0 0 0 0 0 0 0 0 0 0 0
3859 3934 (Binder:3859_5) S 333 333 0 0 -1 1077936192 8 0 0 0 0 0 0 0 20 0 41 0 258685666 1519874048 44775 18446744073709551615 1 1 0 0 0 0 4612 1 1073775864 0 0 0 -1 1 0 0 0 0 0 0 0 0 0 0 0 0 0
3859 3941 (Binder:3859_6) S 333 333 0 0 -1 1077936192 5 0 0 0 0 0 0 0 20 0 41 0 258685670 1519874048 44775 18446744073709551615 1 1 0 0 0 0 4612 1 1073775864 0 0 0 -1 1 0 0 0 0 0 0 0 0 0 0 0 0 0
3859 3954 (deathride-link-) S 333 333 0 0 -1 1077936192 80 0 1 0 8 0 0 0 33 13 41 0 258685680 1519874048 44776 18446744073709551615 1 1 0 0 0 0 4612 1 1073775864 0 0 0 -1 1 0 0 0 0 0 0 0 0 0 0 0 0 0
3859 3965 (Binder:3859_7) S 333 333 0 0 -1 1077936192 5 0 0 0 0 0 0 0 20 0 41 0 258685689 1519874048 44780 18446744073709551615 1 1 0 0 0 0 4612 1 1073775864 0 0 0 -1 2 0 0 0 0 0 0 0 0 0 0 0 0 0
3859 3982 (deathride-link-) S 333 333 0 0 -1 1077936192 35 0 0 0 2 0 0 0 33 13 41 0 258685701 1519874048 44780 18446744073709551615 1 1 0 0 0 0 4612 1 1073775864 0 0 0 -1 3 0 0 0 0 0 0 0 0 0 0 0 0 0
3859 3986 (DefaultDispatch) S 333 333 0 0 -1 1077936192 218 0 7 0 25 0 0 0 33 13 41 0 258685704 1519857664 44783 18446744073709551615 1 1 0 0 0 0 4612 1 1073775864 0 0 0 -1 0 0 0 0 0 0 0 0 0 0 0 0 0 0
3859 3987 (DefaultDispatch) S 333 333 0 0 -1 1077936192 124703 0 1 0 991 76 0 0 33 13 41 0 258685704 1519857664 44783 18446744073709551615 1 1 0 0 0 0 4612 1 1073775864 0 0 0 -1 0 0 0 0 0 0 0 0 0 0 0 0 0 0
3859 3989 (DefaultDispatch) S 333 333 0 0 -1 4194368 335 0 0 0 9 0 0 0 33 13 41 0 258685704 1519972352 44784 18446744073709551615 1 1 0 0 0 0 4612 1 1073775864 0 0 0 -1 3 0 0 0 0 0 0 0 0 0 0 0 0 0
3859 4040 (Binder:3859_8) S 333 333 0 0 -1 1077936192 3 0 0 0 0 0 0 0 20 0 41 0 258685753 1519972352 44785 18446744073709551615 1 1 0 0 0 0 4612 1 1073775864 0 0 0 -1 1 0 0 0 0 0 0 0 0 0 0 0 0 0
3859 4087 (DefaultExecutor) S 333 333 0 0 -1 1077936192 10 0 0 0 0 0 0 0 33 13 41 0 258685812 1519886336 44788 18446744073709551615 1 1 0 0 0 0 4612 1 1073775864 0 0 0 -1 3 0 0 0 0 0 0 0 0 0 0 0 0 0
3859 4130 (DefaultDispatch) S 333 333 0 0 -1 1077936192 313 0 0 0 10 1 0 0 33 13 41 0 258685889 1519874048 44788 18446744073709551615 1 1 0 0 0 0 4612 1 1073775864 0 0 0 -1 3 0 0 0 0 0 0 0 0 0 0 0 0 0
3859 4131 (DefaultDispatch) S 333 333 0 0 -1 1077936192 71 0 0 0 12 2 0 0 33 13 41 0 258685889 1519874048 44791 18446744073709551615 1 1 0 0 0 0 4612 1 1073775864 0 0 0 -1 1 0 0 0 0 0 0 0 0 0 0 0 0 0
3859 4132 (DefaultDispatch) S 333 333 0 0 -1 1077936192 16 0 0 0 1 0 0 0 33 13 41 0 258685889 1519874048 44791 18446744073709551615 1 1 0 0 0 0 4612 1 1073775864 0 0 0 -1 3 0 0 0 0 0 0 0 0 0 0 0 0 0
3859 4148 (DefaultDispatch) S 333 333 0 0 -1 1077936192 132 0 0 0 19 11 0 0 33 13 41 0 258686094 1519820800 44792 18446744073709551615 1 1 0 0 0 0 4612 1 1073775864 0 0 0 -1 0 0 0 0 0 0 0 0 0 0 0 0 0 0
3859 4149 (DefaultDispatch) S 333 333 0 0 -1 1077936192 21 0 0 0 2 0 0 0 33 13 41 0 258686094 1519919104 44792 18446744073709551615 1 1 0 0 0 0 4612 1 1073775864 0 0 0 -1 0 0 0 0 0 0 0 0 0 0 0 0 0 0
==net
Inter-|   Receive                                                |  Transmit
 face |bytes    packets errs drop fifo frame compressed multicast|bytes    packets errs drop fifo colls carrier compressed
    lo: 2914195   93559    0    0    0     0          0         0  2914195   93559    0    0    0     0       0          0
dummy0:       0       0    0    0    0     0          0         0   165027    1074    0    0    0     0       0          0
  ifb0:       0       0    0    0    0     0          0         0        0       0    0    0    0     0       0          0
  ifb1:       0       0    0    0    0     0          0         0        0       0    0    0    0     0       0          0
 tunl0:       0       0    0    0    0     0          0         0        0       0    0    0    0     0       0          0
  gre0:       0       0    0    0    0     0          0         0        0       0    0    0    0     0       0          0
gretap0:       0       0    0    0    0     0          0         0        0       0    0    0    0     0       0          0
erspan0:       0       0    0    0    0     0          0         0        0       0    0    0    0     0       0          0
ip_vti0:       0       0    0    0    0     0          0         0        0       0    0    0    0     0       0          0
ip6_vti0:       0       0    0    0    0     0          0         0        0       0    0    0    0     0       0          0
  sit0:       0       0    0    0    0     0          0         0        0       0    0    0    0     0       0          0
ip6tnl0:       0       0    0    0    0     0          0         0        0       0    0    0    0     0       0          0
ip6gre0:       0       0    0    0    0     0          0         0        0       0    0    0    0     0       0          0
 wlan0: 2585258396 2799115    0    0    0     0          0         0 3111401078 3400154   11    0    0     0       0          0
  p2p0:       0       0    0    0    0     0          0         0        0       0    0    0    0     0       0          0
   ap0:       0       0    0    0    0     0          0         0        0       0    0    0    0     0       0          0
==uptime
2586881.05 9580716.90
