695 1000 (GraphicsStats-d) S 333 333 0 0 -1 1077936448 2588 456904 2810 221 46 239 1242 2245 30 10 310 0 5680 2234781696 33964 18446744073709551615 1 1 0 0 0 0 4612 1 1073775864 0 0 0 -1 1 0 0 0 0 0 0 0 0 0 0 0 0 0
695 10009 (LogRetentionJob) S 333 333 0 0 -1 1077936192 13 456904 6 221 0 0 1242 2245 20 0 310 0 268025958 2234781696 33964 18446744073709551615 1 1 0 0 0 0 4612 1 1073775864 0 0 0 -1 3 0 0 0 0 0 0 0 0 0 0 0 0 0
695 1002 (BlobStore) S 333 333 0 0 -1 1077936192 238 456904 20 221 2 8 1242 2245 20 0 310 0 5681 2234781696 33964 18446744073709551615 1 1 0 0 0 0 4612 1 1073775864 0 0 0 -1 1 0 0 0 0 0 0 0 0 0 0 0 0 0
695 1003 (SessionRecordTh) S 333 333 0 0 -1 1077936192 116 456904 330 221 0 12 1242 2245 20 0 310 0 5681 2234781696 33964 18446744073709551615 1 1 0 0 0 0 4612 1 1073775864 0 0 0 -1 3 0 0 0 0 0 0 0 0 0 0 0 0 0
695 1004 (Hdmi Control Io) S 333 333 0 0 -1 1077936192 1443 456904 159 221 37 35 1242 2245 20 0 310 0 5681 2234781696 33964 18446744073709551615 1 1 0 0 0 0 4612 1 1073775864 0 0 0 -1 0 0 0 0 0 0 0 0 0 0 0 0 0 0
695 10046 (pool-458-thread) S 333 333 0 0 -1 1077936192 5 456904 1 221 0 0 1242 2245 20 0 310 0 271620332 2234781696 33964 18446744073709551615 1 1 0 0 0 0 4612 1 1073775864 0 0 0 -1 3 0 0 0 0 0 0 0 0 0 0 0 0 0
695 10047 (pool-459-thread) S 333 333 0 0 -1 1077936192 6 456904 0 221 0 0 1242 2245 20 0 310 0 271620332 2234781696 33964 18446744073709551615 1 1 0 0 0 0 4612 1 1073775864 0 0 0 -1 3 0 0 0 0 0 0 0 0 0 0 0 0 0
695 1005 (SliceManagerSer) S 333 333 0 0 -1 1077936192 287 456904 64 221 1 0 1242 2245 30 10 310 0 5685 2234781696 33964 18446744073709551615 1 1 0 0 0 0 4612 1 1073775864 0 0 0 -1 1 0 0 0 0 0 0 0 0 0 0 0 0 0
695 1006 (StatsCompanionS) S 333 333 0 0 -1 1077936192 5 456904 0 221 0 0 1242 2245 20 0 310 0 5686 2234781696 33964 18446744073709551615 1 1 0 0 0 0 4612 1 1073775864 0 0 0 -1 3 0 0 0 0 0 0 0 0 0 0 0 0 0
695 1012 (FireTvDeepLinkS) S 333 333 0 0 -1 1077936192 5 456904 0 221 0 0 1242 2245 25 5 310 0 5704 2234781696 33964 18446744073709551615 1 1 0 0 0 0 4612 1 1073775864 0 0 0 -1 2 0 0 0 0 0 0 0 0 0 0 0 0 0
695 10124 (LogRetentionJob) S 333 333 0 0 -1 1077936192 10 456904 0 221 0 0 1242 2245 20 0 310 0 129792585 2234781696 33964 18446744073709551615 1 1 0 0 0 0 4612 1 1073775864 0 0 0 -1 3 0 0 0 0 0 0 0 0 0 0 0 0 0
695 1013 (AmazonInputMana) S 333 333 0 0 -1 1077936192 281 456904 72 221 1 5 1242 2245 25 5 310 0 5704 2234781696 33964 18446744073709551615 1 1 0 0 0 0 4612 1 1073775864 0 0 0 -1 3 0 0 0 0 0 0 0 0 0 0 0 0 0
695 1014 (ArcusHandlerThr) S 333 333 0 0 -1 1077936448 4480 456904 4485 221 144 266 1242 2245 20 0 310 0 5708 2234781696 33964 18446744073709551615 1 1 0 0 0 0 4612 1 1073775864 0 0 0 -1 3 0 0 0 0 0 0 0 0 0 0 0 0 0
695 1015 (LogRetentionJob) S 333 333 0 0 -1 1077936192 18 456904 7 221 0 0 1242 2245 20 0 310 0 5708 2234781696 33964 18446744073709551615 1 1 0 0 0 0 4612 1 1073775864 0 0 0 -1 2 0 0 0 0 0 0 0 0 0 0 0 0 0
695 1016 (AmzWifiDisplayM) S 333 333 0 0 -1 1077936192 6 456904 0 221 0 0 1242 2245 20 0 310 0 5709 2234781696 33964 18446744073709551615 1 1 0 0 0 0 4612 1 1073775864 0 0 0 -1 2 0 0 0 0 0 0 0 0 0 0 0 0 0
695 1017 (AmazonAudioServ) S 333 333 0 0 -1 1077936192 70 456904 5 221 2 0 1242 2245 20 0 310 0 5709 2234781696 33964 18446744073709551615 1 1 0 0 0 0 4612 1 1073775864 0 0 0 -1 1 0 0 0 0 0 0 0 0 0 0 0 0 0
695 1018 (EventHandler) S 333 333 0 0 -1 1077936192 26 456904 0 221 0 0 1242 2245 20 0 310 0 5709 2234781696 33964 18446744073709551615 1 1 0 0 0 0 4612 1 1073775864 0 0 0 -1 1 0 0 0 0 0 0 0 0 0 0 0 0 0
695 1019 (AmazonWifiServi) S 333 333 0 0 -1 1077936192 3373 456904 630 221 164 81 1242 2245 20 0 310 0 5711 2234781696 33964 18446744073709551615 1 1 0 0 0 0 4612 1 1073775864 0 0 0 -1 0 0 0 0 0 0 0 0 0 0 0 0 0 0
695 1020 (AmazonNetworkUn) S 333 333 0 0 -1 1077936192 88 456904 16 221 2 0 1242 2245 20 0 310 0 5712 2234781696 33964 18446744073709551615 1 1 0 0 0 0 4612 1 1073775864 0 0 0 -1 3 0 0 0 0 0 0 0 0 0 0 0 0 0
695 1021 (AmazonProfileSe) S 333 333 0 0 -1 1077936192 3322 456904 460 221 53 35 1242 2245 25 5 310 0 5713 2234781696 33964 18446744073709551615 1 1 0 0 0 0 4612 1 1073775864 0 0 0 -1 1 0 0 0 0 0 0 0 0 0 0 0 0 0
695 1022 (wakeup_thread) S 333 333 0 0 -1 1077936192 6 456904 0 221 0 0 1242 2245 20 0 310 0 5713 2234781696 33964 18446744073709551615 1 1 0 0 0 0 4612 1 1073775864 0 0 0 -1 2 0 0 0 0 0 0 0 0 0 0 0 0 0
695 1023 (PactArcusHelper) S 333 333 0 0 -1 1077936192 145 456904 90 221 1 2 1242 2245 20 0 310 0 5713 2234781696 33964 18446744073709551615 1 1 0 0 0 0 4612 1 1073775864 0 0 0 -1 3 0 0 0 0 0 0 0 0 0 0 0 0 0
695 1025 (APSArcusHelper) S 333 333 0 0 -1 1077936192 145 456904 97 221 3 1 1242 2245 20 0 310 0 5713 2234781696 33964 18446744073709551615 1 1 0 0 0 0 4612 1 1073775864 0 0 0 -1 3 0 0 0 0 0 0 0 0 0 0 0 0 0
695 1026 (DeviceModelInfo) S 333 333 0 0 -1 1077936192 4 456904 0 221 0 0 1242 2245 25 5 310 0 5714 2234781696 33964 18446744073709551615 1 1 0 0 0 0 4612 1 1073775864 0 0 0 -1 1 0 0 0 0 0 0 0 0 0 0 0 0 0
695 1027 (AmazonHdmiServi) S 333 333 0 0 -1 1077936192 355 456904 218 221 7 11 1242 2245 20 0 310 0 5715 2234781696 33964 18446744073709551615 1 1 0 0 0 0 4612 1 1073775864 0 0 0 -1 0 0 0 0 0 0 0 0 0 0 0 0 0 0
695 1028 (AmazonBuellerSh) S 333 333 0 0 -1 1077936192 8 456904 0 221 0 0 1242 2245 20 0 310 0 5715 2234781696 33964 18446744073709551615 1 1 0 0 0 0 4612 1 1073775864 0 0 0 -1 0 0 0 0 0 0 0 0 0 0 0 0 0 0
695 1029 (FireTvLedManage) S 333 333 0 0 -1 1077936192 7 456904 0 221 0 0 1242 2245 20 0 310 0 5722 2234781696 33964 18446744073709551615 1 1 0 0 0 0 4612 1 1073775864 0 0 0 -1 2 0 0 0 0 0 0 0 0 0 0 0 0 0
695 1030 (Timer-0) S 333 333 0 0 -1 1077936192 139695 456904 607 221 1710 1488 1242 2245 20 0 310 0 5724 2234781696 33964 18446744073709551615 1 1 0 0 0 0 4612 1 1073775864 0 0 0 -1 0 0 0 0 0 0 0 0 0 0 0 0 0 0
695 1031 (TemperatureObse) S 333 333 0 0 -1 1077936192 441 456904 77 221 3 2 1242 2245 30 10 310 0 5724 2234781696 33964 18446744073709551615 1 1 0 0 0 0 4612 1 1073775864 0 0 0 -1 1 0 0 0 0 0 0 0 0 0 0 0 0 0
695 1032 (ThermalEventMon) S 333 333 0 0 -1 1077936192 3303 456904 320 221 41 22 1242 2245 30 10 310 0 5725 2234781696 33964 18446744073709551615 1 1 0 0 0 0 4612 1 1073775864 0 0 0 -1 2 0 0 0 0 0 0 0 0 0 0 0 0 0
695 1033 (CloudPairingAma) S 333 333 0 0 -1 1077936192 6 456904 0 221 0 0 1242 2245 20 0 310 0 5727 2234781696 33964 18446744073709551615 1 1 0 0 0 0 4612 1 1073775864 0 0 0 -1 2 0 0 0 0 0 0 0 0 0 0 0 0 0
695 1034 (CirrusThread) S 333 333 0 0 -1 1077936192 53 456904 31 221 0 0 1242 2245 30 10 310 0 5727 2234781696 33964 18446744073709551615 1 1 0 0 0 0 4612 1 1073775864 0 0 0 -1 2 0 0 0 0 0 0 0 0 0 0 0 0 0
695 1035 (RuntimePersiste) S 333 333 0 0 -1 1077936448 3890 456904 264 221 111 71 1242 2245 20 0 310 0 5727 2234781696 33964 18446744073709551615 1 1 0 0 0 0 4612 1 1073775864 0 0 0 -1 3 0 0 0 0 0 0 0 0 0 0 0 0 0
695 1036 (AmazonUsageStat) S 333 333 0 0 -1 1077936192 6825 456904 2634 221 202 158 1242 2245 30 10 310 0 5728 2234781696 33964 18446744073709551615 1 1 0 0 0 0 4612 1 1073775864 0 0 0 -1 1 0 0 0 0 0 0 0 0 0 0 0 0 0
695 10370 (process reaper) S 333 333 0 0 -1 1077936192 5 456904 1 221 0 0 1242 2245 12 -8 310 0 271622598 2234781696 33964 18446744073709551615 1 1 0 0 0 0 4612 1 1073775864 0 0 0 -1 2 0 0 0 0 0 0 0 0 0 0 0 0 0
695 1039 (AmaMessageHandl) S 333 333 0 0 -1 1077936192 5 456904 0 221 0 0 1242 2245 20 0 310 0 5730 2234781696 33964 18446744073709551615 1 1 0 0 0 0 4612 1 1073775864 0 0 0 -1 3 0 0 0 0 0 0 0 0 0 0 0 0 0
695 1040 (DfuWorker) S 333 333 0 0 -1 1077936192 7 456904 0 221 0 0 1242 2245 20 0 310 0 5730 2234781696 33964 18446744073709551615 1 1 0 0 0 0 4612 1 1073775864 0 0 0 -1 1 0 0 0 0 0 0 0 0 0 0 0 0 0
695 1041 (DiscoveryWorker) S 333 333 0 0 -1 1077936192 6 456904 0 221 0 0 1242 2245 20 0 310 0 5730 2234781696 33964 18446744073709551615 1 1 0 0 0 0 4612 1 1073775864 0 0 0 -1 0 0 0 0 0 0 0 0 0 0 0 0 0 0
695 1042 (BulkDataWorker) S 333 333 0 0 -1 1077936192 5 456904 0 221 0 0 1242 2245 20 0 310 0 5730 2234781696 33964 18446744073709551615 1 1 0 0 0 0 4612 1 1073775864 0 0 0 -1 3 0 0 0 0 0 0 0 0 0 0 0 0 0
695 1043 (CloudPairingWor) S 333 333 0 0 -1 1077936192 8 456904 0 221 0 0 1242 2245 20 0 310 0 5730 2234781696 33964 18446744073709551615 1 1 0 0 0 0 4612 1 1073775864 0 0 0 -1 1 0 0 0 0 0 0 0 0 0 0 0 0 0
695 1044 (CrashReporterSe) S 333 333 0 0 -1 1077936192 39 456904 1 221 0 0 1242 2245 25 5 310 0 5731 2234781696 33964 18446744073709551615 1 1 0 0 0 0 4612 1 1073775864 0 0 0 -1 0 0 0 0 0 0 0 0 0 0 0 0 0 0
695 1045 (AmazonProtometr) S 333 333 0 0 -1 1077936192 13770 456904 1687 221 321 122 1242 2245 30 10 310 0 5731 2234781696 33964 18446744073709551615 1 1 0 0 0 0 4612 1 1073775864 0 0 0 -1 1 0 0 0 0 0 0 0 0 0 0 0 0 0
695 1047 (MetricsHandler) S 333 333 0 0 -1 1077936192 334 456904 155 221 15 9 1242 2245 20 0 310 0 5732 2234781696 33964 18446744073709551615 1 1 0 0 0 0 4612 1 1073775864 0 0 0 -1 3 0 0 0 0 0 0 0 0 0 0 0 0 0
695 1048 (AccessoryServic) S 333 333 0 0 -1 1077936192 6 456904 0 221 0 0 1242 2245 20 0 310 0 5732 2234781696 33964 18446744073709551615 1 1 0 0 0 0 4612 1 1073775864 0 0 0 -1 3 0 0 0 0 0 0 0 0 0 0 0 0 0
695 1049 (AmazonEmmcConsu) S 333 333 0 0 -1 1077936192 12323 456904 1215 221 305 117 1242 2245 30 10 310 0 5732 2234781696 33963 18446744073709551615 1 1 0 0 0 0 4612 1 1073775864 0 0 0 -1 0 0 0 0 0 0 0 0 0 0 0 0 0 0
695 1050 (ice.EventHelper) S 333 333 0 0 -1 1077936192 6 456904 0 221 0 0 1242 2245 20 0 310 0 5732 2234781696 33940 18446744073709551615 1 1 0 0 0 0 4612 1 1073775864 0 0 0 -1 0 0 0 0 0 0 0 0 0 0 0 0 0 0
695 10507 (AmazonFingerPri) S 333 333 0 0 -1 1077936192 11 456904 3 221 0 0 1242 2245 30 10 310 0 259566254 2234781696 33940 18446744073709551615 1 1 0 0 0 0 4612 1 1073775864 0 0 0 -1 3 0 0 0 0 0 0 0 0 0 0 0 0 0
695 1051 (ice.EventHelper) S 333 333 0 0 -1 1077936192 6 456904 0 221 0 0 1242 2245 20 0 310 0 5732 2234781696 33940 18446744073709551615 1 1 0 0 0 0 4612 1 1073775864 0 0 0 -1 0 0 0 0 0 0 0 0 0 0 0 0 0 0
695 1052 (ice.EventHelper) S 333 333 0 0 -1 1077936192 7 456904 0 221 0 0 1242 2245 20 0 310 0 5733 2234781696 33940 18446744073709551615 1 1 0 0 0 0 4612 1 1073775864 0 0 0 -1 3 0 0 0 0 0 0 0 0 0 0 0 0 0
695 1053 (ice.EventHelper) S 333 333 0 0 -1 1077936192 8 456904 0 221 0 0 1242 2245 20 0 310 0 5733 2234781696 33940 18446744073709551615 1 1 0 0 0 0 4612 1 1073775864 0 0 0 -1 1 0 0 0 0 0 0 0 0 0 0 0 0 0
695 1054 (ice.EventHelper) S 333 333 0 0 -1 1077936192 5 456904 0 221 0 0 1242 2245 20 0 310 0 5733 2234781696 33940 18446744073709551615 1 1 0 0 0 0 4612 1 1073775864 0 0 0 -1 0 0 0 0 0 0 0 0 0 0 0 0 0 0
695 1055 (ice.EventHelper) S 333 333 0 0 -1 1077936192 6 456904 0 221 0 0 1242 2245 20 0 310 0 5733 2234781696 33940 18446744073709551615 1 1 0 0 0 0 4612 1 1073775864 0 0 0 -1 2 0 0 0 0 0 0 0 0 0 0 0 0 0
695 1056 (ice.EventHelper) S 333 333 0 0 -1 1077936192 6 456904 0 221 0 0 1242 2245 20 0 310 0 5733 2234781696 33940 18446744073709551615 1 1 0 0 0 0 4612 1 1073775864 0 0 0 -1 2 0 0 0 0 0 0 0 0 0 0 0 0 0
695 1057 (ice.EventHelper) S 333 333 0 0 -1 1077936192 7 456904 0 221 0 0 1242 2245 20 0 310 0 5733 2234781696 33940 18446744073709551615 1 1 0 0 0 0 4612 1 1073775864 0 0 0 -1 2 0 0 0 0 0 0 0 0 0 0 0 0 0
695 1058 (ice.EventHelper) S 333 333 0 0 -1 1077936192 7 456904 0 221 0 0 1242 2245 20 0 310 0 5733 2234781696 33940 18446744073709551615 1 1 0 0 0 0 4612 1 1073775864 0 0 0 -1 1 0 0 0 0 0 0 0 0 0 0 0 0 0
695 1059 (ice.EventHelper) S 333 333 0 0 -1 1077936192 5 456904 0 221 0 0 1242 2245 20 0 310 0 5733 2234781696 33940 18446744073709551615 1 1 0 0 0 0 4612 1 1073775864 0 0 0 -1 0 0 0 0 0 0 0 0 0 0 0 0 0 0
695 1060 (ice.EventHelper) S 333 333 0 0 -1 1077936192 8 456904 0 221 0 0 1242 2245 20 0 310 0 5733 2234781696 33940 18446744073709551615 1 1 0 0 0 0 4612 1 1073775864 0 0 0 -1 2 0 0 0 0 0 0 0 0 0 0 0 0 0
695 1061 (ice.EventHelper) S 333 333 0 0 -1 1077936192 7 456904 0 221 0 0 1242 2245 20 0 310 0 5733 2234781696 33940 18446744073709551615 1 1 0 0 0 0 4612 1 1073775864 0 0 0 -1 1 0 0 0 0 0 0 0 0 0 0 0 0 0
695 1062 (OomAdjustment H) S 333 333 0 0 -1 1077936192 1077 456904 1140 221 5 135 1242 2245 30 10 310 0 5734 2234781696 33940 18446744073709551615 1 1 0 0 0 0 4612 1 1073775864 0 0 0 -1 1 0 0 0 0 0 0 0 0 0 0 0 0 0
695 1063 (Favorite apps H) S 333 333 0 0 -1 1077936192 7 456904 0 221 0 0 1242 2245 30 10 310 0 5734 2234781696 33940 18446744073709551615 1 1 0 0 0 0 4612 1 1073775864 0 0 0 -1 2 0 0 0 0 0 0 0 0 0 0 0 0 0
695 1064 (Metrics Handler) S 333 333 0 0 -1 1077936192 6 456904 0 221 0 0 1242 2245 30 10 310 0 5734 2234781696 33940 18446744073709551615 1 1 0 0 0 0 4612 1 1073775864 0 0 0 -1 1 0 0 0 0 0 0 0 0 0 0 0 0 0
695 1065 (Prewarm Handler) S 333 333 0 0 -1 1077936192 1891 456904 608 221 78 53 1242 2245 30 10 310 0 5734 2234781696 33940 18446744073709551615 1 1 0 0 0 0 4612 1 1073775864 0 0 0 -1 0 0 0 0 0 0 0 0 0 0 0 0 0 0
695 1066 (AmazonPowerMana) S 333 333 0 0 -1 1077936192 60 456904 22 221 0 0 1242 2245 25 5 310 0 5734 2234781696 33940 18446744073709551615 1 1 0 0 0 0 4612 1 1073775864 0 0 0 -1 2 0 0 0 0 0 0 0 0 0 0 0 0 0
695 1067 (EveThread) S 333 333 0 0 -1 1077936192 122683 456904 10138 221 6361 2892 1242 2245 30 10 310 0 5734 2234781696 33940 18446744073709551615 1 1 0 0 0 0 4612 1 1073775864 0 0 0 -1 1 0 0 0 0 0 0 0 0 0 0 0 0 0
695 1068 (EthernetService) S 333 333 0 0 -1 1077936192 6051 456904 349 221 89 63 1242 2245 20 0 310 0 5744 2234781696 33940 18446744073709551615 1 1 0 0 0 0 4612 1 1073775864 0 0 0 -1 3 0 0 0 0 0 0 0 0 0 0 0 0 0
695 1072 (KeyMapManager) S 333 333 0 0 -1 1077936192 582 456904 0 221 7 1 1242 2245 25 5 310 0 5747 2234781696 33940 18446744073709551615 1 1 0 0 0 0 4612 1 1073775864 0 0 0 -1 2 0 0 0 0 0 0 0 0 0 0 0 0 0
695 1074 (MCL-ArcusHelper) S 333 333 0 0 -1 1077936192 255 456904 113 221 2 6 1242 2245 20 0 310 0 5748 2234781696 33940 18446744073709551615 1 1 0 0 0 0 4612 1 1073775864 0 0 0 -1 0 0 0 0 0 0 0 0 0 0 0 0 0 0
695 1075 (HealthServiceHw) S 333 333 0 0 -1 1077936192 9 456904 0 221 0 0 1242 2245 20 0 310 0 5748 2234781696 33940 18446744073709551615 1 1 0 0 0 0 4612 1 1073775864 0 0 0 -1 2 0 0 0 0 0 0 0 0 0 0 0 0 0
695 1080 (Thread-11) S 333 333 0 0 -1 1077936192 1350230 456904 12334 221 95246 14236 1242 2245 20 0 310 0 5757 2234781696 33940 18446744073709551615 1 1 0 0 0 0 4612 1 1073775864 0 0 0 -1 0 0 0 0 0 0 0 0 0 0 0 0 0 0
695 10809 (LogRetentionJob) S 333 333 0 0 -1 1077936192 12 456904 0 221 0 0 1242 2245 20 0 310 0 60675708 2234781696 33940 18446744073709551615 1 1 0 0 0 0 4612 1 1073775864 0 0 0 -1 1 0 0 0 0 0 0 0 0 0 0 0 0 0
695 1082 (WifiManagerThre) S 333 333 0 0 -1 1077936192 459 456904 13 221 24 3 1242 2245 20 0 310 0 5758 2234781696 33940 18446744073709551615 1 1 0 0 0 0 4612 1 1073775864 0 0 0 -1 0 0 0 0 0 0 0 0 0 0 0 0 0 0
695 1084 (AmazonWifiTherm) S 333 333 0 0 -1 1077936192 130 456904 35 221 0 1 1242 2245 20 0 310 0 5760 2234781696 33940 18446744073709551615 1 1 0 0 0 0 4612 1 1073775864 0 0 0 -1 0 0 0 0 0 0 0 0 0 0 0 0 0 0
695 1085 (AmazonInputMana) S 333 333 0 0 -1 1077936192 15057 456904 258 221 172 16 1242 2245 20 0 310 0 5760 2234781696 33940 18446744073709551615 1 1 0 0 0 0 4612 1 1073775864 0 0 0 -1 1 0 0 0 0 0 0 0 0 0 0 0 0 0
695 1086 (AmazonWifiTherm) S 333 333 0 0 -1 1077936192 5 456904 0 221 0 0 1242 2245 20 0 310 0 5761 2234781696 33940 18446744073709551615 1 1 0 0 0 0 4612 1 1073775864 0 0 0 -1 0 0 0 0 0 0 0 0 0 0 0 0 0 0
695 10866 (Binder:695_1A) S 333 333 0 0 -1 1077936448 213312 456904 7303 221 24810 10847 1242 2245 20 0 310 0 25751 2234781696 33940 18446744073709551615 1 1 0 0 0 4096 4612 1 1073775864 0 0 0 -1 0 0 0 0 0 0 0 0 0 0 0 0 0 0
695 1090 (queued-work-loo) S 333 333 0 0 -1 1077936192 10761 456904 220 221 342 667 1242 2245 18 -2 310 0 5762 2234781696 33940 18446744073709551615 1 1 0 0 0 0 4612 1 1073775864 0 0 0 -1 0 0 0 0 0 0 0 0 0 0 0 0 0 0
695 1092 (GenericAppAdapt) S 333 333 0 0 -1 1077936192 7 456904 0 221 0 0 1242 2245 25 5 310 0 5765 2234781696 33940 18446744073709551615 1 1 0 0 0 0 4612 1 1073775864 0 0 0 -1 2 0 0 0 0 0 0 0 0 0 0 0 0 0
695 1093 (Binder:695_4) S 333 333 0 0 -1 1077936448 116188 456904 5805 221 12493 5497 1242 2245 20 0 310 0 5765 2234781696 33940 18446744073709551615 1 1 0 0 0 0 4612 1 1073775864 0 0 0 -1 0 0 0 0 0 0 0 0 0 0 0 0 0 0
695 1102 (LiveTvAppLaunch) S 333 333 0 0 -1 1077936192 5 456904 0 221 0 0 1242 2245 25 5 310 0 5768 2234781696 33940 18446744073709551615 1 1 0 0 0 0 4612 1 1073775864 0 0 0 -1 3 0 0 0 0 0 0 0 0 0 0 0 0 0
695 1103 (AudioArcusHelpe) S 333 333 0 0 -1 1077936192 7469 456904 153 221 128 10 1242 2245 20 0 310 0 5768 2234781696 33940 18446744073709551615 1 1 0 0 0 0 4612 1 1073775864 0 0 0 -1 0 0 0 0 0 0 0 0 0 0 0 0 0 0
695 1105 (AmazonInputMana) S 333 333 0 0 -1 1077936192 529 456904 138 221 3 3 1242 2245 20 0 310 0 5769 2234781696 33940 18446744073709551615 1 1 0 0 0 0 4612 1 1073775864 0 0 0 -1 3 0 0 0 0 0 0 0 0 0 0 0 0 0
695 1106 (DenyListArcusHe) S 333 333 0 0 -1 1077936192 5 456904 0 221 0 0 1242 2245 20 0 310 0 5769 2234781696 33940 18446744073709551615 1 1 0 0 0 0 4612 1 1073775864 0 0 0 -1 1 0 0 0 0 0 0 0 0 0 0 0 0 0
695 1108 (WifiDiagsQueueT) S 333 333 0 0 -1 1077936192 265020 456904 1749 221 14482 11823 1242 2245 20 0 310 0 5770 2234781696 33940 18446744073709551615 1 1 0 0 0 0 4612 1 1073775864 0 0 0 -1 1 0 0 0 0 0 0 0 0 0 0 0 0 0
695 1110 (NetWatchDogQueu) S 333 333 0 0 -1 1077936192 40 456904 52 221 22 52 1242 2245 20 0 310 0 5771 2234781696 33940 18446744073709551615 1 1 0 0 0 0 4612 1 1073775864 0 0 0 -1 1 0 0 0 0 0 0 0 0 0 0 0 0 0
695 1111 (TimeServiceThre) S 333 333 0 0 -1 1077936448 1488 456904 162 221 29 29 1242 2245 20 0 310 0 5771 2234781696 33940 18446744073709551615 1 1 0 0 0 0 4612 1 1073775864 0 0 0 -1 0 0 0 0 0 0 0 0 0 0 0 0 0 0
695 1112 (TimeServiceNetw) S 333 333 0 0 -1 1077936192 5 456904 0 221 0 0 1242 2245 20 0 310 0 5771 2234781696 33940 18446744073709551615 1 1 0 0 0 0 4612 1 1073775864 0 0 0 -1 3 0 0 0 0 0 0 0 0 0 0 0 0 0
695 1114 (AMA Callback Na) S 333 333 0 0 -1 1077936192 6 456904 0 221 0 0 1242 2245 18 -2 310 0 5772 2234781696 33940 18446744073709551615 1 1 0 0 0 0 4612 1 1073775864 0 0 0 -1 0 0 0 0 0 0 0 0 0 0 0 0 0 0
695 1116 (Binder:695_5) S 333 333 0 0 -1 1077936448 124076 456904 5849 221 14200 6205 1242 2245 20 0 310 0 5772 2234781696 33940 18446744073709551615 1 1 0 0 0 0 4612 1 1073775864 0 0 0 -1 3 0 0 0 0 0 0 0 0 0 0 0 0 0
695 1119 (TestMetricBuffe) S 333 333 0 0 -1 1077936192 5 456904 0 221 0 0 1242 2245 20 0 310 0 5773 2234781696 33940 18446744073709551615 1 1 0 0 0 0 4612 1 1073775864 0 0 0 -1 0 0 0 0 0 0 0 0 0 0 0 0 0 0
695 1121 (BspConsumer) S 333 333 0 0 -1 1077936192 153 456904 3 221 4 5 1242 2245 20 0 310 0 5775 2234781696 33940 18446744073709551615 1 1 0 0 0 0 4612 1 1073775864 0 0 0 -1 2 0 0 0 0 0 0 0 0 0 0 0 0 0
695 1124 (TaskSnapshotPer) S 333 333 0 0 -1 1077936192 761 456904 249 221 18 19 1242 2245 30 10 310 0 5775 2234781696 33940 18446744073709551615 1 1 0 0 0 0 4612 1 1073775864 0 0 0 -1 0 0 0 0 0 0 0 0 0 0 0 0 0 0
695 1125 (PhotonicModulat) S 333 333 0 0 -1 1077936192 326 456904 71 221 12 6 1242 2245 20 0 310 0 5777 2234781696 33940 18446744073709551615 1 1 0 0 0 0 4612 1 1073775864 0 0 0 -1 0 0 0 0 0 0 0 0 0 0 0 0 0 0
695 1130 (ContextualSSArc) S 333 333 0 0 -1 1077936192 163 456904 87 221 2 1 1242 2245 20 0 310 0 5780 2234781696 33940 18446744073709551615 1 1 0 0 0 0 4612 1 1073775864 0 0 0 -1 0 0 0 0 0 0 0 0 0 0 0 0 0 0
695 1132 (HomeLauncherArc) S 333 333 0 0 -1 1077936192 1126 456904 77 221 6 4 1242 2245 20 0 310 0 5782 2234781696 33940 18446744073709551615 1 1 0 0 0 0 4612 1 1073775864 0 0 0 -1 2 0 0 0 0 0 0 0 0 0 0 0 0 0
695 1151 (AmazonPmArcusUt) S 333 333 0 0 -1 1077936192 81 456904 4 221 1 0 1242 2245 20 0 310 0 5834 2234781696 33940 18446744073709551615 1 1 0 0 0 0 4612 1 1073775864 0 0 0 -1 3 0 0 0 0 0 0 0 0 0 0 0 0 0
695 1159 (SyncManager) S 333 333 0 0 -1 1077936448 65256 456904 1331 221 1677 753 1242 2245 30 10 310 0 5844 2234781696 33940 18446744073709551615 1 1 0 0 0 0 4612 1 1073775864 0 0 0 -1 3 0 0 0 0 0 0 0 0 0 0 0 0 0
695 1160 (Binder:695_6) S 333 333 0 0 -1 1077936448 115712 456904 5966 221 13014 5969 1242 2245 20 0 310 0 5848 2234781696 33940 18446744073709551615 1 1 0 0 0 0 4612 1 1073775864 0 0 0 -1 0 0 0 0 0 0 0 0 0 0 0 0 0 0
695 1162 (SyncHandler-0) S 333 333 0 0 -1 1077936192 1593 456904 19 221 12 20 1242 2245 20 0 310 0 5857 2234781696 33940 18446744073709551615 1 1 0 0 0 0 4612 1 1073775864 0 0 0 -1 2 0 0 0 0 0 0 0 0 0 0 0 0 0
695 1184 (UsbService host) S 333 333 0 0 -1 4194368 14 456904 22 221 0 0 1242 2245 20 0 310 0 5872 2234781696 33940 18446744073709551615 1 1 0 0 0 0 4612 1 1073775864 0 0 0 -1 1 0 0 0 0 0 0 0 0 0 0 0 0 0
695 11891 (Binder:695_1B) S 333 333 0 0 -1 1077936448 229852 456904 6104 221 25339 11263 1242 2245 20 0 310 0 31185 2234781696 33940 18446744073709551615 1 1 0 0 0 0 4612 1 1073775864 0 0 0 -1 0 0 0 0 0 0 0 0 0 0 0 0 0 0
695 11941 (Binder:695_1C) S 333 333 0 0 -1 1077936448 219127 456904 7092 221 27990 12789 1242 2245 20 0 310 0 31264 2234781696 33940 18446744073709551615 1 1 0 0 0 0 4612 1 1073775864 0 0 0 -1 0 0 0 0 0 0 0 0 0 0 0 0 0 0
695 12141 (LogRetentionJob) S 333 333 0 0 -1 1077936192 8 456904 0 221 0 0 1242 2245 20 0 310 0 26111907 2234781696 33940 18446744073709551615 1 1 0 0 0 0 4612 1 1073775864 0 0 0 -1 3 0 0 0 0 0 0 0 0 0 0 0 0 0
695 12201 (AmazonFingerPri) S 333 333 0 0 -1 1077936192 7 456904 1 221 0 0 1242 2245 30 10 310 0 268212254 2234781696 33940 18446744073709551615 1 1 0 0 0 0 4612 1 1073775864 0 0 0 -1 2 0 0 0 0 0 0 0 0 0 0 0 0 0
695 12222 (Binder:695_1D) S 333 333 0 0 -1 1077936448 261747 456904 6473 221 32615 14620 1242 2245 20 0 310 0 34633 2234781696 33940 18446744073709551615 1 1 0 0 0 0 4612 1 1073775864 0 0 0 -1 1 0 0 0 0 0 0 0 0 0 0 0 0 0
695 12355 (pool-7-thread-2) S 333 333 0 0 -1 1077936192 36378 456904 957 221 1097 1531 1242 2245 20 0 310 0 37001 2234781696 33940 18446744073709551615 1 1 0 0 0 0 4612 1 1073775864 0 0 0 -1 0 0 0 0 0 0 0 0 0 0 0 0 0 0
695 12456 (AmazonFingerPri) S 333 333 0 0 -1 1077936192 5 456904 0 221 0 0 1242 2245 30 10 310 0 129971582 2234781696 33940 18446744073709551615 1 1 0 0 0 0 4612 1 1073775864 0 0 0 -1 3 0 0 0 0 0 0 0 0 0 0 0 0 0
695 12577 (LogRetentionJob) S 333 333 0 0 -1 1077936192 12 456904 3 221 0 0 1242 2245 20 0 310 0 242105957 2234781696 33940 18446744073709551615 1 1 0 0 0 0 4612 1 1073775864 0 0 0 -1 0 0 0 0 0 0 0 0 0 0 0 0 0 0
695 1258 (Binder:695_7) S 333 333 0 0 -1 1077936448 104869 456904 4850 221 12359 5335 1242 2245 20 0 310 0 5893 2234781696 33940 18446744073709551615 1 1 0 0 0 0 4612 1 1073775864 0 0 0 -1 0 0 0 0 0 0 0 0 0 0 0 0 0 0
695 1261 (Binder:695_8) S 333 333 0 0 -1 1077936448 104601 456904 4346 221 12662 5658 1242 2245 20 0 310 0 5893 2234781696 33940 18446744073709551615 1 1 0 0 0 0 4612 1 1073775864 0 0 0 -1 3 0 0 0 0 0 0 0 0 0 0 0 0 0
695 1262 (Binder:695_9) S 333 333 0 0 -1 1077936448 99113 456904 5891 221 11368 5179 1242 2245 20 0 310 0 5893 2234781696 33940 18446744073709551615 1 1 0 0 0 0 4612 1 1073775864 0 0 0 -1 0 0 0 0 0 0 0 0 0 0 0 0 0 0
695 1263 (Binder:695_A) S 333 333 0 0 -1 1077936448 114089 456904 6673 221 13007 5638 1242 2245 20 0 310 0 5894 2234781696 33940 18446744073709551615 1 1 0 0 0 0 4612 1 1073775864 0 0 0 -1 0 0 0 0 0 0 0 0 0 0 0 0 0 0
695 1264 (Binder:695_B) S 333 333 0 0 -1 1077936448 99058 456904 4014 221 11164 4847 1242 2245 20 0 310 0 5894 2234781696 33940 18446744073709551615 1 1 0 0 0 4096 4612 1 1073775864 0 0 0 -1 0 0 0 0 0 0 0 0 0 0 0 0 0 0
695 1266 (Binder:695_C) S 333 333 0 0 -1 1077936448 106558 456904 6609 221 12489 5617 1242 2245 20 0 310 0 5894 2234781696 33940 18446744073709551615 1 1 0 0 0 0 4612 1 1073775864 0 0 0 -1 0 0 0 0 0 0 0 0 0 0 0 0 0 0
695 1267 (Binder:695_D) S 333 333 0 0 -1 1077936448 107307 456904 6896 221 11349 4809 1242 2245 20 0 310 0 5894 2234781696 33940 18446744073709551615 1 1 0 0 0 4096 4612 1 1073775864 0 0 0 -1 0 0 0 0 0 0 0 0 0 0 0 0 0 0
695 13013 (AmazonFingerPri) S 333 333 0 0 -1 1077936192 6 456904 0 221 0 0 1242 2245 30 10 310 0 60847524 2234781696 33940 18446744073709551615 1 1 0 0 0 0 4612 1 1073775864 0 0 0 -1 0 0 0 0 0 0 0 0 0 0 0 0 0 0
695 13572 (LogRetentionJob) S 333 333 0 0 -1 1077936192 8 456904 3 221 0 0 1242 2245 20 0 310 0 185719 2234781696 33940 18446744073709551615 1 1 0 0 0 0 4612 1 1073775864 0 0 0 -1 2 0 0 0 0 0 0 0 0 0 0 0 0 0
695 1373 (pool-9-thread-1) S 333 333 0 0 -1 1077936192 451 456904 129 221 4 6 1242 2245 20 0 310 0 5926 2234781696 33940 18446744073709551615 1 1 0 0 0 0 4612 1 1073775864 0 0 0 -1 2 0 0 0 0 0 0 0 0 0 0 0 0 0
695 1374 (pool-9-thread-2) S 333 333 0 0 -1 1077936192 416 456904 85 221 4 5 1242 2245 20 0 310 0 5926 2234781696 33940 18446744073709551615 1 1 0 0 0 0 4612 1 1073775864 0 0 0 -1 2 0 0 0 0 0 0 0 0 0 0 0 0 0
695 13746 (LogRetentionJob) S 333 333 0 0 -1 1077936192 9 456904 0 221 0 0 1242 2245 20 0 310 0 164355054 2234781696 33940 18446744073709551615 1 1 0 0 0 0 4612 1 1073775864 0 0 0 -1 0 0 0 0 0 0 0 0 0 0 0 0 0 0
695 13851 (AdbDebuggingMan) S 333 333 0 0 -1 4194368 24 456904 2 221 0 0 1242 2245 20 0 310 0 194105 2234781696 33940 18446744073709551615 1 1 0 0 0 0 4612 1 1073775864 0 0 0 -1 1 0 0 0 0 0 0 0 0 0 0 0 0 0
695 14057 (Binder:695_1E) S 333 333 0 0 -1 1077936448 260563 456904 7978 221 31971 14624 1242 2245 20 0 310 0 204245 2234781696 33940 18446744073709551615 1 1 0 0 0 4096 4612 1 1073775864 0 0 0 -1 1 0 0 0 0 0 0 0 0 0 0 0 0 0
695 1421 (Thread-15) S 333 333 0 0 -1 4194368 6 456904 0 221 0 0 1242 2245 20 0 310 0 5953 2234781696 33940 18446744073709551615 1 1 0 0 0 0 4612 1 1073775864 0 0 0 -1 2 0 0 0 0 0 0 0 0 0 0 0 0 0
695 1429 (NetworkStatsObs) S 333 333 0 0 -1 1077936192 3081 456904 249 221 122 104 1242 2245 20 0 310 0 5956 2234781696 33940 18446744073709551615 1 1 0 0 0 0 4612 1 1073775864 0 0 0 -1 2 0 0 0 0 0 0 0 0 0 0 0 0 0
695 14343 (AmazonFingerPri) S 333 333 0 0 -1 1077936192 5 456904 1 221 0 0 1242 2245 30 10 310 0 26287160 2234781696 33940 18446744073709551615 1 1 0 0 0 0 4612 1 1073775864 0 0 0 -1 0 0 0 0 0 0 0 0 0 0 0 0 0 0
695 14374 (LogRetentionJob) S 333 333 0 0 -1 1077936192 12 456904 1 221 0 0 1242 2245 20 0 310 0 86586829 2234781696 33940 18446744073709551615 1 1 0 0 0 0 4612 1 1073775864 0 0 0 -1 0 0 0 0 0 0 0 0 0 0 0 0 0 0
695 14526 (AudioTrack) S 333 333 0 0 -1 1077936192 5 456904 2 221 0 0 1242 2245 4 -16 310 0 204664830 2234781696 33940 18446744073709551615 1 1 0 0 0 0 4612 1 1073775864 0 0 0 -1 2 0 0 0 0 0 0 0 0 0 0 0 0 0
695 14537 (AudioTrack) S 333 333 0 0 -1 1077936192 5 456904 0 221 0 0 1242 2245 4 -16 310 0 204664908 2234781696 33940 18446744073709551615 1 1 0 0 0 0 4612 1 1073775864 0 0 0 -1 0 0 0 0 0 0 0 0 0 0 0 0 0 0
695 1467 (PerfAnimationAr) S 333 333 0 0 -1 1077936192 111 456904 53 221 2 3 1242 2245 30 10 310 0 5970 2234781696 33940 18446744073709551615 1 1 0 0 0 0 4612 1 1073775864 0 0 0 -1 1 0 0 0 0 0 0 0 0 0 0 0 0 0
695 14742 (AmazonFingerPri) S 333 333 0 0 -1 1077936192 7 456904 3 221 0 0 1242 2245 30 10 310 0 242286254 2234781696 33940 18446744073709551615 1 1 0 0 0 0 4612 1 1073775864 0 0 0 -1 0 0 0 0 0 0 0 0 0 0 0 0 0 0
695 14922 (Binder:695_1F) S 333 333 0 0 -1 1077936448 268517 456904 8680 221 34503 15771 1242 2245 20 0 310 0 223944 2234781696 33940 18446744073709551615 1 1 0 0 0 0 4612 1 1073775864 0 0 0 -1 2 0 0 0 0 0 0 0 0 0 0 0 0 0
695 15088 (Binder:695_20) S 333 333 0 0 -1 1077936448 299644 456904 7381 221 38289 17425 1242 2245 20 0 310 0 224908 2234781696 33940 18446744073709551615 1 1 0 0 0 0 4612 1 1073775864 0 0 0 -1 2 0 0 0 0 0 0 0 0 0 0 0 0 0
695 1525 (pool-2-thread-1) S 333 333 0 0 -1 1077936192 581 456904 165 221 5 4 1242 2245 20 0 310 0 6010 2234781696 33940 18446744073709551615 1 1 0 0 0 0 4612 1 1073775864 0 0 0 -1 3 0 0 0 0 0 0 0 0 0 0 0 0 0
695 15294 (Binder:695_21) S 333 333 0 0 -1 1077936448 332628 456904 6538 221 41988 18711 1242 2245 20 0 310 0 230233 2234781696 33940 18446744073709551615 1 1 0 0 0 0 4612 1 1073775864 0 0 0 -1 2 0 0 0 0 0 0 0 0 0 0 0 0 0
695 15492 (LogRetentionJob) S 333 333 0 0 -1 1077936192 9 456904 0 221 0 0 1242 2245 20 0 310 0 121154176 2234781696 33940 18446744073709551615 1 1 0 0 0 0 4612 1 1073775864 0 0 0 -1 3 0 0 0 0 0 0 0 0 0 0 0 0 0
695 1594 (CCodecWatchdog) S 333 333 0 0 -1 1077936192 1 456904 0 221 0 0 1242 2245 20 0 310 0 6044 2234781696 33940 18446744073709551615 1 1 0 0 0 0 4612 1 1073775864 0 0 0 -1 2 0 0 0 0 0 0 0 0 0 0 0 0 0
695 1596 (NDK MediaCodec_) S 333 333 0 0 -1 1077936192 1 456904 0 221 0 0 1242 2245 4 -16 310 0 6044 2234781696 33940 18446744073709551615 1 1 0 0 0 0 4612 1 1073775864 0 0 0 -1 1 0 0 0 0 0 0 0 0 0 0 0 0 0
695 15969 (AmazonFingerPri) S 333 333 0 0 -1 1077936192 5 456904 0 221 0 0 1242 2245 30 10 310 0 164532139 2234781696 33940 18446744073709551615 1 1 0 0 0 0 4612 1 1073775864 0 0 0 -1 3 0 0 0 0 0 0 0 0 0 0 0 0 0
695 1597 (NDK MediaCodec_) S 333 333 0 0 -1 1077936192 1 456904 0 221 0 0 1242 2245 4 -16 310 0 6044 2234781696 33940 18446744073709551615 1 1 0 0 0 0 4612 1 1073775864 0 0 0 -1 0 0 0 0 0 0 0 0 0 0 0 0 0 0
695 1605 (HwBinder:695_4) S 333 333 0 0 -1 1077936192 5571 456904 290 221 498 149 1242 2245 20 0 310 0 6051 2234781696 33940 18446744073709551615 1 1 0 0 0 0 4612 1 1073775864 0 0 0 -1 3 0 0 0 0 0 0 0 0 0 0 0 0 0
695 1612 (HwBinder:695_5) S 333 333 0 0 -1 1077936192 9359 456904 344 221 796 240 1242 2245 20 0 310 0 6060 2234781696 33940 18446744073709551615 1 1 0 0 0 0 4612 1 1073775864 0 0 0 -1 0 0 0 0 0 0 0 0 0 0 0 0 0 0
695 16757 (AmazonFingerPri) S 333 333 0 0 -1 1077936192 5 456904 0 221 0 0 1242 2245 30 10 310 0 86767127 2234781696 33940 18446744073709551615 1 1 0 0 0 0 4612 1 1073775864 0 0 0 -1 1 0 0 0 0 0 0 0 0 0 0 0 0 0
695 1699 (FireTVKeyPolicy) S 333 333 0 0 -1 1077936192 5 456904 0 221 0 0 1242 2245 18 -2 310 0 6123 2234781696 33940 18446744073709551615 1 1 0 0 0 0 4612 1 1073775864 0 0 0 -1 0 0 0 0 0 0 0 0 0 0 0 0 0 0
695 1752 (Binder:695_E) S 333 333 0 0 -1 1077936448 110456 456904 7376 221 12217 5530 1242 2245 20 0 310 0 6209 2234781696 33940 18446744073709551615 1 1 0 0 0 4096 4612 1 1073775864 0 0 0 -1 0 0 0 0 0 0 0 0 0 0 0 0 0 0
695 1759 (VolumeAliasHand) S 333 333 0 0 -1 1077936192 4 456904 0 221 0 0 1242 2245 20 0 310 0 6215 2234781696 33940 18446744073709551615 1 1 0 0 0 0 4612 1 1073775864 0 0 0 -1 2 0 0 0 0 0 0 0 0 0 0 0 0 0
695 1764 (LeGattConnectio) S 333 333 0 0 -1 1077936192 5 456904 0 221 0 0 1242 2245 20 0 310 0 6226 2234781696 33940 18446744073709551615 1 1 0 0 0 0 4612 1 1073775864 0 0 0 -1 0 0 0 0 0 0 0 0 0 0 0 0 0 0
695 1766 (LeGattScanWorke) S 333 333 0 0 -1 1077936192 5 456904 0 221 0 0 1242 2245 20 0 310 0 6226 2234781696 33940 18446744073709551615 1 1 0 0 0 0 4612 1 1073775864 0 0 0 -1 3 0 0 0 0 0 0 0 0 0 0 0 0 0
695 1767 (LeAdapterReques) S 333 333 0 0 -1 1077936192 5 456904 0 221 0 0 1242 2245 20 0 310 0 6227 2234781696 33940 18446744073709551615 1 1 0 0 0 0 4612 1 1073775864 0 0 0 -1 0 0 0 0 0 0 0 0 0 0 0 0 0 0
695 1773 (RedirectListene) S 333 333 0 0 -1 1077936192 5 456904 0 221 0 0 1242 2245 20 0 310 0 6236 2234781696 33940 18446744073709551615 1 1 0 0 0 0 4612 1 1073775864 0 0 0 -1 0 0 0 0 0 0 0 0 0 0 0 0 0 0
695 1782 (AdvertisingIdAr) S 333 333 0 0 -1 1077936192 9 456904 0 221 0 0 1242 2245 20 0 310 0 6239 2234781696 33940 18446744073709551615 1 1 0 0 0 0 4612 1 1073775864 0 0 0 -1 0 0 0 0 0 0 0 0 0 0 0 0 0 0
695 1794 (AmazonFingerPri) S 333 333 0 0 -1 1077936192 20 456904 6 221 0 0 1242 2245 30 10 310 0 6241 2234781696 33940 18446744073709551615 1 1 0 0 0 0 4612 1 1073775864 0 0 0 -1 1 0 0 0 0 0 0 0 0 0 0 0 0 0
695 1798 (ThreadPriorityB) S 333 333 0 0 -1 1077936448 599 456904 214 221 7 11 1242 2245 20 0 310 0 6242 2234781696 33940 18446744073709551615 1 1 0 0 0 0 4612 1 1073775864 0 0 0 -1 0 0 0 0 0 0 0 0 0 0 0 0 0 0
695 1801 (BtLeManagerThre) S 333 333 0 0 -1 1077936192 97 456904 19 221 0 1 1242 2245 20 0 310 0 6244 2234781696 33940 18446744073709551615 1 1 0 0 0 0 4612 1 1073775864 0 0 0 -1 0 0 0 0 0 0 0 0 0 0 0 0 0 0
695 1802 (pool-8-thread-1) S 333 333 0 0 -1 1077936192 1319 456904 269 221 46 42 1242 2245 20 0 310 0 6247 2234781696 33940 18446744073709551615 1 1 0 0 0 0 4612 1 1073775864 0 0 0 -1 1 0 0 0 0 0 0 0 0 0 0 0 0 0
695 1803 (OsuServerHandle) S 333 333 0 0 -1 1077936192 5 456904 0 221 0 0 1242 2245 20 0 310 0 6250 2234781696 33940 18446744073709551615 1 1 0 0 0 0 4612 1 1073775864 0 0 0 -1 1 0 0 0 0 0 0 0 0 0 0 0 0 0
695 1815 (LogRetentionJob) S 333 333 0 0 -1 1077936192 11 456904 2 221 0 0 1242 2245 20 0 310 0 216185958 2234781696 33940 18446744073709551615 1 1 0 0 0 0 4612 1 1073775864 0 0 0 -1 0 0 0 0 0 0 0 0 0 0 0 0 0 0
695 1828 (PerfArcusLooper) S 333 333 0 0 -1 1077936192 168 456904 67 221 2 1 1242 2245 20 0 310 0 6309 2234781696 33940 18446744073709551615 1 1 0 0 0 0 4612 1 1073775864 0 0 0 -1 1 0 0 0 0 0 0 0 0 0 0 0 0 0
695 1842 (PerfSchedTunerA) S 333 333 0 0 -1 1077936192 127 456904 74 221 1 3 1242 2245 30 10 310 0 6315 2234781696 33940 18446744073709551615 1 1 0 0 0 0 4612 1 1073775864 0 0 0 -1 1 0 0 0 0 0 0 0 0 0 0 0 0 0
695 1855 (SamplingThread) S 333 333 0 0 -1 1077936192 4 456904 0 221 0 0 1242 2245 20 0 310 0 6318 2234781696 33940 18446744073709551615 1 1 0 0 0 0 4612 1 1073775864 0 0 0 -1 3 0 0 0 0 0 0 0 0 0 0 0 0 0
695 18720 (AmazonFingerPri) S 333 333 0 0 -1 1077936192 5 456904 0 221 0 0 1242 2245 30 10 310 0 121327246 2234781696 33940 18446744073709551615 1 1 0 0 0 0 4612 1 1073775864 0 0 0 -1 1 0 0 0 0 0 0 0 0 0 0 0 0 0
695 19126 (LogRetentionJob) S 333 333 0 0 -1 1077936192 9 456904 0 221 0 0 1242 2245 20 0 310 0 52050581 2234781696 33940 18446744073709551615 1 1 0 0 0 0 4612 1 1073775864 0 0 0 -1 1 0 0 0 0 0 0 0 0 0 0 0 0 0
695 19181 (LogRetentionJob) S 333 333 0 0 -1 1077936192 9 456904 0 221 0 0 1242 2245 20 0 310 0 198910962 2234781696 33940 18446744073709551615 1 1 0 0 0 0 4612 1 1073775864 0 0 0 -1 1 0 0 0 0 0 0 0 0 0 0 0 0 0
695 20345 (LogRetentionJob) S 333 333 0 0 -1 1077936192 9 456904 0 221 0 0 1242 2245 20 0 310 0 17483740 2234781696 33940 18446744073709551615 1 1 0 0 0 0 4612 1 1073775864 0 0 0 -1 0 0 0 0 0 0 0 0 0 0 0 0 0 0
695 2100 (LazyTaskWriterT) S 333 333 0 0 -1 1077936192 6769 456904 586 221 124 264 1242 2245 30 10 310 0 6581 2234781696 33940 18446744073709551615 1 1 0 0 0 0 4612 1 1073775864 0 0 0 -1 3 0 0 0 0 0 0 0 0 0 0 0 0 0
695 2102 (StorageUserConn) S 333 333 0 0 -1 1077936192 13 456904 0 221 0 0 1242 2245 20 0 310 0 6583 2234781696 33940 18446744073709551615 1 1 0 0 0 0 4612 1 1073775864 0 0 0 -1 2 0 0 0 0 0 0 0 0 0 0 0 0 0
695 21044 (AmazonFingerPri) S 333 333 0 0 -1 1077936192 5 456904 0 221 0 0 1242 2245 30 10 310 0 52207431 2234781696 33940 18446744073709551615 1 1 0 0 0 0 4612 1 1073775864 0 0 0 -1 3 0 0 0 0 0 0 0 0 0 0 0 0 0
695 21475 (AmazonFingerPri) S 333 333 0 0 -1 1077936192 5 456904 0 221 0 0 1242 2245 30 10 310 0 199091512 2234781696 33940 18446744073709551615 1 1 0 0 0 0 4612 1 1073775864 0 0 0 -1 1 0 0 0 0 0 0 0 0 0 0 0 0 0
695 2211 (AudioPortEventH) S 333 333 0 0 -1 1077936192 603 456904 326 221 3 9 1242 2245 20 0 310 0 6637 2234781696 33940 18446744073709551615 1 1 0 0 0 0 4612 1 1073775864 0 0 0 -1 1 0 0 0 0 0 0 0 0 0 0 0 0 0
695 22517 (AmazonFingerPri) S 333 333 0 0 -1 1077936192 6 456904 0 221 0 0 1242 2245 30 10 310 0 17647085 2234781696 33940 18446744073709551615 1 1 0 0 0 0 4612 1 1073775864 0 0 0 -1 1 0 0 0 0 0 0 0 0 0 0 0 0 0
695 22634 (LogRetentionJob) S 333 333 0 0 -1 1077936192 9 456904 1 221 0 0 1242 2245 20 0 310 0 155716626 2234781696 33940 18446744073709551615 1 1 0 0 0 0 4612 1 1073775864 0 0 0 -1 3 0 0 0 0 0 0 0 0 0 0 0 0 0
695 22653 (LogRetentionJob) S 333 333 0 0 -1 1077936192 11 456904 3 221 0 0 1242 2245 20 0 310 0 207556903 2234781696 33940 18446744073709551615 1 1 0 0 0 0 4612 1 1073775864 0 0 0 -1 2 0 0 0 0 0 0 0 0 0 0 0 0 0
695 2279 (AmazonFingerPri) S 333 333 0 0 -1 1077936192 6 456904 0 221 0 0 1242 2245 30 10 310 0 104047951 2234781696 33940 18446744073709551615 1 1 0 0 0 0 4612 1 1073775864 0 0 0 -1 3 0 0 0 0 0 0 0 0 0 0 0 0 0
695 22974 (LogRetentionJob) S 333 333 0 0 -1 1077936192 9 456904 0 221 0 0 1242 2245 20 0 310 0 112524029 2234781696 33940 18446744073709551615 1 1 0 0 0 0 4612 1 1073775864 0 0 0 -1 1 0 0 0 0 0 0 0 0 0 0 0 0 0
695 24468 (LogRetentionJob) S 333 333 0 0 -1 1077936192 11 456904 8 221 0 0 1242 2245 20 0 310 0 233465958 2234781696 33940 18446744073709551615 1 1 0 0 0 0 4612 1 1073775864 0 0 0 -1 2 0 0 0 0 0 0 0 0 0 0 0 0 0
695 24597 (LogRetentionJob) S 333 333 0 0 -1 1077936192 10 456904 0 221 0 0 1242 2245 20 0 310 0 190274408 2234781696 33940 18446744073709551615 1 1 0 0 0 0 4612 1 1073775864 0 0 0 -1 1 0 0 0 0 0 0 0 0 0 0 0 0 0
695 2489 (pool-7-thread-1) S 333 333 0 0 -1 1077936192 36909 456904 1002 221 1080 1554 1242 2245 20 0 310 0 6947 2234781696 33940 18446744073709551615 1 1 0 0 0 0 4612 1 1073775864 0 0 0 -1 0 0 0 0 0 0 0 0 0 0 0 0 0 0
695 25127 (AmazonFingerPri) S 333 333 0 0 -1 1077936192 5 456904 1 221 0 0 1242 2245 30 10 310 0 112688023 2234781696 33940 18446744073709551615 1 1 0 0 0 0 4612 1 1073775864 0 0 0 -1 1 0 0 0 0 0 0 0 0 0 0 0 0 0
695 25157 (AmazonFingerPri) S 333 333 0 0 -1 1077936192 6 456904 0 221 0 0 1242 2245 30 10 310 0 155892024 2234781696 33940 18446744073709551615 1 1 0 0 0 0 4612 1 1073775864 0 0 0 -1 0 0 0 0 0 0 0 0 0 0 0 0 0 0
695 25397 (AmazonFingerPri) S 333 333 0 0 -1 1077936192 8 456904 0 221 0 0 1242 2245 30 10 310 0 207732746 2234781696 33940 18446744073709551615 1 1 0 0 0 0 4612 1 1073775864 0 0 0 -1 3 0 0 0 0 0 0 0 0 0 0 0 0 0
695 2542 (Okio Watchdog) S 333 333 0 0 -1 1077936192 102 456904 63 221 86 99 1242 2245 20 0 310 0 6967 2234781696 33940 18446744073709551615 1 1 0 0 0 0 4612 1 1073775864 0 0 0 -1 2 0 0 0 0 0 0 0 0 0 0 0 0 0
695 25479 (LogRetentionJob) S 333 333 0 0 -1 1077936192 9 456904 0 221 0 0 1242 2245 20 0 310 0 77960230 2234781696 33940 18446744073709551615 1 1 0 0 0 0 4612 1 1073775864 0 0 0 -1 1 0 0 0 0 0 0 0 0 0 0 0 0 0
695 26957 (AmazonFingerPri) S 333 333 0 0 -1 1077936192 9 456904 2 221 0 0 1242 2245 30 10 310 0 233646255 2234781696 33940 18446744073709551615 1 1 0 0 0 0 4612 1 1073775864 0 0 0 -1 2 0 0 0 0 0 0 0 0 0 0 0 0 0
695 27340 (AmazonFingerPri) S 333 333 0 0 -1 1077936192 5 456904 0 221 0 0 1242 2245 30 10 310 0 190452511 2234781696 33940 18446744073709551615 1 1 0 0 0 0 4612 1 1073775864 0 0 0 -1 3 0 0 0 0 0 0 0 0 0 0 0 0 0
695 27405 (AsyncTask #16) S 333 333 0 0 -1 1077936192 4686 456904 208 221 50 29 1242 2245 30 10 310 0 254950814 2234781696 33940 18446744073709551615 1 1 0 0 0 0 4612 1 1073775864 0 0 0 -1 1 0 0 0 0 0 0 0 0 0 0 0 0 0
695 27645 (AmazonFingerPri) S 333 333 0 0 -1 1077936192 5 456904 1 221 0 0 1242 2245 30 10 310 0 78127720 2234781696 33940 18446744073709551615 1 1 0 0 0 0 4612 1 1073775864 0 0 0 -1 3 0 0 0 0 0 0 0 0 0 0 0 0 0
695 28310 (LogRetentionJob) S 333 333 0 0 -1 1077936192 10 456904 2 221 0 0 1242 2245 20 0 310 0 43395587 2234781696 33940 18446744073709551615 1 1 0 0 0 0 4612 1 1073775864 0 0 0 -1 1 0 0 0 0 0 0 0 0 0 0 0 0 0
695 29014 (LogRetentionJob) S 333 333 0 0 -1 1077936192 8 456904 1 221 0 0 1242 2245 20 0 310 0 8827337 2234781696 33940 18446744073709551615 1 1 0 0 0 0 4612 1 1073775864 0 0 0 -1 1 0 0 0 0 0 0 0 0 0 0 0 0 0
695 29588 (LogRetentionJob) S 333 333 0 0 -1 1077936192 13 456904 4 221 0 0 1242 2245 20 0 310 0 250745958 2234781696 33940 18446744073709551615 1 1 0 0 0 0 4612 1 1073775864 0 0 0 -1 3 0 0 0 0 0 0 0 0 0 0 0 0 0
695 29756 (LogRetentionJob) S 333 333 0 0 -1 1077936192 10 456904 0 221 0 0 1242 2245 20 0 310 0 147084566 2234781696 33940 18446744073709551615 1 1 0 0 0 0 4612 1 1073775864 0 0 0 -1 0 0 0 0 0 0 0 0 0 0 0 0 0 0
695 30600 (LogRetentionJob) S 333 333 0 0 -1 1077936192 12 456904 5 221 0 0 1242 2245 20 0 310 0 259385957 2234781696 33940 18446744073709551615 1 1 0 0 0 0 4612 1 1073775864 0 0 0 -1 0 0 0 0 0 0 0 0 0 0 0 0 0 0
695 30920 (AmazonFingerPri) S 333 333 0 0 -1 1077936192 6 456904 1 221 0 0 1242 2245 30 10 310 0 43567339 2234781696 33940 18446744073709551615 1 1 0 0 0 0 4612 1 1073775864 0 0 0 -1 3 0 0 0 0 0 0 0 0 0 0 0 0 0
695 30945 (AmazonFingerPri) S 333 333 0 0 -1 1077936192 8 456904 4 221 0 0 1242 2245 30 10 310 0 366254 2234781696 33940 18446744073709551615 1 1 0 0 0 0 4612 1 1073775864 0 0 0 -1 2 0 0 0 0 0 0 0 0 0 0 0 0 0
695 31028 (AmazonFingerPri) S 333 333 0 0 -1 1077936192 6 456904 0 221 0 0 1242 2245 30 10 310 0 9006991 2234781696 33940 18446744073709551615 1 1 0 0 0 0 4612 1 1073775864 0 0 0 -1 2 0 0 0 0 0 0 0 0 0 0 0 0 0
695 31588 (LogRetentionJob) S 333 333 0 0 -1 1077936192 10 456904 0 221 0 0 1242 2245 20 0 310 0 103868899 2234781696 33940 18446744073709551615 1 1 0 0 0 0 4612 1 1073775864 0 0 0 -1 1 0 0 0 0 0 0 0 0 0 0 0 0 0
695 31855 (AmazonFingerPri) S 333 333 0 0 -1 1077936192 6 456904 0 221 0 0 1242 2245 30 10 310 0 147251855 2234781696 33940 18446744073709551615 1 1 0 0 0 0 4612 1 1073775864 0 0 0 -1 1 0 0 0 0 0 0 0 0 0 0 0 0 0
695 31983 (AmazonFingerPri) S 333 333 0 0 -1 1077936192 7 456904 0 221 0 0 1242 2245 30 10 310 0 250926254 2234781696 33940 18446744073709551615 1 1 0 0 0 0 4612 1 1073775864 0 0 0 -1 1 0 0 0 0 0 0 0 0 0 0 0 0 0
695 3214 (BtCallback) S 333 333 0 0 -1 1077936192 61 456904 9 221 0 1 1242 2245 20 0 310 0 7572 2234781696 33940 18446744073709551615 1 1 0 0 0 0 4612 1 1073775864 0 0 0 -1 3 0 0 0 0 0 0 0 0 0 0 0 0 0
695 3245 (AmazonFingerPri) S 333 333 0 0 -1 1077936192 7 456904 1 221 0 0 1242 2245 30 10 310 0 69487613 2234781696 33940 18446744073709551615 1 1 0 0 0 0 4612 1 1073775864 0 0 0 -1 0 0 0 0 0 0 0 0 0 0 0 0 0 0
695 32698 (OkHttp Connecti) S 333 333 0 0 -1 1077936192 11 456904 3 221 0 0 1242 2245 20 0 310 0 271464962 2234781696 33940 18446744073709551615 1 1 0 0 0 0 4612 1 1073775864 0 0 0 -1 0 0 0 0 0 0 0 0 0 0 0 0 0 0
695 32725 (LogRetentionJob) S 333 333 0 0 -1 1077936192 9 456904 0 221 0 0 1242 2245 20 0 310 0 69334139 2234781696 33940 18446744073709551615 1 1 0 0 0 0 4612 1 1073775864 0 0 0 -1 0 0 0 0 0 0 0 0 0 0 0 0 0 0
695 3367 (AmazonFingerPri) S 333 333 0 0 -1 1077936192 5 456904 0 221 0 0 1242 2245 30 10 310 0 181812401 2234781696 33940 18446744073709551615 1 1 0 0 0 0 4612 1 1073775864 0 0 0 -1 3 0 0 0 0 0 0 0 0 0 0 0 0 0
695 3390 (LogRetentionJob) S 333 333 0 0 -1 1077936192 10 456904 0 221 0 0 1242 2245 20 0 310 0 138429987 2234781696 33940 18446744073709551615 1 1 0 0 0 0 4612 1 1073775864 0 0 0 -1 0 0 0 0 0 0 0 0 0 0 0 0 0 0
695 353 (LogRetentionJob) S 333 333 0 0 -1 1077936192 9 456904 0 221 0 0 1242 2245 20 0 310 0 181644164 2234781696 33940 18446744073709551615 1 1 0 0 0 0 4612 1 1073775864 0 0 0 -1 3 0 0 0 0 0 0 0 0 0 0 0 0 0
695 4400 (Binder:695_F) S 333 333 0 0 -1 1077936448 104271 456904 6058 221 11585 5067 1242 2245 20 0 310 0 9269 2234781696 33940 18446744073709551615 1 1 0 0 0 0 4612 1 1073775864 0 0 0 -1 3 0 0 0 0 0 0 0 0 0 0 0 0 0
695 4552 (AmazonFingerPri) S 333 333 0 0 -1 1077936192 6 456904 0 221 0 0 1242 2245 30 10 310 0 216366254 2234781696 33940 18446744073709551615 1 1 0 0 0 0 4612 1 1073775864 0 0 0 -1 0 0 0 0 0 0 0 0 0 0 0 0 0 0
695 4634 (AmazonKeyEventL) S 333 333 0 0 -1 1077936192 1172 456904 640 221 51 53 1242 2245 20 0 310 0 9769 2234781696 33940 18446744073709551615 1 1 0 0 0 0 4612 1 1073775864 0 0 0 -1 3 0 0 0 0 0 0 0 0 0 0 0 0 0
695 4882 (Binder:695_10) S 333 333 0 0 -1 1077936448 119382 456904 5492 221 13590 6361 1242 2245 20 0 310 0 10131 2234781696 33940 18446744073709551615 1 1 0 0 0 0 4612 1 1073775864 0 0 0 -1 3 0 0 0 0 0 0 0 0 0 0 0 0 0
695 4949 (LogRetentionJob) S 333 333 0 0 -1 1077936192 12 456904 0 221 0 0 1242 2245 20 0 310 0 34746810 2234781696 33940 18446744073709551615 1 1 0 0 0 0 4612 1 1073775864 0 0 0 -1 3 0 0 0 0 0 0 0 0 0 0 0 0 0
695 5713 (pool-6-thread-1) S 333 333 0 0 -1 1077936192 10924 456904 337 221 652 186 1242 2245 20 0 310 0 12369 2234781696 33940 18446744073709551615 1 1 0 0 0 0 4612 1 1073775864 0 0 0 -1 1 0 0 0 0 0 0 0 0 0 0 0 0 0
695 5832 (AmazonFingerPri) S 333 333 0 0 -1 1077936192 5 456904 0 221 0 0 1242 2245 30 10 310 0 138611723 2234781696 33940 18446744073709551615 1 1 0 0 0 0 4612 1 1073775864 0 0 0 -1 3 0 0 0 0 0 0 0 0 0 0 0 0 0
695 6078 (Binder:695_11) S 333 333 0 0 -1 1077936448 117640 456904 5582 221 13005 5780 1242 2245 20 0 310 0 13684 2234781696 33940 18446744073709551615 1 1 0 0 0 0 4612 1 1073775864 0 0 0 -1 1 0 0 0 0 0 0 0 0 0 0 0 0 0
695 6150 (LogRetentionJob) S 333 333 0 0 -1 1077936192 14 456904 4 221 0 0 1242 2245 20 0 310 0 224825959 2234781696 33940 18446744073709551615 1 1 0 0 0 0 4612 1 1073775864 0 0 0 -1 1 0 0 0 0 0 0 0 0 0 0 0 0 0
695 6304 (Binder:695_12) S 333 333 0 0 -1 1077936448 126104 456904 5713 221 14328 6454 1242 2245 20 0 310 0 14215 2234781696 33940 18446744073709551615 1 1 0 0 0 0 4612 1 1073775864 0 0 0 -1 3 0 0 0 0 0 0 0 0 0 0 0 0 0
695 6513 (LogRetentionJob) S 333 333 0 0 -1 1077936192 9 456904 0 221 0 0 1242 2245 20 0 310 0 173014960 2234781696 33940 18446744073709551615 1 1 0 0 0 0 4612 1 1073775864 0 0 0 -1 3 0 0 0 0 0 0 0 0 0 0 0 0 0
695 6541 (Binder:695_13) S 333 333 0 0 -1 1077936448 124212 456904 7110 221 13564 6076 1242 2245 20 0 310 0 15162 2234781696 33940 18446744073709551615 1 1 0 0 0 0 4612 1 1073775864 0 0 0 -1 0 0 0 0 0 0 0 0 0 0 0 0 0 0
695 6632 (Binder:695_14) S 333 333 0 0 -1 1077936448 158067 456904 6420 221 17419 8004 1242 2245 20 0 310 0 15411 2234781696 33940 18446744073709551615 1 1 0 0 0 0 4612 1 1073775864 0 0 0 -1 0 0 0 0 0 0 0 0 0 0 0 0 0 0
695 6785 (Binder:695_15) S 333 333 0 0 -1 1077936448 141589 456904 4997 221 16084 7029 1242 2245 20 0 310 0 15816 2234781696 33940 18446744073709551615 1 1 0 0 0 0 4612 1 1073775864 0 0 0 -1 3 0 0 0 0 0 0 0 0 0 0 0 0 0
695 695 (Binder:695_3) S 333 333 0 0 -1 1077936448 2788960 456904 44586 221 83002 20486 1242 2245 18 -2 310 0 1304 2234781696 33940 18446744073709551615 1 1 0 0 0 0 4612 1 1073775864 0 0 0 17 3 0 0 0 0 0 0 0 0 0 0 0 0 0
695 701 (Signal Catcher) S 333 333 0 0 -1 1077936192 46 456904 0 221 0 0 1242 2245 0 -20 310 0 1306 2234781696 33940 18446744073709551615 1 1 0 0 0 0 4096 1 1073775864 0 0 0 -1 1 0 0 0 0 0 0 0 0 0 0 0 0 0
695 702 (perfetto_hprof_) S 333 333 0 0 -1 4194368 5 456904 0 221 0 0 1242 2245 0 -20 310 0 1306 2234781696 33940 18446744073709551615 1 1 0 0 0 0 4612 1 1073775864 0 0 0 -1 1 0 0 0 0 0 0 0 0 0 0 0 0 0
695 703 (Jit thread pool) S 333 333 0 0 -1 1077936192 62489 456904 2532 221 387 140 1242 2245 20 0 310 0 1307 2234781696 33940 18446744073709551615 1 1 0 0 0 0 4612 1 1073775864 0 0 0 -1 1 0 0 0 0 0 0 0 0 0 0 0 0 0
695 704 (HeapTaskDaemon) S 333 333 0 0 -1 1077936192 3066621 456904 162995 221 106997 8530 1242 2245 24 4 310 0 1307 2234781696 33940 18446744073709551615 1 1 0 0 0 0 4612 1 1073775864 0 0 0 -1 3 0 0 0 0 0 0 0 0 0 0 0 0 0
695 705 (ReferenceQueueD) S 333 333 0 0 -1 1077936192 2895 456904 2673 221 2091 522 1242 2245 24 4 310 0 1307 2234781696 33940 18446744073709551615 1 1 0 0 0 0 4612 1 1073775864 0 0 0 -1 3 0 0 0 0 0 0 0 0 0 0 0 0 0
695 706 (FinalizerDaemon) S 333 333 0 0 -1 1077936192 7482 456904 1991 221 781 311 1242 2245 24 4 310 0 1307 2234781696 33940 18446744073709551615 1 1 0 0 0 0 4612 1 1073775864 0 0 0 -1 3 0 0 0 0 0 0 0 0 0 0 0 0 0
695 707 (FinalizerWatchd) S 333 333 0 0 -1 1077936192 48 456904 21 221 48 34 1242 2245 24 4 310 0 1307 2234781696 33940 18446744073709551615 1 1 0 0 0 0 4612 1 1073775864 0 0 0 -1 3 0 0 0 0 0 0 0 0 0 0 0 0 0
695 7145 (Timer-43) S 333 333 0 0 -1 1077936192 4 456904 2 221 0 0 1242 2245 20 0 310 0 267852421 2234781696 33940 18446744073709551615 1 1 0 0 0 0 4612 1 1073775864 0 0 0 -1 3 0 0 0 0 0 0 0 0 0 0 0 0 0
695 7260 (AmazonFingerPri) S 333 333 0 0 -1 1077936192 6 456904 1 221 0 0 1242 2245 30 10 310 0 34927250 2234781696 33940 18446744073709551615 1 1 0 0 0 0 4612 1 1073775864 0 0 0 -1 1 0 0 0 0 0 0 0 0 0 0 0 0 0
695 729 (Binder:695_1) S 333 333 0 0 -1 1077936448 137887 456904 4398 221 16604 7193 1242 2245 20 0 310 0 1538 2234781696 33940 18446744073709551615 1 1 0 0 0 0 4612 1 1073775864 0 0 0 -1 2 0 0 0 0 0 0 0 0 0 0 0 0 0
695 730 (Binder:695_2) S 333 333 0 0 -1 1077936448 103056 456904 4559 221 12608 5742 1242 2245 20 0 310 0 1538 2234781696 33940 18446744073709551615 1 1 0 0 0 0 4612 1 1073775864 0 0 0 -1 2 0 0 0 0 0 0 0 0 0 0 0 0 0
695 731 (android.fg) S 333 333 0 0 -1 1077936448 968634 456904 3541 221 24839 18348 1242 2245 20 0 310 0 1579 2234781696 33940 18446744073709551615 1 1 0 0 0 0 4612 1 1073775864 0 0 0 -1 1 0 0 0 0 0 0 0 0 0 0 0 0 0
695 732 (android.ui) S 333 333 0 0 -1 1077936448 11931 456904 2336 221 7175 5700 1242 2245 18 -2 310 0 1579 2234781696 33940 18446744073709551615 1 1 0 0 0 0 4612 1 1073775864 0 0 0 -1 2 0 0 0 0 0 0 0 0 0 0 0 0 0
695 733 (android.io) S 333 333 0 0 -1 1077936192 350541 456904 1174 221 6534 3601 1242 2245 20 0 310 0 1579 2234781696 33940 18446744073709551615 1 1 0 0 0 0 4612 1 1073775864 0 0 0 -1 3 0 0 0 0 0 0 0 0 0 0 0 0 0
695 734 (android.display) S 333 333 0 0 -1 1077936448 41746 456904 6956 221 1538 764 1242 2245 17 -3 310 0 1579 2234781696 33940 18446744073709551615 1 1 0 0 0 0 4612 1 1073775864 0 0 0 -1 0 0 0 0 0 0 0 0 0 0 0 0 0 0
695 735 (android.anim) S 333 333 0 0 -1 1077936192 1586920 456904 13704 221 3427 1702 1242 2245 16 -4 310 0 1579 2234781696 33940 18446744073709551615 1 1 0 0 0 0 4612 1 1073775864 0 0 0 -1 2 0 0 0 0 0 0 0 0 0 0 0 0 0
695 736 (android.anim.lf) S 333 333 0 0 -1 1077936192 1098 456904 753 221 346 258 1242 2245 16 -4 310 0 1579 2234781696 33940 18446744073709551615 1 1 0 0 0 0 4612 1 1073775864 0 0 0 -1 2 0 0 0 0 0 0 0 0 0 0 0 0 0
695 737 (watchdog) S 333 333 0 0 -1 1077936192 8489 456904 172 221 1560 1070 1242 2245 20 0 310 0 1579 2234781696 33940 18446744073709551615 1 1 0 0 0 0 4612 1 1073775864 0 0 0 -1 3 0 0 0 0 0 0 0 0 0 0 0 0 0
695 739 (PackageRecency ) S 333 333 0 0 -1 1077936192 397 456904 149 221 16 9 1242 2245 30 10 310 0 1585 2234781696 33940 18446744073709551615 1 1 0 0 0 0 4612 1 1073775864 0 0 0 -1 1 0 0 0 0 0 0 0 0 0 0 0 0 0
695 740 (android.bg) S 333 333 0 0 -1 1077936448 1057802 456904 32412 221 25571 75072 1242 2245 30 10 310 0 1586 2234781696 33940 18446744073709551615 1 1 0 0 0 0 4612 1 1073775864 0 0 0 -1 2 0 0 0 0 0 0 0 0 0 0 0 0 0
695 741 (ActivityManager) S 333 333 0 0 -1 1077936448 132314 456904 8976 221 14439 33030 1242 2245 18 -2 310 0 1587 2234781696 33940 18446744073709551615 1 1 0 0 0 0 4612 1 1073775864 0 0 0 -1 1 0 0 0 0 0 0 0 0 0 0 0 0 0
695 742 (ActivityManager) S 333 333 0 0 -1 1077936448 53909 456904 1021 221 961 606 1242 2245 18 -2 310 0 1587 2234781696 33940 18446744073709551615 1 1 0 0 0 0 4612 1 1073775864 0 0 0 -1 1 0 0 0 0 0 0 0 0 0 0 0 0 0
695 743 (ActivityManager) S 333 333 0 0 -1 1077936448 4369 456904 2146 221 325 1214 1242 2245 30 10 310 0 1601 2234781696 33940 18446744073709551615 1 1 0 0 0 0 4612 1 1073775864 0 0 0 -1 3 0 0 0 0 0 0 0 0 0 0 0 0 0
695 744 (ActivityManager) S 333 333 0 0 -1 1077936192 3861 456904 1659 221 211 226 1242 2245 30 10 310 0 1601 2234781696 33940 18446744073709551615 1 1 0 0 0 0 4612 1 1073775864 0 0 0 -1 0 0 0 0 0 0 0 0 0 0 0 0 0 0
695 745 (Thread-2) S 333 333 0 0 -1 1077936192 146 456904 290 221 3 199 1242 2245 20 0 310 0 1601 2234781696 33940 18446744073709551615 1 1 0 0 0 0 4612 1 1073775864 0 0 0 -1 1 0 0 0 0 0 0 0 0 0 0 0 0 0
695 746 (OomAdjuster) S 333 333 0 0 -1 1077936448 5200 456904 202 221 8705 35121 1242 2245 10 -10 310 0 1601 2234781696 33940 18446744073709551615 1 1 0 0 0 0 4612 1 1073775864 0 0 0 -1 2 0 0 0 0 0 0 0 0 0 0 0 0 0
695 747 (batterystats-wo) S 333 333 0 0 -1 1077936192 348532 456904 5973 221 4093 3579 1242 2245 20 0 310 0 1604 2234781696 33940 18446744073709551615 1 1 0 0 0 0 4612 1 1073775864 0 0 0 -1 0 0 0 0 0 0 0 0 0 0 0 0 0 0
695 748 (FileObserver) S 333 333 0 0 -1 4194368 83 456904 26 221 0 1 1242 2245 20 0 310 0 1626 2234781696 33940 18446744073709551615 1 1 0 0 0 0 4612 1 1073775864 0 0 0 -1 0 0 0 0 0 0 0 0 0 0 0 0 0 0
695 749 (CpuTracker) S 333 333 0 0 -1 1077936448 7749 456904 417 221 3005 12432 1242 2245 20 0 310 0 1628 2234781696 33940 18446744073709551615 1 1 0 0 0 0 4612 1 1073775864 0 0 0 -1 2 0 0 0 0 0 0 0 0 0 0 0 0 0
695 750 (Thread-3) S 333 333 0 0 -1 1077936192 8 456904 0 221 0 0 1242 2245 18 -2 310 0 1629 2234781696 33940 18446744073709551615 1 1 0 0 0 0 4612 1 1073775864 0 0 0 -1 2 0 0 0 0 0 0 0 0 0 0 0 0 0
695 751 (Thread-4) S 333 333 0 0 -1 1077936192 6 456904 0 221 0 0 1242 2245 18 -2 310 0 1629 2234781696 33940 18446744073709551615 1 1 0 0 0 0 4612 1 1073775864 0 0 0 -1 1 0 0 0 0 0 0 0 0 0 0 0 0 0
695 752 (Thread-5) S 333 333 0 0 -1 1077936192 279 456904 194 221 6077 20537 1242 2245 18 -2 310 0 1629 2234781696 33940 18446744073709551615 1 1 0 0 0 0 4612 1 1073775864 0 0 0 -1 1 0 0 0 0 0 0 0 0 0 0 0 0 0
695 753 (AmazonPowerMana) S 333 333 0 0 -1 1077936192 1188 456904 268 221 101 35 1242 2245 25 5 310 0 1630 2234781696 33940 18446744073709551615 1 1 0 0 0 0 4612 1 1073775864 0 0 0 -1 2 0 0 0 0 0 0 0 0 0 0 0 0 0
695 754 (SuspendToRamVen) S 333 333 0 0 -1 1077936192 46 456904 22 221 0 0 1242 2245 25 5 310 0 1630 2234781696 33940 18446744073709551615 1 1 0 0 0 0 4612 1 1073775864 0 0 0 -1 3 0 0 0 0 0 0 0 0 0 0 0 0 0
695 755 (HomeLauncherCal) S 333 333 0 0 -1 1077936448 208 456904 53 221 8 8 1242 2245 25 5 310 0 1630 2234781696 33940 18446744073709551615 1 1 0 0 0 0 4612 1 1073775864 0 0 0 -1 0 0 0 0 0 0 0 0 0 0 0 0 0 0
695 756 (PowerManagerSer) S 333 333 0 0 -1 1077936448 8824 456904 1298 221 2268 2021 1242 2245 10 -10 310 0 1630 2234781696 33940 18446744073709551615 1 1 0 0 0 0 4612 1 1073775864 0 0 0 -1 3 0 0 0 0 0 0 0 0 0 0 0 0 0
695 757 (HwBinder:695_1) S 333 333 0 0 -1 1077936192 3865 456904 365 221 327 102 1242 2245 20 0 310 0 1631 2234781696 33940 18446744073709551615 1 1 0 0 0 0 4612 1 1073775864 0 0 0 -1 3 0 0 0 0 0 0 0 0 0 0 0 0 0
695 758 (BatteryStats_wa) S 333 333 0 0 -1 1077936192 6 456904 0 221 0 0 1242 2245 18 -2 310 0 1631 2234781696 33940 18446744073709551615 1 1 0 0 0 0 4612 1 1073775864 0 0 0 -1 2 0 0 0 0 0 0 0 0 0 0 0 0 0
695 760 (PackageManager) S 333 333 0 0 -1 1077936192 6 456904 0 221 0 0 1242 2245 30 10 310 0 1639 2234781696 33940 18446744073709551615 1 1 0 0 0 0 4612 1 1073775864 0 0 0 -1 1 0 0 0 0 0 0 0 0 0 0 0 0 0
695 761 (PackageManager) S 333 333 0 0 -1 1077936448 439592 456904 8421 221 13695 4624 1242 2245 30 10 310 0 1652 2234781696 33940 18446744073709551615 1 1 0 0 0 0 4612 1 1073775864 0 0 0 -1 0 0 0 0 0 0 0 0 0 0 0 0 0 0
695 772 (PackageInstalle) S 333 333 0 0 -1 1077936192 179965 456904 4175 221 3244 838 1242 2245 20 0 310 0 2983 2234781696 33940 18446744073709551615 1 1 0 0 0 0 4612 1 1073775864 0 0 0 -1 1 0 0 0 0 0 0 0 0 0 0 0 0 0
695 7739 (Binder:695_16) S 333 333 0 0 -1 1077936448 147416 456904 5721 221 16928 7340 1242 2245 20 0 310 0 18295 2234781696 33940 18446744073709551615 1 1 0 0 0 0 4612 1 1073775864 0 0 0 -1 3 0 0 0 0 0 0 0 0 0 0 0 0 0
695 775 (HealthServiceHw) S 333 333 0 0 -1 1077936192 6 456904 0 221 0 0 1242 2245 20 0 310 0 3058 2234781696 33940 18446744073709551615 1 1 0 0 0 0 4612 1 1073775864 0 0 0 -1 0 0 0 0 0 0 0 0 0 0 0 0 0 0
695 778 (RollbackPackage) S 333 333 0 0 -1 1077936192 9 456904 0 221 0 0 1242 2245 20 0 310 0 3060 2234781696 33940 18446744073709551615 1 1 0 0 0 0 4612 1 1073775864 0 0 0 -1 1 0 0 0 0 0 0 0 0 0 0 0 0 0
695 779 (RollbackManager) S 333 333 0 0 -1 1077936192 1649 456904 327 221 66 43 1242 2245 20 0 310 0 3061 2234781696 33940 18446744073709551615 1 1 0 0 0 0 4612 1 1073775864 0 0 0 -1 0 0 0 0 0 0 0 0 0 0 0 0 0 0
695 7793 (LogRetentionJob) S 333 333 0 0 -1 1077936192 10 456904 1 221 0 0 1242 2245 20 0 310 0 95242888 2234781696 33940 18446744073709551615 1 1 0 0 0 0 4612 1 1073775864 0 0 0 -1 0 0 0 0 0 0 0 0 0 0 0 0 0 0
695 781 (AccountManagerS) S 333 333 0 0 -1 1077936192 2597 456904 1093 221 79 35 1242 2245 18 -2 310 0 3064 2234781696 33940 18446744073709551615 1 1 0 0 0 0 4612 1 1073775864 0 0 0 -1 2 0 0 0 0 0 0 0 0 0 0 0 0 0
695 782 (SettingsProvide) S 333 333 0 0 -1 1077936192 11689 456904 1158 221 604 236 1242 2245 30 10 310 0 3067 2234781696 33940 18446744073709551615 1 1 0 0 0 0 4612 1 1073775864 0 0 0 -1 0 0 0 0 0 0 0 0 0 0 0 0 0 0
695 787 (AlarmManager) S 333 333 0 0 -1 1077936448 20573 456904 881 221 1724 1488 1242 2245 20 0 310 0 3142 2234781696 33940 18446744073709551615 1 1 0 0 0 0 4612 1 1073775864 0 0 0 -1 2 0 0 0 0 0 0 0 0 0 0 0 0 0
695 789 (AmazonAccMgrCal) S 333 333 0 0 -1 1077936192 5 456904 0 221 0 0 1242 2245 30 10 310 0 3150 2234781696 33940 18446744073709551615 1 1 0 0 0 0 4612 1 1073775864 0 0 0 -1 1 0 0 0 0 0 0 0 0 0 0 0 0 0
695 790 (MagnifierSettin) S 333 333 0 0 -1 1077936192 5 456904 0 221 0 0 1242 2245 20 0 310 0 3152 2234781696 33940 18446744073709551615 1 1 0 0 0 0 4612 1 1073775864 0 0 0 -1 2 0 0 0 0 0 0 0 0 0 0 0 0 0
695 792 (CustomAppLaunch) S 333 333 0 0 -1 1077936192 4 456904 0 221 0 0 1242 2245 25 5 310 0 3155 2234781696 33940 18446744073709551615 1 1 0 0 0 0 4612 1 1073775864 0 0 0 -1 2 0 0 0 0 0 0 0 0 0 0 0 0 0
695 793 (UEventObserver) S 333 333 0 0 -1 4194624 730 456904 284 221 30 34 1242 2245 20 0 310 0 3156 2234781696 33940 18446744073709551615 1 1 0 0 0 0 4612 1 1073775864 0 0 0 -1 1 0 0 0 0 0 0 0 0 0 0 0 0 0
695 794 (AmazonWindowMet) S 333 333 0 0 -1 1077936192 6876 456904 1020 221 131 46 1242 2245 20 0 310 0 3157 2234781696 33940 18446744073709551615 1 1 0 0 0 0 4612 1 1073775864 0 0 0 -1 2 0 0 0 0 0 0 0 0 0 0 0 0 0
695 795 (ArcusConfig) S 333 333 0 0 -1 1077936192 151 456904 102 221 2 2 1242 2245 20 0 310 0 3157 2234781696 33940 18446744073709551615 1 1 0 0 0 0 4612 1 1073775864 0 0 0 -1 1 0 0 0 0 0 0 0 0 0 0 0 0 0
695 796 (PipUpdateHandle) S 333 333 0 0 -1 1077936192 5 456904 0 221 0 0 1242 2245 20 0 310 0 3157 2234781696 33940 18446744073709551615 1 1 0 0 0 0 4612 1 1073775864 0 0 0 -1 2 0 0 0 0 0 0 0 0 0 0 0 0 0
695 797 (InputDispatcher) S 333 333 0 0 -1 1077936192 3759 456904 1968 221 486 1151 1242 2245 12 -8 310 0 3157 2234781696 33940 18446744073709551615 1 1 0 0 0 0 4612 1 1073775864 0 0 0 -1 3 0 0 0 0 0 0 0 0 0 0 0 0 0
695 798 (InputReader) S 333 333 0 0 -1 1077936448 10724 456904 1799 221 567 1247 1242 2245 12 -8 310 0 3157 2234781696 33940 18446744073709551615 1 1 0 0 0 0 4612 1 1073775864 0 0 0 -1 3 0 0 0 0 0 0 0 0 0 0 0 0 0
695 800 (NetworkWatchlis) S 333 333 0 0 -1 1077936192 76839 456904 1164 221 2445 1329 1242 2245 30 10 310 0 3160 2234781696 33940 18446744073709551615 1 1 0 0 0 0 4612 1 1073775864 0 0 0 -1 2 0 0 0 0 0 0 0 0 0 0 0 0 0
695 801 (AppIntegrityMan) S 333 333 0 0 -1 1077936448 30320 456904 4510 221 404 212 1242 2245 20 0 310 0 3160 2234781696 33940 18446744073709551615 1 1 0 0 0 0 4612 1 1073775864 0 0 0 -1 1 0 0 0 0 0 0 0 0 0 0 0 0 0
695 802 (StorageManagerS) S 333 333 0 0 -1 1077936192 1310 456904 159 221 17 13 1242 2245 20 0 310 0 3165 2234781696 33940 18446744073709551615 1 1 0 0 0 0 4612 1 1073775864 0 0 0 -1 2 0 0 0 0 0 0 0 0 0 0 0 0 0
695 8454 (AmazonFingerPri) S 333 333 0 0 -1 1077936192 6 456904 6 221 0 1 1242 2245 30 10 310 0 225006254 2234781696 33940 18446744073709551615 1 1 0 0 0 0 4612 1 1073775864 0 0 0 -1 3 0 0 0 0 0 0 0 0 0 0 0 0 0
695 8880 (Binder:695_17) S 333 333 0 0 -1 1077936448 182366 456904 6036 221 20257 9076 1242 2245 20 0 310 0 20691 2234781696 33940 18446744073709551615 1 1 0 0 0 0 4612 1 1073775864 0 0 0 -1 2 0 0 0 0 0 0 0 0 0 0 0 0 0
695 8961 (AmazonFingerPri) S 333 333 0 0 -1 1077936192 5 456904 0 221 0 0 1242 2245 30 10 310 0 173172283 2234781696 33940 18446744073709551615 1 1 0 0 0 0 4612 1 1073775864 0 0 0 -1 0 0 0 0 0 0 0 0 0 0 0 0 0 0
695 9268 (AudioTrack) S 333 333 0 0 -1 1077936192 8 456904 3 221 0 0 1242 2245 4 -16 310 0 200357252 2234781696 33940 18446744073709551615 1 1 0 0 0 0 4612 1 1073775864 0 0 0 -1 2 0 0 0 0 0 0 0 0 0 0 0 0 0
695 9484 (Binder:695_18) S 333 333 0 0 -1 1077936448 186004 456904 7416 221 22419 10065 1242 2245 20 0 310 0 21846 2234781696 33940 18446744073709551615 1 1 0 0 0 4096 4612 1 1073775864 0 0 0 -1 0 0 0 0 0 0 0 0 0 0 0 0 0 0
695 970 (LockSettingsSer) S 333 333 0 0 -1 1077936192 9 456904 0 221 0 0 1242 2245 30 10 310 0 5587 2234781696 33940 18446744073709551615 1 1 0 0 0 0 4612 1 1073775864 0 0 0 -1 0 0 0 0 0 0 0 0 0 0 0 0 0 0
695 973 (NetworkStats) S 333 333 0 0 -1 1077936448 10223107 456904 7624 221 634565 19723 1242 2245 20 0 310 0 5614 2234781696 33940 18446744073709551615 1 1 0 0 0 0 4612 1 1073775864 0 0 0 -1 0 0 0 0 0 0 0 0 0 0 0 0 0 0
695 974 (NetworkPolicy) S 333 333 0 0 -1 1077936192 2915606 456904 761 221 30430 6176 1242 2245 20 0 310 0 5615 2234781696 33940 18446744073709551615 1 1 0 0 0 0 4612 1 1073775864 0 0 0 -1 2 0 0 0 0 0 0 0 0 0 0 0 0 0
695 975 (tworkPolicy.uid) S 333 333 0 0 -1 1077936192 58753 456904 696 221 711 709 1242 2245 18 -2 310 0 5615 2234781696 33940 18446744073709551615 1 1 0 0 0 0 4612 1 1073775864 0 0 0 -1 3 0 0 0 0 0 0 0 0 0 0 0 0 0
695 976 (AsyncChannelHan) S 333 333 0 0 -1 1077936192 6 456904 0 221 0 0 1242 2245 20 0 310 0 5619 2234781696 33940 18446744073709551615 1 1 0 0 0 0 4612 1 1073775864 0 0 0 -1 1 0 0 0 0 0 0 0 0 0 0 0 0 0
695 977 (WifiHandlerThre) S 333 333 0 0 -1 1077936448 2266666 456904 14544 221 63008 21939 1242 2245 20 0 310 0 5619 2234781696 33940 18446744073709551615 1 1 0 0 0 0 4612 1 1073775864 0 0 0 -1 2 0 0 0 0 0 0 0 0 0 0 0 0 0
695 978 (WifiP2pService) S 333 333 0 0 -1 1077936192 1492 456904 493 221 22 23 1242 2245 20 0 310 0 5619 2234781696 33940 18446744073709551615 1 1 0 0 0 0 4612 1 1073775864 0 0 0 -1 2 0 0 0 0 0 0 0 0 0 0 0 0 0
695 979 (PasspointProvis) S 333 333 0 0 -1 1077936192 86 456904 2 221 4 1 1242 2245 20 0 310 0 5619 2234781696 33940 18446744073709551615 1 1 0 0 0 0 4612 1 1073775864 0 0 0 -1 1 0 0 0 0 0 0 0 0 0 0 0 0 0
695 980 (WifiScanningSer) S 333 333 0 0 -1 1077936448 2681 456904 63 221 78 9 1242 2245 20 0 310 0 5643 2234781696 33940 18446744073709551615 1 1 0 0 0 0 4612 1 1073775864 0 0 0 -1 2 0 0 0 0 0 0 0 0 0 0 0 0 0
695 981 (ConnectivitySer) S 333 333 0 0 -1 1077936192 1223269 456904 2972 221 65005 2945 1242 2245 20 0 310 0 5649 2234781696 33940 18446744073709551615 1 1 0 0 0 0 4612 1 1073775864 0 0 0 -1 3 0 0 0 0 0 0 0 0 0 0 0 0 0
695 9814 (AmazonFingerPri) S 333 333 0 0 -1 1077936192 6 456904 0 221 0 0 1242 2245 30 10 310 0 95407880 2234781696 33940 18446744073709551615 1 1 0 0 0 0 4612 1 1073775864 0 0 0 -1 0 0 0 0 0 0 0 0 0 0 0 0 0 0
695 982 (roid.pacmanager) S 333 333 0 0 -1 1077936192 5 456904 0 221 0 0 1242 2245 20 0 310 0 5649 2234781696 33940 18446744073709551615 1 1 0 0 0 0 4612 1 1073775864 0 0 0 -1 1 0 0 0 0 0 0 0 0 0 0 0 0 0
695 983 (NsdService) S 333 333 0 0 -1 1077936192 6 456904 0 221 0 0 1242 2245 20 0 310 0 5651 2234781696 33940 18446744073709551615 1 1 0 0 0 0 4612 1 1073775864 0 0 0 -1 3 0 0 0 0 0 0 0 0 0 0 0 0 0
695 984 (mDnsConnector) S 333 333 0 0 -1 1077936192 6 456904 0 221 0 0 1242 2245 20 0 310 0 5652 2234781696 33940 18446744073709551615 1 1 0 0 0 0 4612 1 1073775864 0 0 0 -1 0 0 0 0 0 0 0 0 0 0 0 0 0 0
695 985 (ranker) S 333 333 0 0 -1 1077936192 106490 456904 346 221 940 169 1242 2245 30 10 310 0 5655 2234781696 33940 18446744073709551615 1 1 0 0 0 0 4612 1 1073775864 0 0 0 -1 2 0 0 0 0 0 0 0 0 0 0 0 0 0
695 986 (notification-sq) S 333 333 0 0 -1 1077936192 7103 456904 4640 221 374 1337 1242 2245 30 10 310 0 5655 2234781696 33940 18446744073709551615 1 1 0 0 0 0 4612 1 1073775864 0 0 0 -1 1 0 0 0 0 0 0 0 0 0 0 0 0 0
695 987 (onProviders.ECP) S 333 333 0 0 -1 1077936448 106 456904 42 221 4 7 1242 2245 30 10 310 0 5655 2234781696 33940 18446744073709551615 1 1 0 0 0 0 4612 1 1073775864 0 0 0 -1 2 0 0 0 0 0 0 0 0 0 0 0 0 0
695 988 (DeviceStorageMo) S 333 333 0 0 -1 1077936192 21056 456904 747 221 3294 3619 1242 2245 30 10 310 0 5658 2234781696 33940 18446744073709551615 1 1 0 0 0 0 4612 1 1073775864 0 0 0 -1 0 0 0 0 0 0 0 0 0 0 0 0 0 0
695 989 (AS.SfxWorker) S 333 333 0 0 -1 1077936192 554 456904 150 221 36 43 1242 2245 20 0 310 0 5659 2234781696 33940 18446744073709551615 1 1 0 0 0 0 4612 1 1073775864 0 0 0 -1 2 0 0 0 0 0 0 0 0 0 0 0 0 0
695 990 (AudioService) S 333 333 0 0 -1 1077936192 684 456904 301 221 20 18 1242 2245 20 0 310 0 5660 2234781696 33940 18446744073709551615 1 1 0 0 0 0 4612 1 1073775864 0 0 0 -1 0 0 0 0 0 0 0 0 0 0 0 0 0 0
695 991 (AudioDeviceBrok) S 333 333 0 0 -1 1077936192 350 456904 236 221 14 9 1242 2245 20 0 310 0 5662 2234781696 33940 18446744073709551615 1 1 0 0 0 0 4612 1 1073775864 0 0 0 -1 3 0 0 0 0 0 0 0 0 0 0 0 0 0
695 992 (Thread-8) S 333 333 0 0 -1 1077936192 8 456904 0 221 0 0 1242 2245 20 0 310 0 5673 2234781696 33940 18446744073709551615 1 1 0 0 0 0 4612 1 1073775864 0 0 0 -1 0 0 0 0 0 0 0 0 0 0 0 0 0 0
695 994 (HwBinder:695_2) S 333 333 0 0 -1 1077936192 3072 456904 275 221 267 83 1242 2245 20 0 310 0 5676 2234781696 33940 18446744073709551615 1 1 0 0 0 0 4612 1 1073775864 0 0 0 -1 2 0 0 0 0 0 0 0 0 0 0 0 0 0
695 995 (HwBinder:695_3) S 333 333 0 0 -1 1077936192 4087 456904 375 221 331 100 1242 2245 20 0 310 0 5676 2234781696 33940 18446744073709551615 1 1 0 0 0 0 4612 1 1073775864 0 0 0 -1 2 0 0 0 0 0 0 0 0 0 0 0 0 0
695 9959 (Binder:695_19) S 333 333 0 0 -1 1077936448 171819 456904 6385 221 19592 8552 1242 2245 20 0 310 0 22768 2234781696 33940 18446744073709551615 1 1 0 0 0 0 4612 1 1073775864 0 0 0 -1 3 0 0 0 0 0 0 0 0 0 0 0 0 0
695 997 (ConnectivityThr) S 333 333 0 0 -1 1077936192 14080 456904 313 221 247 98 1242 2245 20 0 310 0 5677 2234781696 33940 18446744073709551615 1 1 0 0 0 0 4612 1 1073775864 0 0 0 -1 3 0 0 0 0 0 0 0 0 0 0 0 0 0
695 999 (backup) S 333 333 0 0 -1 1077936192 9 456904 0 221 0 0 1242 2245 30 10 310 0 5678 2234781696 33940 18446744073709551615 1 1 0 0 0 0 4612 1 1073775864 0 0 0 -1 3 0 0 0 0 0 0 0 0 0 0 0 0 0
421 12715 (Binder:421_B) S 1 421 0 0 -1 1077936192 1393 0 1085 0 1090 1247 0 0 20 0 27 0 56183809 83521536 1333 18446744073709551615 1 1 0 0 0 0 0 4096 1073775864 0 0 0 -1 0 0 0 0 0 0 0 0 0 0 0 0 0 0
421 13139 (Binder:421_8) S 1 421 0 0 -1 1077936192 1650 0 1503 0 1193 1443 0 0 20 0 27 0 170936 83521536 1333 18446744073709551615 1 1 0 0 0 0 0 4096 1073775864 0 0 0 -1 0 0 0 0 0 0 0 0 0 0 0 0 0 0
421 1497 (Binder:421_4) S 1 421 0 0 -1 1077936192 1341 0 1614 0 1036 1265 0 0 20 0 27 0 5982 83521536 1333 18446744073709551615 1 1 0 0 0 0 0 4096 1073775864 0 0 0 -1 0 0 0 0 0 0 0 0 0 0 0 0 0 0
421 1755 (Binder:421_5) S 1 421 0 0 -1 1077936192 1179 0 1656 0 925 1105 0 0 20 0 27 0 6211 83521536 1333 18446744073709551615 1 1 0 0 0 0 0 4096 1073775864 0 0 0 -1 0 0 0 0 0 0 0 0 0 0 0 0 0 0
421 20227 (Binder:421_9) S 1 421 0 0 -1 1077936192 997 0 1185 0 1086 1312 0 0 20 0 27 0 3538829 83521536 1333 18446744073709551615 1 1 0 0 0 0 0 4096 1073775864 0 0 0 -1 0 0 0 0 0 0 0 0 0 0 0 0 0 0
421 2098 (Binder:421_E) S 1 421 0 0 -1 1077936192 1108 0 1285 0 1031 1270 0 0 20 0 27 0 222558174 83521536 1333 18446744073709551615 1 1 0 0 0 0 0 4096 1073775864 0 0 0 -1 0 0 0 0 0 0 0 0 0 0 0 0 0 0
421 2176 (Binder:421_F) S 1 421 0 0 -1 1077936192 1474 0 1709 0 1026 1203 0 0 20 0 27 0 222560643 83521536 1333 18446744073709551615 1 1 0 0 0 0 0 4096 1073775864 0 0 0 -1 3 0 0 0 0 0 0 0 0 0 0 0 0 0
421 22281 (Binder:421_A) S 1 421 0 0 -1 1077936192 1363 0 1696 0 967 1184 0 0 20 0 27 0 12975899 83521536 1333 18446744073709551615 1 1 0 0 0 0 0 4096 1073775864 0 0 0 -1 0 0 0 0 0 0 0 0 0 0 0 0 0 0
421 2304 (Binder:421_10) S 1 421 0 0 -1 1077936192 1036 0 1302 0 1144 1327 0 0 20 0 27 0 222563395 83521536 1333 18446744073709551615 1 1 0 0 0 0 0 4096 1073775864 0 0 0 -1 2 0 0 0 0 0 0 0 0 0 0 0 0 0
421 2961 (Binder:421_C) S 1 421 0 0 -1 1077936192 950 0 1463 0 796 962 0 0 20 0 27 0 64815230 83521536 1333 18446744073709551615 1 1 0 0 0 0 0 4096 1073775864 0 0 0 -1 0 0 0 0 0 0 0 0 0 0 0 0 0 0
421 30043 (HwBinder:421_3) S 1 421 0 0 -1 1077936192 12 0 11 0 0 0 0 0 20 0 27 0 253212263 83521536 1333 18446744073709551615 1 1 0 0 0 0 0 4096 1073775864 0 0 0 -1 2 0 0 0 0 0 0 0 0 0 0 0 0 0
421 4158 (Binder:421_6) S 1 421 0 0 -1 1077936192 2078 0 2759 0 1086 1268 0 0 20 0 27 0 8659 83521536 1333 18446744073709551615 1 1 0 0 0 0 0 4096 1073775864 0 0 0 -1 0 0 0 0 0 0 0 0 0 0 0 0 0 0
421 421 (audioserver) S 1 421 0 0 -1 1077936384 4940 0 1899 0 1023 1215 0 0 20 0 27 0 859 83521536 1333 18446744073709551615 1 1 0 0 0 0 0 4096 1073775864 0 0 0 17 2 0 0 0 0 0 0 0 0 0 0 0 0 0
421 465 (DeviceEffectMan) S 1 421 0 0 -1 1077936192 40 0 67 0 0 0 0 0 4 -16 27 0 888 83521536 1333 18446744073709551615 1 1 0 0 0 0 0 4096 1073775864 0 0 0 -1 3 0 0 0 0 0 0 0 0 0 0 0 0 0
421 473 (HwBinder:421_1) S 1 421 0 0 -1 1077936192 10 0 8 0 0 0 0 0 20 0 27 0 894 83521536 1333 18446744073709551615 1 1 0 0 0 0 0 4096 1073775864 0 0 0 -1 3 0 0 0 0 0 0 0 0 0 0 0 0 0
421 474 (HwBinder:421_2) S 1 421 0 0 -1 1077936192 30 0 34 0 0 0 0 0 20 0 27 0 894 83521536 1333 18446744073709551615 1 1 0 0 0 0 0 4096 1073775864 0 0 0 -1 3 0 0 0 0 0 0 0 0 0 0 0 0 0
421 6116 (Binder:421_7) S 1 421 0 0 -1 1077936192 1864 0 2426 0 1074 1275 0 0 20 0 27 0 13799 83521536 1333 18446744073709551615 1 1 0 0 0 0 0 4096 1073775864 0 0 0 -1 0 0 0 0 0 0 0 0 0 0 0 0 0 0
421 626 (ApmAudio) S 1 421 0 0 -1 1077936192 220 0 410 0 8 9 0 0 4 -16 27 0 1188 83521536 1333 18446744073709551615 1 1 0 0 0 0 0 4096 1073775864 0 0 0 -1 1 0 0 0 0 0 0 0 0 0 0 0 0 0
421 627 (ApmOutput) S 1 421 0 0 -1 1077936192 1512 0 668 0 1768 695 0 0 4 -16 27 0 1188 83521536 1333 18446744073709551615 1 1 0 0 0 0 0 4096 1073775864 0 0 0 -1 0 0 0 0 0 0 0 0 0 0 0 0 0 0
421 652 (Binder:421_1) S 1 421 0 0 -1 1077936192 1800 0 1887 0 1034 1192 0 0 20 0 27 0 1212 83521536 1333 18446744073709551615 1 1 0 0 0 0 0 4096 1073775864 0 0 0 -1 3 0 0 0 0 0 0 0 0 0 0 0 0 0
421 653 (Binder:421_2) S 1 421 0 0 -1 1077936192 1319 0 1696 0 1030 1294 0 0 20 0 27 0 1212 83521536 1333 18446744073709551615 1 1 0 0 0 0 0 4096 1073775864 0 0 0 -1 0 0 0 0 0 0 0 0 0 0 0 0 0 0
421 683 (AudioOut_D) S 1 421 0 0 -1 1077936192 162254 0 4551 0 1181983 1368094 0 0 1 -19 27 0 1276 83521536 1333 18446744073709551615 1 1 0 0 0 0 0 4096 1073775864 0 0 0 -1 3 0 0 0 0 0 0 0 0 0 0 0 0 0
421 688 (FastMixer) S 1 421 0 0 -1 1077936192 1 0 0 0 0 0 0 0 -4 -19 27 0 1294 83521536 1333 18446744073709551615 1 1 0 0 0 0 0 4096 1073775864 0 0 0 -1 3 3 1 0 0 0 0 0 0 0 0 0 0 0
421 689 (AudioOut_15) S 1 421 0 0 -1 1077936192 1000 0 1911 0 324 323 0 0 1 -19 27 0 1294 83521536 1333 18446744073709551615 1 1 0 0 0 0 0 4096 1073775864 0 0 0 -1 3 0 0 0 0 0 0 0 0 0 0 0 0 0
421 7056 (Binder:421_D) S 1 421 0 0 -1 1077936192 817 0 725 0 903 1019 0 0 20 0 27 0 200307787 83521536 1333 18446744073709551615 1 1 0 0 0 0 0 4096 1073775864 0 0 0 -1 0 0 0 0 0 0 0 0 0 0 0 0 0 0
421 773 (Binder:421_3) S 1 421 0 0 -1 1077936192 1460 0 1599 0 979 1165 0 0 20 0 27 0 3007 83521536 1333 18446744073709551615 1 1 0 0 0 0 0 4096 1073775864 0 0 0 -1 0 0 0 0 0 0 0 0 0 0 0 0 0 0
421 776 (TimeCheckThread) S 1 421 0 0 -1 1077936192 37 0 42 0 781 2345 0 0 1 -19 27 0 3060 83521536 1333 18446744073709551615 1 1 0 0 0 0 0 4096 1073775864 0 0 0 -1 3 0 0 0 0 0 0 0 0 0 0 0 0 0
388 12955 (HwBinder:388_6) S 1 388 0 0 -1 1077952832 6467 0 832 0 4921 5618 0 0 20 0 14 0 254106422 87240704 674 18446744073709551615 1 1 0 0 0 0 0 0 1073775864 0 0 0 -1 1 0 0 0 0 0 0 0 0 0 0 0 0 0
388 1757 (HwBinder:388_3) S 1 388 0 0 -1 1077936448 13081 0 1118 0 19 18 0 0 20 0 14 0 6213 87240704 674 18446744073709551615 1 1 0 0 0 0 0 0 1073775864 0 0 0 -1 3 0 0 0 0 0 0 0 0 0 0 0 0 0
388 2240 (HwBinder:388_4) S 1 388 0 0 -1 1077952832 26810 0 2274 0 6305 7734 0 0 20 0 14 0 6658 87240704 674 18446744073709551615 1 1 0 0 0 0 0 0 1073775864 0 0 0 -1 3 0 0 0 0 0 0 0 0 0 0 0 0 0
388 388 (audio.service) S 1 388 0 0 -1 1077936384 16344 0 787 0 6062 7043 0 0 20 0 14 0 838 87240704 674 18446744073709551615 1 1 0 0 0 0 0 0 1073775864 0 0 0 17 3 0 0 0 0 0 0 0 0 0 0 0 0 0
388 406 (Binder:388_1) S 1 388 0 0 -1 1077936192 12 0 0 0 0 0 0 0 20 0 14 0 853 87240704 674 18446744073709551615 1 1 0 0 0 0 0 0 1073775864 0 0 0 -1 0 0 0 0 0 0 0 0 0 0 0 0 0 0
388 412 (Binder:388_2) S 1 388 0 0 -1 1077936192 2 0 0 0 0 0 0 0 20 0 14 0 856 87240704 674 18446744073709551615 1 1 0 0 0 0 0 0 1073775864 0 0 0 -1 0 0 0 0 0 0 0 0 0 0 0 0 0 0
388 436 (HwBinder:388_1) S 1 388 0 0 -1 1077936192 18248 0 971 0 2537 3281 0 0 20 0 14 0 869 87240704 674 18446744073709551615 1 1 0 0 0 0 0 0 1073775864 0 0 0 -1 3 0 0 0 0 0 0 0 0 0 0 0 0 0
388 437 (HwBinder:388_2) S 1 388 0 0 -1 1077952832 13506 0 2685 0 2653 3316 0 0 20 0 14 0 869 87240704 674 18446744073709551615 1 1 0 0 0 0 0 0 1073775864 0 0 0 -1 3 0 0 0 0 0 0 0 0 0 0 0 0 0
388 668 (audio.service) S 1 388 0 0 -1 1077936192 0 0 0 0 0 0 0 0 20 0 14 0 1231 87240704 674 18446744073709551615 1 1 0 0 0 0 0 0 1073775864 0 0 0 -1 2 0 0 0 0 0 0 0 0 0 0 0 0 0
388 679 (MS12ConfigThrea) S 1 388 0 0 -1 1077936192 1 0 0 0 0 0 0 0 -3 -19 14 0 1269 87240704 674 18446744073709551615 1 1 0 0 0 0 0 0 1073775864 0 0 0 -1 3 2 1 0 0 0 0 0 0 0 0 0 0 0
388 680 (audio.service) S 1 388 0 0 -1 1077936192 269 0 638 0 1 13 0 0 20 0 14 0 1271 87240704 674 18446744073709551615 1 1 0 0 0 0 0 0 1073775864 0 0 0 -1 1 0 0 0 0 0 0 0 0 0 0 0 0 0
388 687 (MixerThread) S 1 388 0 0 -1 1077936192 1 0 0 0 0 0 0 0 1 -19 14 0 1292 87240704 674 18446744073709551615 1 1 0 0 0 0 0 0 1073775864 0 0 0 -1 3 0 0 0 0 0 0 0 0 0 0 0 0 0
388 783 (writer) S 1 388 0 0 -1 1077936448 1275 0 1164 0 1562577 1333485 0 0 1 -19 14 0 3095 87240704 674 18446744073709551615 1 1 0 0 0 0 0 0 1073775864 0 0 0 -1 3 0 0 0 0 0 0 0 0 0 0 0 0 0
388 9833 (HwBinder:388_5) S 1 388 0 0 -1 1077952832 47572 0 4917 0 6714 8006 0 0 20 0 14 0 22494 87240704 674 18446744073709551615 1 1 0 0 0 0 0 0 1073775864 0 0 0 -1 2 0 0 0 0 0 0 0 0 0 0 0 0 0
10081 10081 (.deathride.perf) S 333 333 0 0 -1 1077936448 11752 0 90 0 253 29 0 0 10 -10 42 0 271620443 1501356032 42878 18446744073709551615 1 1 0 0 0 0 4612 1 1073775864 0 0 0 17 0 0 0 0 0 0 0 0 0 0 0 0 0 0
10081 10091 (Signal Catcher) S 333 333 0 0 -1 1077936192 58 0 0 0 0 0 0 0 12 -8 42 0 271620449 1501270016 42878 18446744073709551615 1 1 0 0 0 0 4096 1 1073775864 0 0 0 -1 0 0 0 0 0 0 0 0 0 0 0 0 0 0
10081 10092 (perfetto_hprof_) S 333 333 0 0 -1 4194368 10 0 0 0 0 0 0 0 0 -20 42 0 271620449 1501270016 42882 18446744073709551615 1 1 0 0 0 0 4612 1 1073775864 0 0 0 -1 0 0 0 0 0 0 0 0 0 0 0 0 0 0
10081 10093 (ADB-JDWP Connec) S 333 333 0 0 -1 4194368 10 0 0 0 0 0 0 0 0 -20 42 0 271620449 1501270016 42882 18446744073709551615 1 1 0 0 0 0 4612 1 1073775864 0 0 0 -1 1 0 0 0 0 0 0 0 0 0 0 0 0 0
10081 10094 (Jit thread pool) S 333 333 0 0 -1 1077936192 56567 0 395 0 327 61 0 0 20 0 42 0 271620450 1501216768 42884 18446744073709551615 1 1 0 0 0 0 4612 1 1073775864 0 0 0 -1 1 0 0 0 0 0 0 0 0 0 0 0 0 0
10081 10095 (HeapTaskDaemon) S 333 333 0 0 -1 1077936192 5460 0 126 0 80 17 0 0 24 4 42 0 271620450 1501229056 42885 18446744073709551615 1 1 0 0 0 0 4612 1 1073775864 0 0 0 -1 0 0 0 0 0 0 0 0 0 0 0 0 0 0
10081 10096 (ReferenceQueueD) S 333 333 0 0 -1 1077936192 9 0 0 0 9 0 0 0 24 4 42 0 271620450 1501245440 42885 18446744073709551615 1 1 0 0 0 0 4612 1 1073775864 0 0 0 -1 3 0 0 0 0 0 0 0 0 0 0 0 0 0
10081 10097 (FinalizerDaemon) S 333 333 0 0 -1 1077936192 48 0 0 0 1 0 0 0 24 4 42 0 271620450 1501302784 42889 18446744073709551615 1 1 0 0 0 0 4612 1 1073775864 0 0 0 -1 3 0 0 0 0 0 0 0 0 0 0 0 0 0
10081 10098 (FinalizerWatchd) S 333 333 0 0 -1 1077936192 5 0 0 0 0 0 0 0 24 4 42 0 271620450 1501356032 42890 18446744073709551615 1 1 0 0 0 0 4612 1 1073775864 0 0 0 -1 1 0 0 0 0 0 0 0 0 0 0 0 0 0
10081 10099 (Binder:10081_1) S 333 333 0 0 -1 1077936192 16 0 0 0 0 0 0 0 20 0 42 0 271620450 1501356032 42892 18446744073709551615 1 1 0 0 0 0 4612 1 1073775864 0 0 0 -1 3 0 0 0 0 0 0 0 0 0 0 0 0 0
10081 10100 (Binder:10081_2) S 333 333 0 0 -1 1077936192 127 0 2 0 1 0 0 0 20 0 42 0 271620450 1501270016 42892 18446744073709551615 1 1 0 0 0 0 4612 1 1073775864 0 0 0 -1 0 0 0 0 0 0 0 0 0 0 0 0 0 0
10081 10101 (Binder:10081_3) S 333 333 0 0 -1 1077936192 14 0 0 0 0 0 0 0 20 0 42 0 271620452 1501270016 42894 18446744073709551615 1 1 0 0 0 0 4612 1 1073775864 0 0 0 -1 1 0 0 0 0 0 0 0 0 0 0 0 0 0
10081 10104 (Profile Saver) S 333 333 0 0 -1 1077936192 98 0 0 0 1 0 0 0 29 9 42 0 271620504 1501270016 42894 18446744073709551615 1 1 0 0 0 0 4612 1 1073775864 0 0 0 -1 0 0 0 0 0 0 0 0 0 0 0 0 0 0
10081 10105 (RenderThread) S 333 333 0 0 -1 1077936192 754 0 6 0 3 2 0 0 10 -10 42 0 271620509 1501216768 42898 18446744073709551615 1 1 0 0 0 0 4612 1 1073775864 0 0 0 -1 1 0 0 0 0 0 0 0 0 0 0 0 0 0
10081 10111 (deathride-cours) S 333 333 0 0 -1 1077936192 619 0 0 0 112 0 0 0 33 13 42 0 271620606 1501270016 42898 18446744073709551615 1 1 0 0 0 0 4612 1 1073775864 0 0 0 -1 0 0 0 0 0 0 0 0 0 0 0 0 0 0
10081 10115 (AmazonAccMgrCal) S 333 333 0 0 -1 1077936192 6 0 0 0 0 0 0 0 30 10 42 0 271620644 1501229056 42901 18446744073709551615 1 1 0 0 0 0 4612 1 1073775864 0 0 0 -1 0 0 0 0 0 0 0 0 0 0 0 0 0 0
10081 10116 (GLThread 50468) R 333 333 0 0 -1 4194368 61511 0 36 0 1599 227 0 0 16 -4 42 0 271620645 1501245440 42901 18446744073709551615 1 1 0 0 0 0 4612 1 1073775864 0 0 0 -1 1 0 0 0 0 0 0 0 0 0 0 0 0 0
10081 10117 (Binder:PerfStat) S 333 333 0 0 -1 1077936192 14 0 0 0 0 0 0 0 30 10 42 0 271620653 1501245440 42901 18446744073709551615 1 1 0 0 0 0 4612 1 1073775864 0 0 0 -1 3 0 0 0 0 0 0 0 0 0 0 0 0 0
10081 10118 (hwuiTask0) S 333 333 0 0 -1 1077936192 4 0 0 0 0 0 0 0 18 -2 42 0 271620664 1501356032 42902 18446744073709551615 1 1 0 0 0 0 4612 1 1073775864 0 0 0 -1 3 0 0 0 0 0 0 0 0 0 0 0 0 0
10081 10119 (hwuiTask1) S 333 333 0 0 -1 1077936192 5 0 0 0 0 0 0 0 18 -2 42 0 271620664 1501270016 42903 18446744073709551615 1 1 0 0 0 0 4612 1 1073775864 0 0 0 -1 1 0 0 0 0 0 0 0 0 0 0 0 0 0
10081 10122 (RenderThread) S 333 333 0 0 -1 1077936192 259 0 0 0 35 42 0 0 10 -10 42 0 271620666 1501270016 42906 18446744073709551615 1 1 0 0 0 0 4612 1 1073775864 0 0 0 -1 0 0 0 0 0 0 0 0 0 0 0 0 0 0
10081 10130 (CCodecWatchdog) S 333 333 0 0 -1 1077936192 1 0 0 0 0 0 0 0 20 0 42 0 271620725 1501270016 42907 18446744073709551615 1 1 0 0 0 0 4612 1 1073775864 0 0 0 -1 3 0 0 0 0 0 0 0 0 0 0 0 0 0
10081 10132 (NDK MediaCodec_) S 333 333 0 0 -1 1077936192 6 0 0 0 0 0 0 0 4 -16 42 0 271620727 1501270016 42909 18446744073709551615 1 1 0 0 0 0 4612 1 1073775864 0 0 0 -1 1 0 0 0 0 0 0 0 0 0 0 0 0 0
10081 10133 (NDK MediaCodec_) S 333 333 0 0 -1 1077936192 1 0 0 0 0 0 0 0 4 -16 42 0 271620727 1501270016 42897 18446744073709551615 1 1 0 0 0 0 4612 1 1073775864 0 0 0 -1 0 0 0 0 0 0 0 0 0 0 0 0 0 0
10081 10134 (HwBinder:10081_) S 333 333 0 0 -1 1077936192 81 0 0 0 4 0 0 0 10 -10 42 0 271620727 1501270016 42493 18446744073709551615 1 1 0 0 0 0 4612 1 1073775864 0 0 0 -1 3 0 0 0 0 0 0 0 0 0 0 0 0 0
10081 10139 (Binder:10081_4) S 333 333 0 0 -1 1077936192 5 0 0 0 0 0 0 0 20 0 42 0 271620735 1501270016 42494 18446744073709551615 1 1 0 0 0 0 4612 1 1073775864 0 0 0 -1 0 0 0 0 0 0 0 0 0 0 0 0 0 0
10081 10158 (Binder:10081_5) S 333 333 0 0 -1 1077936192 3 0 0 0 0 0 0 0 20 0 42 0 271620748 1501270016 42495 18446744073709551615 1 1 0 0 0 0 4612 1 1073775864 0 0 0 -1 0 0 0 0 0 0 0 0 0 0 0 0 0 0
10081 10172 (deathride-link-) S 333 333 0 0 -1 1077936192 104 0 1 0 8 1 0 0 33 13 42 0 271620761 1501270016 42498 18446744073709551615 1 1 0 0 0 0 4612 1 1073775864 0 0 0 -1 1 0 0 0 0 0 0 0 0 0 0 0 0 0
10081 10177 (deathride-profi) S 333 333 0 0 -1 1077936192 5 0 0 0 0 0 0 0 33 13 42 0 271620762 1501270016 42498 18446744073709551615 1 1 0 0 0 0 4612 1 1073775864 0 0 0 -1 1 0 0 0 0 0 0 0 0 0 0 0 0 0
10081 10199 (Binder:10081_6) S 333 333 0 0 -1 1077936192 3 0 0 0 0 0 0 0 20 0 42 0 271620781 1501216768 42501 18446744073709551615 1 1 0 0 0 0 4612 1 1073775864 0 0 0 -1 2 0 0 0 0 0 0 0 0 0 0 0 0 0
10081 10200 (deathride-link-) S 333 333 0 0 -1 1077936192 10 0 0 0 0 0 0 0 33 13 42 0 271620782 1501229056 42501 18446744073709551615 1 1 0 0 0 0 4612 1 1073775864 0 0 0 -1 1 0 0 0 0 0 0 0 0 0 0 0 0 0
10081 10203 (DefaultDispatch) S 333 333 0 0 -1 1077936192 42 0 2 0 7 0 0 0 33 13 42 0 271620785 1501212672 42502 18446744073709551615 1 1 0 0 0 0 4612 1 1073775864 0 0 0 -1 1 0 0 0 0 0 0 0 0 0 0 0 0 0
10081 10205 (DefaultDispatch) S 333 333 0 0 -1 1077936192 235 0 3 0 31 3 0 0 33 13 42 0 271620785 1501224960 42505 18446744073709551615 1 1 0 0 0 0 4612 1 1073775864 0 0 0 -1 2 0 0 0 0 0 0 0 0 0 0 0 0 0
10081 10207 (DefaultDispatch) S 333 333 0 0 -1 1077936192 463 0 2 0 29 1 0 0 33 13 42 0 271620785 1501224960 42506 18446744073709551615 1 1 0 0 0 0 4612 1 1073775864 0 0 0 -1 1 0 0 0 0 0 0 0 0 0 0 0 0 0
10081 10213 (Binder:10081_7) S 333 333 0 0 -1 1077936192 3 0 0 0 0 0 0 0 20 0 42 0 271620791 1501241344 42508 18446744073709551615 1 1 0 0 0 0 4612 1 1073775864 0 0 0 -1 0 0 0 0 0 0 0 0 0 0 0 0 0 0
10081 10325 (deathride-link-) S 333 333 0 0 -1 1077936192 31 0 0 0 1 0 0 0 33 13 42 0 271620922 1501286400 42509 18446744073709551615 1 1 0 0 0 0 4612 1 1073775864 0 0 0 -1 3 0 0 0 0 0 0 0 0 0 0 0 0 0
10081 10328 (DefaultExecutor) S 333 333 0 0 -1 1077936192 9 0 0 0 0 0 0 0 33 13 42 0 271620924 1501294592 42510 18446744073709551615 1 1 0 0 0 0 4612 1 1073775864 0 0 0 -1 3 0 0 0 0 0 0 0 0 0 0 0 0 0
10081 10341 (DefaultDispatch) S 333 333 0 0 -1 1077936192 54 0 0 0 7 2 0 0 33 13 42 0 271621003 1501347840 42510 18446744073709551615 1 1 0 0 0 0 4612 1 1073775864 0 0 0 -1 2 0 0 0 0 0 0 0 0 0 0 0 0 0
10081 10342 (DefaultDispatch) S 333 333 0 0 -1 1077936192 162 0 0 0 31 8 0 0 33 13 42 0 271621016 1501347840 42511 18446744073709551615 1 1 0 0 0 0 4612 1 1073775864 0 0 0 -1 1 0 0 0 0 0 0 0 0 0 0 0 0 0
10081 10343 (DefaultDispatch) S 333 333 0 0 -1 4194368 53827 0 0 0 1234 41 0 0 33 13 42 0 271621016 1501270016 42514 18446744073709551615 1 1 0 0 0 0 4612 1 1073775864 0 0 0 -1 0 0 0 0 0 0 0 0 0 0 0 0 0 0
10081 10344 (DefaultDispatch) S 333 333 0 0 -1 1077936192 5 0 0 0 0 0 0 0 33 13 42 0 271621016 1501270016 42515 18446744073709551615 1 1 0 0 0 0 4612 1 1073775864 0 0 0 -1 3 0 0 0 0 0 0 0 0 0 0 0 0 0
10081 10372 (DefaultDispatch) S 333 333 0 0 -1 1077936192 4 0 0 0 0 0 0 0 33 13 42 0 271622666 1501270016 42517 18446744073709551615 1 1 0 0 0 0 4612 1 1073775864 0 0 0 -1 1 0 0 0 0 0 0 0 0 0 0 0 0 0
==schedstat
421 12715 23378724044 20499421454 277990
421 13139 26367352068 24094306254 317456
421 1497 23021145404 20728328706 274646
421 1755 20308153879 17854476735 237071
421 20227 23982670889 22189496821 293154
421 2098 23021605401 19237974181 288062
421 2176 22294561932 18269023442 266965
421 22281 21517154820 20344008973 263779
421 2304 24719196424 19472315557 293075
421 2961 17582327307 16749576588 217728
421 30043 2200073 176156 19
421 4158 23555195944 20506491734 275528
421 421 22384504534 20225742986 268865
421 465 3817386 3586000 26
421 473 700538 23077 3
421 474 5513311 1148228 59
421 6116 23497473587 20888448851 286977
421 626 176728151 60724926 2277
421 627 24636093317 4824761358 82925
421 652 22268038478 20258439865 261878
421 653 23250518306 21522873867 280831
421 683 25500775952544 2867186976812 965152898
421 688 116308 0 1
421 689 6479891059 3099873965 82486
421 7056 19230954522 15534330613 232148
421 773 21456251987 18431067131 262136
421 776 31273480715 8954942008 1438561
388 12955 105400353871 29222529898 598565
388 1757 377073144 341846247 2049
388 2240 140401789357 72555170133 777942
388 388 131062366599 37477539802 750358
388 406 467692 30257231 2
388 412 105231 27846 1
388 436 58188772131 50466912943 316935
388 437 59702425187 50572692767 322256
388 668 103846 7787616 1
388 679 171539 71769 1
388 680 147145386 27965081 525
388 687 117308 219846 2
388 783 28960622037920 2771776149143 963078862
388 9833 147207835687 48214586841 846064
10081 10081 2869170903 732577150 2736
10081 10091 1074846 44077 2
10081 10092 582385 93846 3
10081 10093 546769 0 1
10081 10094 3908470387 1119591545 3782
10081 10095 977254161 278633908 789
10081 10096 92606229 64174846 97
10081 10097 15391159 523923 41
10081 10098 472001 0 5
10081 10099 3762157 13320764 67
10081 10100 19994466 34665150 108
10081 10101 4683157 14353538 47
10081 10104 18375233 72109841 65
10081 10105 58541691 10541998 84
10081 10111 1131068082 493900001 471
10081 10115 792154 0 1
10081 10116 19300542624 1686776435 11392
10081 10117 2453922 11430001 8
10081 10118 412846 36630000 1
10081 10119 875847 2933769 2
10081 10122 842036855 74928228 3169
10081 10130 318461 1833846 3
10081 10132 6530688 12862694 77
10081 10133 1049846 465693 10
10081 10134 54764767 47035138 491
10081 10139 4639465 31676688 65
10081 10158 3360307 7584074 56
10081 10172 99587454 147456008 342
10081 10177 515385 1583231 3
10081 10199 2434000 5741845 53
10081 10200 7434460 24598233 13
10081 10203 73141232 379775458 160
10081 10205 346844379 922738781 837
10081 10207 312137468 312617918 220
10081 10213 3054075 9100771 65
10081 10325 19815155 23397075 32
10081 10328 1753770 14740307 6
10081 10341 101884069 135969316 165
10081 10342 398198382 108725850 415
10081 10343 12771480905 691347575 3431
10081 10344 4637383 31395848 19
10081 10372 3428080 4514384 26
==net
Inter-|   Receive                                                |  Transmit
 face |bytes    packets errs drop fifo frame compressed multicast|bytes    packets errs drop fifo colls carrier compressed
    lo: 5114695  132535    0    0    0     0          0         0  5114695  132535    0    0    0     0       0          0
dummy0:       0       0    0    0    0     0          0         0   167477    1109    0    0    0     0       0          0
  ifb0:       0       0    0    0    0     0          0         0        0       0    0    0    0     0       0          0
  ifb1:       0       0    0    0    0     0          0         0        0       0    0    0    0     0       0          0
 tunl0:       0       0    0    0    0     0          0         0        0       0    0    0    0     0       0          0
  gre0:       0       0    0    0    0     0          0         0        0       0    0    0    0     0       0          0
gretap0:       0       0    0    0    0     0          0         0        0       0    0    0    0     0       0          0
erspan0:       0       0    0    0    0     0          0         0        0       0    0    0    0     0       0          0
ip_vti0:       0       0    0    0    0     0          0         0        0       0    0    0    0     0       0          0
ip6_vti0:       0       0    0    0    0     0          0         0        0       0    0    0    0     0       0          0
  sit0:       0       0    0    0    0     0          0         0        0       0    0    0    0     0       0          0
ip6tnl0:       0       0    0    0    0     0          0         0        0       0    0    0    0     0       0          0
ip6gre0:       0       0    0    0    0     0          0         0        0       0    0    0    0     0       0          0
 wlan0: 5204965687 9774571    0    0    0     0          0         0 16731194082 16106023   18    0    0     0       0          0
  p2p0:       0       0    0    0    0     0          0         0        0       0    0    0    0     0       0          0
   ap0:       0       0    0    0    0     0          0         0        0       0    0    0    0     0       0          0
==uptime
2716236.24 9927480.51
