695 1000 (GraphicsStats-d) S 333 333 0 0 -1 1077936448 2501 450980 2675 220 45 236 1230 2214 30 10 307 0 5680 2180423680 27176 18446744073709551615 1 1 0 0 0 0 4612 1 1073775864 0 0 0 -1 0 0 0 0 0 0 0 0 0 0 0 0 0 0
695 10009 (LogRetentionJob) S 333 333 0 0 -1 1077936192 13 450980 6 220 0 0 1230 2214 20 0 307 0 268025958 2180423680 27176 18446744073709551615 1 1 0 0 0 0 4612 1 1073775864 0 0 0 -1 3 0 0 0 0 0 0 0 0 0 0 0 0 0
695 1002 (BlobStore) S 333 333 0 0 -1 1077936192 238 450980 20 220 2 8 1230 2214 20 0 307 0 5681 2180423680 27176 18446744073709551615 1 1 0 0 0 0 4612 1 1073775864 0 0 0 -1 1 0 0 0 0 0 0 0 0 0 0 0 0 0
695 1003 (SessionRecordTh) S 333 333 0 0 -1 1077936192 116 450980 330 220 0 12 1230 2214 20 0 307 0 5681 2180423680 27176 18446744073709551615 1 1 0 0 0 0 4612 1 1073775864 0 0 0 -1 3 0 0 0 0 0 0 0 0 0 0 0 0 0
695 1004 (Hdmi Control Io) S 333 333 0 0 -1 1077936192 1443 450980 159 220 37 35 1230 2214 20 0 307 0 5681 2180423680 27176 18446744073709551615 1 1 0 0 0 0 4612 1 1073775864 0 0 0 -1 0 0 0 0 0 0 0 0 0 0 0 0 0 0
695 1005 (SliceManagerSer) S 333 333 0 0 -1 1077936192 261 450980 54 220 1 0 1230 2214 30 10 307 0 5685 2180423680 27176 18446744073709551615 1 1 0 0 0 0 4612 1 1073775864 0 0 0 -1 3 0 0 0 0 0 0 0 0 0 0 0 0 0
695 1006 (StatsCompanionS) S 333 333 0 0 -1 1077936192 5 450980 0 220 0 0 1230 2214 20 0 307 0 5686 2180423680 27176 18446744073709551615 1 1 0 0 0 0 4612 1 1073775864 0 0 0 -1 3 0 0 0 0 0 0 0 0 0 0 0 0 0
695 1012 (FireTvDeepLinkS) S 333 333 0 0 -1 1077936192 5 450980 0 220 0 0 1230 2214 25 5 307 0 5704 2180423680 27176 18446744073709551615 1 1 0 0 0 0 4612 1 1073775864 0 0 0 -1 2 0 0 0 0 0 0 0 0 0 0 0 0 0
695 10124 (LogRetentionJob) S 333 333 0 0 -1 1077936192 10 450980 0 220 0 0 1230 2214 20 0 307 0 129792585 2180423680 27176 18446744073709551615 1 1 0 0 0 0 4612 1 1073775864 0 0 0 -1 3 0 0 0 0 0 0 0 0 0 0 0 0 0
695 1013 (AmazonInputMana) S 333 333 0 0 -1 1077936192 258 450980 64 220 1 5 1230 2214 25 5 307 0 5704 2180423680 27176 18446744073709551615 1 1 0 0 0 0 4612 1 1073775864 0 0 0 -1 3 0 0 0 0 0 0 0 0 0 0 0 0 0
695 1014 (ArcusHandlerThr) S 333 333 0 0 -1 1077936448 4422 450980 4449 220 141 264 1230 2214 20 0 307 0 5708 2180423680 27176 18446744073709551615 1 1 0 0 0 0 4612 1 1073775864 0 0 0 -1 3 0 0 0 0 0 0 0 0 0 0 0 0 0
695 1015 (LogRetentionJob) S 333 333 0 0 -1 1077936192 18 450980 7 220 0 0 1230 2214 20 0 307 0 5708 2180423680 27176 18446744073709551615 1 1 0 0 0 0 4612 1 1073775864 0 0 0 -1 2 0 0 0 0 0 0 0 0 0 0 0 0 0
695 1016 (AmzWifiDisplayM) S 333 333 0 0 -1 1077936192 6 450980 0 220 0 0 1230 2214 20 0 307 0 5709 2180423680 27176 18446744073709551615 1 1 0 0 0 0 4612 1 1073775864 0 0 0 -1 2 0 0 0 0 0 0 0 0 0 0 0 0 0
695 1017 (AmazonAudioServ) S 333 333 0 0 -1 1077936192 70 450980 5 220 2 0 1230 2214 20 0 307 0 5709 2180423680 27176 18446744073709551615 1 1 0 0 0 0 4612 1 1073775864 0 0 0 -1 1 0 0 0 0 0 0 0 0 0 0 0 0 0
695 1018 (EventHandler) S 333 333 0 0 -1 1077936192 26 450980 0 220 0 0 1230 2214 20 0 307 0 5709 2180423680 27176 18446744073709551615 1 1 0 0 0 0 4612 1 1073775864 0 0 0 -1 1 0 0 0 0 0 0 0 0 0 0 0 0 0
695 1019 (AmazonWifiServi) S 333 333 0 0 -1 1077936192 3304 450980 610 220 163 80 1230 2214 20 0 307 0 5711 2180423680 27176 18446744073709551615 1 1 0 0 0 0 4612 1 1073775864 0 0 0 -1 1 0 0 0 0 0 0 0 0 0 0 0 0 0
695 1020 (AmazonNetworkUn) S 333 333 0 0 -1 1077936192 88 450980 16 220 2 0 1230 2214 20 0 307 0 5712 2180423680 27176 18446744073709551615 1 1 0 0 0 0 4612 1 1073775864 0 0 0 -1 3 0 0 0 0 0 0 0 0 0 0 0 0 0
695 1021 (AmazonProfileSe) S 333 333 0 0 -1 1077936192 3289 450980 453 220 53 35 1230 2214 25 5 307 0 5713 2180423680 27176 18446744073709551615 1 1 0 0 0 0 4612 1 1073775864 0 0 0 -1 2 0 0 0 0 0 0 0 0 0 0 0 0 0
695 1022 (wakeup_thread) S 333 333 0 0 -1 1077936192 6 450980 0 220 0 0 1230 2214 20 0 307 0 5713 2180423680 27176 18446744073709551615 1 1 0 0 0 0 4612 1 1073775864 0 0 0 -1 2 0 0 0 0 0 0 0 0 0 0 0 0 0
695 1023 (PactArcusHelper) S 333 333 0 0 -1 1077936192 145 450980 90 220 1 2 1230 2214 20 0 307 0 5713 2180423680 27176 18446744073709551615 1 1 0 0 0 0 4612 1 1073775864 0 0 0 -1 3 0 0 0 0 0 0 0 0 0 0 0 0 0
695 1025 (APSArcusHelper) S 333 333 0 0 -1 1077936192 145 450980 97 220 3 1 1230 2214 20 0 307 0 5713 2180423680 27176 18446744073709551615 1 1 0 0 0 0 4612 1 1073775864 0 0 0 -1 3 0 0 0 0 0 0 0 0 0 0 0 0 0
695 1026 (DeviceModelInfo) S 333 333 0 0 -1 1077936192 4 450980 0 220 0 0 1230 2214 25 5 307 0 5714 2180423680 27176 18446744073709551615 1 1 0 0 0 0 4612 1 1073775864 0 0 0 -1 1 0 0 0 0 0 0 0 0 0 0 0 0 0
695 1027 (AmazonHdmiServi) S 333 333 0 0 -1 1077936192 355 450980 218 220 7 11 1230 2214 20 0 307 0 5715 2180423680 27176 18446744073709551615 1 1 0 0 0 0 4612 1 1073775864 0 0 0 -1 0 0 0 0 0 0 0 0 0 0 0 0 0 0
695 1028 (AmazonBuellerSh) S 333 333 0 0 -1 1077936192 8 450980 0 220 0 0 1230 2214 20 0 307 0 5715 2180423680 27176 18446744073709551615 1 1 0 0 0 0 4612 1 1073775864 0 0 0 -1 0 0 0 0 0 0 0 0 0 0 0 0 0 0
695 1029 (FireTvLedManage) S 333 333 0 0 -1 1077936192 7 450980 0 220 0 0 1230 2214 20 0 307 0 5722 2180423680 27176 18446744073709551615 1 1 0 0 0 0 4612 1 1073775864 0 0 0 -1 2 0 0 0 0 0 0 0 0 0 0 0 0 0
695 1030 (Timer-0) S 333 333 0 0 -1 1077936192 138610 450980 557 220 1700 1475 1230 2214 20 0 307 0 5724 2180423680 27176 18446744073709551615 1 1 0 0 0 0 4612 1 1073775864 0 0 0 -1 0 0 0 0 0 0 0 0 0 0 0 0 0 0
695 1031 (TemperatureObse) S 333 333 0 0 -1 1077936192 441 450980 77 220 3 2 1230 2214 30 10 307 0 5724 2180423680 27176 18446744073709551615 1 1 0 0 0 0 4612 1 1073775864 0 0 0 -1 1 0 0 0 0 0 0 0 0 0 0 0 0 0
695 1032 (ThermalEventMon) S 333 333 0 0 -1 1077936192 3139 450980 299 220 38 21 1230 2214 30 10 307 0 5725 2180423680 27176 18446744073709551615 1 1 0 0 0 0 4612 1 1073775864 0 0 0 -1 2 0 0 0 0 0 0 0 0 0 0 0 0 0
695 1033 (CloudPairingAma) S 333 333 0 0 -1 1077936192 6 450980 0 220 0 0 1230 2214 20 0 307 0 5727 2180423680 27176 18446744073709551615 1 1 0 0 0 0 4612 1 1073775864 0 0 0 -1 2 0 0 0 0 0 0 0 0 0 0 0 0 0
695 1034 (CirrusThread) S 333 333 0 0 -1 1077936192 53 450980 31 220 0 0 1230 2214 30 10 307 0 5727 2180423680 27176 18446744073709551615 1 1 0 0 0 0 4612 1 1073775864 0 0 0 -1 2 0 0 0 0 0 0 0 0 0 0 0 0 0
695 1035 (RuntimePersiste) S 333 333 0 0 -1 1077936448 3847 450980 261 220 111 70 1230 2214 20 0 307 0 5727 2180423680 27176 18446744073709551615 1 1 0 0 0 0 4612 1 1073775864 0 0 0 -1 0 0 0 0 0 0 0 0 0 0 0 0 0 0
695 1036 (AmazonUsageStat) S 333 333 0 0 -1 1077936192 6609 450980 2545 220 194 153 1230 2214 30 10 307 0 5728 2180423680 27176 18446744073709551615 1 1 0 0 0 0 4612 1 1073775864 0 0 0 -1 0 0 0 0 0 0 0 0 0 0 0 0 0 0
695 1039 (AmaMessageHandl) S 333 333 0 0 -1 1077936192 5 450980 0 220 0 0 1230 2214 20 0 307 0 5730 2180423680 27176 18446744073709551615 1 1 0 0 0 0 4612 1 1073775864 0 0 0 -1 3 0 0 0 0 0 0 0 0 0 0 0 0 0
695 1040 (DfuWorker) S 333 333 0 0 -1 1077936192 7 450980 0 220 0 0 1230 2214 20 0 307 0 5730 2180423680 27176 18446744073709551615 1 1 0 0 0 0 4612 1 1073775864 0 0 0 -1 1 0 0 0 0 0 0 0 0 0 0 0 0 0
695 1041 (DiscoveryWorker) S 333 333 0 0 -1 1077936192 6 450980 0 220 0 0 1230 2214 20 0 307 0 5730 2180423680 27176 18446744073709551615 1 1 0 0 0 0 4612 1 1073775864 0 0 0 -1 0 0 0 0 0 0 0 0 0 0 0 0 0 0
695 1042 (BulkDataWorker) S 333 333 0 0 -1 1077936192 5 450980 0 220 0 0 1230 2214 20 0 307 0 5730 2180423680 27176 18446744073709551615 1 1 0 0 0 0 4612 1 1073775864 0 0 0 -1 3 0 0 0 0 0 0 0 0 0 0 0 0 0
695 1043 (CloudPairingWor) S 333 333 0 0 -1 1077936192 8 450980 0 220 0 0 1230 2214 20 0 307 0 5730 2180423680 27176 18446744073709551615 1 1 0 0 0 0 4612 1 1073775864 0 0 0 -1 1 0 0 0 0 0 0 0 0 0 0 0 0 0
695 1044 (CrashReporterSe) S 333 333 0 0 -1 1077936192 39 450980 1 220 0 0 1230 2214 25 5 307 0 5731 2180423680 27176 18446744073709551615 1 1 0 0 0 0 4612 1 1073775864 0 0 0 -1 0 0 0 0 0 0 0 0 0 0 0 0 0 0
695 1045 (AmazonProtometr) S 333 333 0 0 -1 1077936192 13199 450980 1573 220 309 115 1230 2214 30 10 307 0 5731 2180423680 27176 18446744073709551615 1 1 0 0 0 0 4612 1 1073775864 0 0 0 -1 2 0 0 0 0 0 0 0 0 0 0 0 0 0
695 1047 (MetricsHandler) S 333 333 0 0 -1 1077936192 334 450980 155 220 15 9 1230 2214 20 0 307 0 5732 2180423680 27176 18446744073709551615 1 1 0 0 0 0 4612 1 1073775864 0 0 0 -1 3 0 0 0 0 0 0 0 0 0 0 0 0 0
695 1048 (AccessoryServic) S 333 333 0 0 -1 1077936192 6 450980 0 220 0 0 1230 2214 20 0 307 0 5732 2180423680 27176 18446744073709551615 1 1 0 0 0 0 4612 1 1073775864 0 0 0 -1 3 0 0 0 0 0 0 0 0 0 0 0 0 0
695 1049 (AmazonEmmcConsu) S 333 333 0 0 -1 1077936192 12175 450980 1178 220 301 116 1230 2214 30 10 307 0 5732 2180423680 27176 18446744073709551615 1 1 0 0 0 0 4612 1 1073775864 0 0 0 -1 0 0 0 0 0 0 0 0 0 0 0 0 0 0
695 1050 (ice.EventHelper) S 333 333 0 0 -1 1077936192 6 450980 0 220 0 0 1230 2214 20 0 307 0 5732 2180423680 27176 18446744073709551615 1 1 0 0 0 0 4612 1 1073775864 0 0 0 -1 0 0 0 0 0 0 0 0 0 0 0 0 0 0
695 10507 (AmazonFingerPri) S 333 333 0 0 -1 1077936192 11 450980 3 220 0 0 1230 2214 30 10 307 0 259566254 2180423680 27176 18446744073709551615 1 1 0 0 0 0 4612 1 1073775864 0 0 0 -1 3 0 0 0 0 0 0 0 0 0 0 0 0 0
695 1051 (ice.EventHelper) S 333 333 0 0 -1 1077936192 6 450980 0 220 0 0 1230 2214 20 0 307 0 5732 2180423680 27176 18446744073709551615 1 1 0 0 0 0 4612 1 1073775864 0 0 0 -1 0 0 0 0 0 0 0 0 0 0 0 0 0 0
695 1052 (ice.EventHelper) S 333 333 0 0 -1 1077936192 7 450980 0 220 0 0 1230 2214 20 0 307 0 5733 2180423680 27176 18446744073709551615 1 1 0 0 0 0 4612 1 1073775864 0 0 0 -1 3 0 0 0 0 0 0 0 0 0 0 0 0 0
695 1053 (ice.EventHelper) S 333 333 0 0 -1 1077936192 8 450980 0 220 0 0 1230 2214 20 0 307 0 5733 2180423680 27176 18446744073709551615 1 1 0 0 0 0 4612 1 1073775864 0 0 0 -1 1 0 0 0 0 0 0 0 0 0 0 0 0 0
695 1054 (ice.EventHelper) S 333 333 0 0 -1 1077936192 5 450980 0 220 0 0 1230 2214 20 0 307 0 5733 2180423680 27176 18446744073709551615 1 1 0 0 0 0 4612 1 1073775864 0 0 0 -1 0 0 0 0 0 0 0 0 0 0 0 0 0 0
695 1055 (ice.EventHelper) S 333 333 0 0 -1 1077936192 6 450980 0 220 0 0 1230 2214 20 0 307 0 5733 2180423680 27176 18446744073709551615 1 1 0 0 0 0 4612 1 1073775864 0 0 0 -1 2 0 0 0 0 0 0 0 0 0 0 0 0 0
695 1056 (ice.EventHelper) S 333 333 0 0 -1 1077936192 6 450980 0 220 0 0 1230 2214 20 0 307 0 5733 2180423680 27176 18446744073709551615 1 1 0 0 0 0 4612 1 1073775864 0 0 0 -1 2 0 0 0 0 0 0 0 0 0 0 0 0 0
695 1057 (ice.EventHelper) S 333 333 0 0 -1 1077936192 7 450980 0 220 0 0 1230 2214 20 0 307 0 5733 2180423680 27176 18446744073709551615 1 1 0 0 0 0 4612 1 1073775864 0 0 0 -1 2 0 0 0 0 0 0 0 0 0 0 0 0 0
695 1058 (ice.EventHelper) S 333 333 0 0 -1 1077936192 7 450980 0 220 0 0 1230 2214 20 0 307 0 5733 2180423680 27176 18446744073709551615 1 1 0 0 0 0 4612 1 1073775864 0 0 0 -1 1 0 0 0 0 0 0 0 0 0 0 0 0 0
695 1059 (ice.EventHelper) S 333 333 0 0 -1 1077936192 5 450980 0 220 0 0 1230 2214 20 0 307 0 5733 2180423680 27176 18446744073709551615 1 1 0 0 0 0 4612 1 1073775864 0 0 0 -1 0 0 0 0 0 0 0 0 0 0 0 0 0 0
695 1060 (ice.EventHelper) S 333 333 0 0 -1 1077936192 8 450980 0 220 0 0 1230 2214 20 0 307 0 5733 2180423680 27176 18446744073709551615 1 1 0 0 0 0 4612 1 1073775864 0 0 0 -1 2 0 0 0 0 0 0 0 0 0 0 0 0 0
695 1061 (ice.EventHelper) S 333 333 0 0 -1 1077936192 7 450980 0 220 0 0 1230 2214 20 0 307 0 5733 2180423680 27176 18446744073709551615 1 1 0 0 0 0 4612 1 1073775864 0 0 0 -1 1 0 0 0 0 0 0 0 0 0 0 0 0 0
695 1062 (OomAdjustment H) S 333 333 0 0 -1 1077936192 1046 450980 1121 220 4 134 1230 2214 30 10 307 0 5734 2180423680 27176 18446744073709551615 1 1 0 0 0 0 4612 1 1073775864 0 0 0 -1 0 0 0 0 0 0 0 0 0 0 0 0 0 0
695 1063 (Favorite apps H) S 333 333 0 0 -1 1077936192 7 450980 0 220 0 0 1230 2214 30 10 307 0 5734 2180423680 27176 18446744073709551615 1 1 0 0 0 0 4612 1 1073775864 0 0 0 -1 2 0 0 0 0 0 0 0 0 0 0 0 0 0
695 1064 (Metrics Handler) S 333 333 0 0 -1 1077936192 6 450980 0 220 0 0 1230 2214 30 10 307 0 5734 2180423680 27176 18446744073709551615 1 1 0 0 0 0 4612 1 1073775864 0 0 0 -1 1 0 0 0 0 0 0 0 0 0 0 0 0 0
695 1065 (Prewarm Handler) S 333 333 0 0 -1 1077936192 1766 450980 550 220 71 50 1230 2214 30 10 307 0 5734 2180423680 27176 18446744073709551615 1 1 0 0 0 0 4612 1 1073775864 0 0 0 -1 1 0 0 0 0 0 0 0 0 0 0 0 0 0
695 1066 (AmazonPowerMana) S 333 333 0 0 -1 1077936192 60 450980 22 220 0 0 1230 2214 25 5 307 0 5734 2180423680 27176 18446744073709551615 1 1 0 0 0 0 4612 1 1073775864 0 0 0 -1 2 0 0 0 0 0 0 0 0 0 0 0 0 0
695 1067 (EveThread) S 333 333 0 0 -1 1077936192 121503 450980 10085 220 6311 2873 1230 2214 30 10 307 0 5734 2180423680 27176 18446744073709551615 1 1 0 0 0 0 4612 1 1073775864 0 0 0 -1 2 0 0 0 0 0 0 0 0 0 0 0 0 0
695 1068 (EthernetService) S 333 333 0 0 -1 1077936192 5994 450980 339 220 89 62 1230 2214 20 0 307 0 5744 2180423680 27176 18446744073709551615 1 1 0 0 0 0 4612 1 1073775864 0 0 0 -1 2 0 0 0 0 0 0 0 0 0 0 0 0 0
695 1072 (KeyMapManager) S 333 333 0 0 -1 1077936192 582 450980 0 220 7 1 1230 2214 25 5 307 0 5747 2180423680 27176 18446744073709551615 1 1 0 0 0 0 4612 1 1073775864 0 0 0 -1 2 0 0 0 0 0 0 0 0 0 0 0 0 0
695 1074 (MCL-ArcusHelper) S 333 333 0 0 -1 1077936192 255 450980 113 220 2 6 1230 2214 20 0 307 0 5748 2180423680 27176 18446744073709551615 1 1 0 0 0 0 4612 1 1073775864 0 0 0 -1 0 0 0 0 0 0 0 0 0 0 0 0 0 0
695 1075 (HealthServiceHw) S 333 333 0 0 -1 1077936192 9 450980 0 220 0 0 1230 2214 20 0 307 0 5748 2180423680 27176 18446744073709551615 1 1 0 0 0 0 4612 1 1073775864 0 0 0 -1 2 0 0 0 0 0 0 0 0 0 0 0 0 0
695 1080 (Thread-11) S 333 333 0 0 -1 1077936192 1331543 450980 11632 220 93963 14024 1230 2214 20 0 307 0 5757 2180423680 27176 18446744073709551615 1 1 0 0 0 0 4612 1 1073775864 0 0 0 -1 0 0 0 0 0 0 0 0 0 0 0 0 0 0
695 10809 (LogRetentionJob) S 333 333 0 0 -1 1077936192 12 450980 0 220 0 0 1230 2214 20 0 307 0 60675708 2180423680 27176 18446744073709551615 1 1 0 0 0 0 4612 1 1073775864 0 0 0 -1 1 0 0 0 0 0 0 0 0 0 0 0 0 0
695 1082 (WifiManagerThre) S 333 333 0 0 -1 1077936192 459 450980 13 220 24 3 1230 2214 20 0 307 0 5758 2180423680 27176 18446744073709551615 1 1 0 0 0 0 4612 1 1073775864 0 0 0 -1 0 0 0 0 0 0 0 0 0 0 0 0 0 0
695 1084 (AmazonWifiTherm) S 333 333 0 0 -1 1077936192 130 450980 35 220 0 1 1230 2214 20 0 307 0 5760 2180423680 27176 18446744073709551615 1 1 0 0 0 0 4612 1 1073775864 0 0 0 -1 0 0 0 0 0 0 0 0 0 0 0 0 0 0
695 1085 (AmazonInputMana) S 333 333 0 0 -1 1077936192 15057 450980 258 220 172 16 1230 2214 20 0 307 0 5760 2180423680 27176 18446744073709551615 1 1 0 0 0 0 4612 1 1073775864 0 0 0 -1 1 0 0 0 0 0 0 0 0 0 0 0 0 0
695 1086 (AmazonWifiTherm) S 333 333 0 0 -1 1077936192 5 450980 0 220 0 0 1230 2214 20 0 307 0 5761 2180423680 27176 18446744073709551615 1 1 0 0 0 0 4612 1 1073775864 0 0 0 -1 0 0 0 0 0 0 0 0 0 0 0 0 0 0
695 10866 (Binder:695_1A) S 333 333 0 0 -1 1077936448 210490 450980 6905 220 24398 10660 1230 2214 20 0 307 0 25751 2180423680 27176 18446744073709551615 1 1 0 0 0 4096 4612 1 1073775864 0 0 0 -1 0 0 0 0 0 0 0 0 0 0 0 0 0 0
695 1090 (queued-work-loo) S 333 333 0 0 -1 1077936192 10489 450980 206 220 335 651 1230 2214 18 -2 307 0 5762 2180423680 27176 18446744073709551615 1 1 0 0 0 0 4612 1 1073775864 0 0 0 -1 1 0 0 0 0 0 0 0 0 0 0 0 0 0
695 1092 (GenericAppAdapt) S 333 333 0 0 -1 1077936192 7 450980 0 220 0 0 1230 2214 25 5 307 0 5765 2180423680 27176 18446744073709551615 1 1 0 0 0 0 4612 1 1073775864 0 0 0 -1 2 0 0 0 0 0 0 0 0 0 0 0 0 0
695 1093 (Binder:695_4) S 333 333 0 0 -1 1077936448 115680 450980 5744 220 12446 5472 1230 2214 20 0 307 0 5765 2180423680 27176 18446744073709551615 1 1 0 0 0 0 4612 1 1073775864 0 0 0 -1 3 0 0 0 0 0 0 0 0 0 0 0 0 0
695 1102 (LiveTvAppLaunch) S 333 333 0 0 -1 1077936192 5 450980 0 220 0 0 1230 2214 25 5 307 0 5768 2180423680 27176 18446744073709551615 1 1 0 0 0 0 4612 1 1073775864 0 0 0 -1 3 0 0 0 0 0 0 0 0 0 0 0 0 0
695 1103 (AudioArcusHelpe) S 333 333 0 0 -1 1077936192 7469 450980 153 220 128 10 1230 2214 20 0 307 0 5768 2180423680 27176 18446744073709551615 1 1 0 0 0 0 4612 1 1073775864 0 0 0 -1 0 0 0 0 0 0 0 0 0 0 0 0 0 0
695 1105 (AmazonInputMana) S 333 333 0 0 -1 1077936192 529 450980 138 220 3 3 1230 2214 20 0 307 0 5769 2180423680 27176 18446744073709551615 1 1 0 0 0 0 4612 1 1073775864 0 0 0 -1 3 0 0 0 0 0 0 0 0 0 0 0 0 0
695 1106 (DenyListArcusHe) S 333 333 0 0 -1 1077936192 5 450980 0 220 0 0 1230 2214 20 0 307 0 5769 2180423680 27176 18446744073709551615 1 1 0 0 0 0 4612 1 1073775864 0 0 0 -1 1 0 0 0 0 0 0 0 0 0 0 0 0 0
695 1108 (WifiDiagsQueueT) S 333 333 0 0 -1 1077936192 262768 450980 1582 220 14389 11743 1230 2214 20 0 307 0 5770 2180423680 27176 18446744073709551615 1 1 0 0 0 0 4612 1 1073775864 0 0 0 -1 1 0 0 0 0 0 0 0 0 0 0 0 0 0
695 1110 (NetWatchDogQueu) S 333 333 0 0 -1 1077936192 40 450980 48 220 22 52 1230 2214 20 0 307 0 5771 2180423680 27176 18446744073709551615 1 1 0 0 0 0 4612 1 1073775864 0 0 0 -1 1 0 0 0 0 0 0 0 0 0 0 0 0 0
695 1111 (TimeServiceThre) S 333 333 0 0 -1 1077936448 1472 450980 154 220 28 29 1230 2214 20 0 307 0 5771 2180423680 27176 18446744073709551615 1 1 0 0 0 0 4612 1 1073775864 0 0 0 -1 0 0 0 0 0 0 0 0 0 0 0 0 0 0
695 1112 (TimeServiceNetw) S 333 333 0 0 -1 1077936192 5 450980 0 220 0 0 1230 2214 20 0 307 0 5771 2180423680 27176 18446744073709551615 1 1 0 0 0 0 4612 1 1073775864 0 0 0 -1 3 0 0 0 0 0 0 0 0 0 0 0 0 0
695 1114 (AMA Callback Na) S 333 333 0 0 -1 1077936192 6 450980 0 220 0 0 1230 2214 18 -2 307 0 5772 2180423680 27176 18446744073709551615 1 1 0 0 0 0 4612 1 1073775864 0 0 0 -1 0 0 0 0 0 0 0 0 0 0 0 0 0 0
695 1116 (Binder:695_5) S 333 333 0 0 -1 1077936448 123152 450980 5757 220 14048 6133 1230 2214 20 0 307 0 5772 2180423680 27176 18446744073709551615 1 1 0 0 0 0 4612 1 1073775864 0 0 0 -1 3 0 0 0 0 0 0 0 0 0 0 0 0 0
695 1119 (TestMetricBuffe) S 333 333 0 0 -1 1077936192 5 450980 0 220 0 0 1230 2214 20 0 307 0 5773 2180423680 27176 18446744073709551615 1 1 0 0 0 0 4612 1 1073775864 0 0 0 -1 0 0 0 0 0 0 0 0 0 0 0 0 0 0
695 1121 (BspConsumer) S 333 333 0 0 -1 1077936192 151 450980 3 220 4 5 1230 2214 20 0 307 0 5775 2180423680 27176 18446744073709551615 1 1 0 0 0 0 4612 1 1073775864 0 0 0 -1 1 0 0 0 0 0 0 0 0 0 0 0 0 0
695 1124 (TaskSnapshotPer) S 333 333 0 0 -1 1077936192 721 450980 224 220 17 18 1230 2214 30 10 307 0 5775 2180423680 27176 18446744073709551615 1 1 0 0 0 0 4612 1 1073775864 0 0 0 -1 1 0 0 0 0 0 0 0 0 0 0 0 0 0
695 1125 (PhotonicModulat) S 333 333 0 0 -1 1077936192 326 450980 71 220 12 6 1230 2214 20 0 307 0 5777 2180423680 27176 18446744073709551615 1 1 0 0 0 0 4612 1 1073775864 0 0 0 -1 0 0 0 0 0 0 0 0 0 0 0 0 0 0
695 1130 (ContextualSSArc) S 333 333 0 0 -1 1077936192 163 450980 87 220 2 1 1230 2214 20 0 307 0 5780 2180423680 27176 18446744073709551615 1 1 0 0 0 0 4612 1 1073775864 0 0 0 -1 0 0 0 0 0 0 0 0 0 0 0 0 0 0
695 1132 (HomeLauncherArc) S 333 333 0 0 -1 1077936192 1126 450980 77 220 6 4 1230 2214 20 0 307 0 5782 2180423680 27176 18446744073709551615 1 1 0 0 0 0 4612 1 1073775864 0 0 0 -1 2 0 0 0 0 0 0 0 0 0 0 0 0 0
695 1151 (AmazonPmArcusUt) S 333 333 0 0 -1 1077936192 81 450980 4 220 1 0 1230 2214 20 0 307 0 5834 2180423680 27176 18446744073709551615 1 1 0 0 0 0 4612 1 1073775864 0 0 0 -1 3 0 0 0 0 0 0 0 0 0 0 0 0 0
695 1159 (SyncManager) S 333 333 0 0 -1 1077936448 64841 450980 1266 220 1668 744 1230 2214 30 10 307 0 5844 2180423680 27176 18446744073709551615 1 1 0 0 0 0 4612 1 1073775864 0 0 0 -1 3 0 0 0 0 0 0 0 0 0 0 0 0 0
695 1160 (Binder:695_6) S 333 333 0 0 -1 1077936448 115028 450980 5727 220 12929 5918 1230 2214 20 0 307 0 5848 2180423680 27176 18446744073709551615 1 1 0 0 0 0 4612 1 1073775864 0 0 0 -1 2 0 0 0 0 0 0 0 0 0 0 0 0 0
695 1162 (SyncHandler-0) S 333 333 0 0 -1 1077936192 1576 450980 19 220 12 20 1230 2214 20 0 307 0 5857 2180423680 27176 18446744073709551615 1 1 0 0 0 0 4612 1 1073775864 0 0 0 -1 2 0 0 0 0 0 0 0 0 0 0 0 0 0
695 1184 (UsbService host) S 333 333 0 0 -1 4194368 14 450980 22 220 0 0 1230 2214 20 0 307 0 5872 2180423680 27176 18446744073709551615 1 1 0 0 0 0 4612 1 1073775864 0 0 0 -1 1 0 0 0 0 0 0 0 0 0 0 0 0 0
695 11891 (Binder:695_1B) S 333 333 0 0 -1 1077936448 227409 450980 5715 220 24990 11103 1230 2214 20 0 307 0 31185 2180423680 27176 18446744073709551615 1 1 0 0 0 0 4612 1 1073775864 0 0 0 -1 0 0 0 0 0 0 0 0 0 0 0 0 0 0
695 11941 (Binder:695_1C) S 333 333 0 0 -1 1077936448 216983 450980 6833 220 27716 12672 1230 2214 20 0 307 0 31264 2180423680 27176 18446744073709551615 1 1 0 0 0 0 4612 1 1073775864 0 0 0 -1 2 0 0 0 0 0 0 0 0 0 0 0 0 0
695 12141 (LogRetentionJob) S 333 333 0 0 -1 1077936192 8 450980 0 220 0 0 1230 2214 20 0 307 0 26111907 2180423680 27176 18446744073709551615 1 1 0 0 0 0 4612 1 1073775864 0 0 0 -1 3 0 0 0 0 0 0 0 0 0 0 0 0 0
695 12201 (AmazonFingerPri) S 333 333 0 0 -1 1077936192 7 450980 1 220 0 0 1230 2214 30 10 307 0 268212254 2180423680 27176 18446744073709551615 1 1 0 0 0 0 4612 1 1073775864 0 0 0 -1 2 0 0 0 0 0 0 0 0 0 0 0 0 0
695 12222 (Binder:695_1D) S 333 333 0 0 -1 1077936448 260087 450980 6252 220 32308 14487 1230 2214 20 0 307 0 34633 2180423680 27176 18446744073709551615 1 1 0 0 0 0 4612 1 1073775864 0 0 0 -1 2 0 0 0 0 0 0 0 0 0 0 0 0 0
695 12355 (pool-7-thread-2) S 333 333 0 0 -1 1077936192 36068 450980 861 220 1090 1522 1230 2214 20 0 307 0 37001 2180423680 27176 18446744073709551615 1 1 0 0 0 0 4612 1 1073775864 0 0 0 -1 2 0 0 0 0 0 0 0 0 0 0 0 0 0
695 12456 (AmazonFingerPri) S 333 333 0 0 -1 1077936192 5 450980 0 220 0 0 1230 2214 30 10 307 0 129971582 2180423680 27176 18446744073709551615 1 1 0 0 0 0 4612 1 1073775864 0 0 0 -1 3 0 0 0 0 0 0 0 0 0 0 0 0 0
695 12577 (LogRetentionJob) S 333 333 0 0 -1 1077936192 12 450980 3 220 0 0 1230 2214 20 0 307 0 242105957 2180423680 27176 18446744073709551615 1 1 0 0 0 0 4612 1 1073775864 0 0 0 -1 0 0 0 0 0 0 0 0 0 0 0 0 0 0
695 1258 (Binder:695_7) S 333 333 0 0 -1 1077936448 103928 450980 4694 220 12244 5279 1230 2214 20 0 307 0 5893 2180423680 27176 18446744073709551615 1 1 0 0 0 0 4612 1 1073775864 0 0 0 -1 3 0 0 0 0 0 0 0 0 0 0 0 0 0
695 1261 (Binder:695_8) S 333 333 0 0 -1 1077936448 103424 450980 4094 220 12508 5578 1230 2214 20 0 307 0 5893 2180423680 27176 18446744073709551615 1 1 0 0 0 0 4612 1 1073775864 0 0 0 -1 3 0 0 0 0 0 0 0 0 0 0 0 0 0
695 1262 (Binder:695_9) S 333 333 0 0 -1 1077936448 98014 450980 5685 220 11238 5126 1230 2214 20 0 307 0 5893 2180423680 27176 18446744073709551615 1 1 0 0 0 0 4612 1 1073775864 0 0 0 -1 0 0 0 0 0 0 0 0 0 0 0 0 0 0
695 1263 (Binder:695_A) S 333 333 0 0 -1 1077936448 113143 450980 6393 220 12879 5570 1230 2214 20 0 307 0 5894 2180423680 27176 18446744073709551615 1 1 0 0 0 0 4612 1 1073775864 0 0 0 -1 3 0 0 0 0 0 0 0 0 0 0 0 0 0
695 1264 (Binder:695_B) S 333 333 0 0 -1 1077936448 98357 450980 3823 220 11102 4820 1230 2214 20 0 307 0 5894 2180423680 27176 18446744073709551615 1 1 0 0 0 4096 4612 1 1073775864 0 0 0 -1 1 0 0 0 0 0 0 0 0 0 0 0 0 0
695 1266 (Binder:695_C) S 333 333 0 0 -1 1077936448 105447 450980 6435 220 12356 5546 1230 2214 20 0 307 0 5894 2180423680 27176 18446744073709551615 1 1 0 0 0 0 4612 1 1073775864 0 0 0 -1 2 0 0 0 0 0 0 0 0 0 0 0 0 0
695 1267 (Binder:695_D) S 333 333 0 0 -1 1077936448 106809 450980 6764 220 11278 4774 1230 2214 20 0 307 0 5894 2180423680 27176 18446744073709551615 1 1 0 0 0 4096 4612 1 1073775864 0 0 0 -1 0 0 0 0 0 0 0 0 0 0 0 0 0 0
695 13013 (AmazonFingerPri) S 333 333 0 0 -1 1077936192 6 450980 0 220 0 0 1230 2214 30 10 307 0 60847524 2180423680 27176 18446744073709551615 1 1 0 0 0 0 4612 1 1073775864 0 0 0 -1 0 0 0 0 0 0 0 0 0 0 0 0 0 0
695 13572 (LogRetentionJob) S 333 333 0 0 -1 1077936192 8 450980 3 220 0 0 1230 2214 20 0 307 0 185719 2180423680 27176 18446744073709551615 1 1 0 0 0 0 4612 1 1073775864 0 0 0 -1 2 0 0 0 0 0 0 0 0 0 0 0 0 0
695 1373 (pool-9-thread-1) S 333 333 0 0 -1 1077936192 444 450980 126 220 4 6 1230 2214 20 0 307 0 5926 2180423680 27176 18446744073709551615 1 1 0 0 0 0 4612 1 1073775864 0 0 0 -1 2 0 0 0 0 0 0 0 0 0 0 0 0 0
695 1374 (pool-9-thread-2) S 333 333 0 0 -1 1077936192 408 450980 82 220 4 5 1230 2214 20 0 307 0 5926 2180423680 27176 18446744073709551615 1 1 0 0 0 0 4612 1 1073775864 0 0 0 -1 2 0 0 0 0 0 0 0 0 0 0 0 0 0
695 13746 (LogRetentionJob) S 333 333 0 0 -1 1077936192 9 450980 0 220 0 0 1230 2214 20 0 307 0 164355054 2180423680 27176 18446744073709551615 1 1 0 0 0 0 4612 1 1073775864 0 0 0 -1 0 0 0 0 0 0 0 0 0 0 0 0 0 0
695 13851 (AdbDebuggingMan) S 333 333 0 0 -1 4194368 24 450980 2 220 0 0 1230 2214 20 0 307 0 194105 2180423680 27176 18446744073709551615 1 1 0 0 0 0 4612 1 1073775864 0 0 0 -1 1 0 0 0 0 0 0 0 0 0 0 0 0 0
695 14057 (Binder:695_1E) S 333 333 0 0 -1 1077936448 258947 450980 7773 220 31749 14533 1230 2214 20 0 307 0 204245 2180423680 27176 18446744073709551615 1 1 0 0 0 4096 4612 1 1073775864 0 0 0 -1 0 0 0 0 0 0 0 0 0 0 0 0 0 0
695 1421 (Thread-15) S 333 333 0 0 -1 4194368 6 450980 0 220 0 0 1230 2214 20 0 307 0 5953 2180423680 27176 18446744073709551615 1 1 0 0 0 0 4612 1 1073775864 0 0 0 -1 2 0 0 0 0 0 0 0 0 0 0 0 0 0
695 1429 (NetworkStatsObs) S 333 333 0 0 -1 1077936192 3021 450980 229 220 118 100 1230 2214 20 0 307 0 5956 2180423680 27176 18446744073709551615 1 1 0 0 0 0 4612 1 1073775864 0 0 0 -1 0 0 0 0 0 0 0 0 0 0 0 0 0 0
695 14343 (AmazonFingerPri) S 333 333 0 0 -1 1077936192 5 450980 1 220 0 0 1230 2214 30 10 307 0 26287160 2180423680 27176 18446744073709551615 1 1 0 0 0 0 4612 1 1073775864 0 0 0 -1 0 0 0 0 0 0 0 0 0 0 0 0 0 0
695 14374 (LogRetentionJob) S 333 333 0 0 -1 1077936192 12 450980 1 220 0 0 1230 2214 20 0 307 0 86586829 2180423680 27176 18446744073709551615 1 1 0 0 0 0 4612 1 1073775864 0 0 0 -1 0 0 0 0 0 0 0 0 0 0 0 0 0 0
695 14526 (AudioTrack) S 333 333 0 0 -1 1077936192 5 450980 2 220 0 0 1230 2214 4 -16 307 0 204664830 2180423680 27176 18446744073709551615 1 1 0 0 0 0 4612 1 1073775864 0 0 0 -1 2 0 0 0 0 0 0 0 0 0 0 0 0 0
695 14537 (AudioTrack) S 333 333 0 0 -1 1077936192 5 450980 0 220 0 0 1230 2214 4 -16 307 0 204664908 2180423680 27176 18446744073709551615 1 1 0 0 0 0 4612 1 1073775864 0 0 0 -1 0 0 0 0 0 0 0 0 0 0 0 0 0 0
695 1467 (PerfAnimationAr) S 333 333 0 0 -1 1077936192 111 450980 53 220 2 3 1230 2214 30 10 307 0 5970 2180423680 27176 18446744073709551615 1 1 0 0 0 0 4612 1 1073775864 0 0 0 -1 1 0 0 0 0 0 0 0 0 0 0 0 0 0
695 14742 (AmazonFingerPri) S 333 333 0 0 -1 1077936192 7 450980 3 220 0 0 1230 2214 30 10 307 0 242286254 2180423680 27176 18446744073709551615 1 1 0 0 0 0 4612 1 1073775864 0 0 0 -1 0 0 0 0 0 0 0 0 0 0 0 0 0 0
695 14922 (Binder:695_1F) S 333 333 0 0 -1 1077936448 266402 450980 8256 220 34198 15623 1230 2214 20 0 307 0 223944 2180423680 27176 18446744073709551615 1 1 0 0 0 0 4612 1 1073775864 0 0 0 -1 2 0 0 0 0 0 0 0 0 0 0 0 0 0
695 15088 (Binder:695_20) S 333 333 0 0 -1 1077936448 297648 450980 7152 220 37987 17315 1230 2214 20 0 307 0 224908 2180423680 27176 18446744073709551615 1 1 0 0 0 0 4612 1 1073775864 0 0 0 -1 3 0 0 0 0 0 0 0 0 0 0 0 0 0
695 1525 (pool-2-thread-1) S 333 333 0 0 -1 1077936192 549 450980 151 220 5 4 1230 2214 20 0 307 0 6010 2180423680 27176 18446744073709551615 1 1 0 0 0 0 4612 1 1073775864 0 0 0 -1 2 0 0 0 0 0 0 0 0 0 0 0 0 0
695 15294 (Binder:695_21) S 333 333 0 0 -1 1077936448 329108 450980 6200 220 41520 18526 1230 2214 20 0 307 0 230233 2180423680 27176 18446744073709551615 1 1 0 0 0 0 4612 1 1073775864 0 0 0 -1 2 0 0 0 0 0 0 0 0 0 0 0 0 0
695 15492 (LogRetentionJob) S 333 333 0 0 -1 1077936192 9 450980 0 220 0 0 1230 2214 20 0 307 0 121154176 2180423680 27176 18446744073709551615 1 1 0 0 0 0 4612 1 1073775864 0 0 0 -1 3 0 0 0 0 0 0 0 0 0 0 0 0 0
695 1594 (CCodecWatchdog) S 333 333 0 0 -1 1077936192 1 450980 0 220 0 0 1230 2214 20 0 307 0 6044 2180423680 27176 18446744073709551615 1 1 0 0 0 0 4612 1 1073775864 0 0 0 -1 2 0 0 0 0 0 0 0 0 0 0 0 0 0
695 1596 (NDK MediaCodec_) S 333 333 0 0 -1 1077936192 1 450980 0 220 0 0 1230 2214 4 -16 307 0 6044 2180423680 27176 18446744073709551615 1 1 0 0 0 0 4612 1 1073775864 0 0 0 -1 1 0 0 0 0 0 0 0 0 0 0 0 0 0
695 15969 (AmazonFingerPri) S 333 333 0 0 -1 1077936192 5 450980 0 220 0 0 1230 2214 30 10 307 0 164532139 2180423680 27176 18446744073709551615 1 1 0 0 0 0 4612 1 1073775864 0 0 0 -1 3 0 0 0 0 0 0 0 0 0 0 0 0 0
695 1597 (NDK MediaCodec_) S 333 333 0 0 -1 1077936192 1 450980 0 220 0 0 1230 2214 4 -16 307 0 6044 2180423680 27176 18446744073709551615 1 1 0 0 0 0 4612 1 1073775864 0 0 0 -1 0 0 0 0 0 0 0 0 0 0 0 0 0 0
695 1605 (HwBinder:695_4) S 333 333 0 0 -1 1077936192 5540 450980 274 220 497 149 1230 2214 20 0 307 0 6051 2180423680 27176 18446744073709551615 1 1 0 0 0 0 4612 1 1073775864 0 0 0 -1 3 0 0 0 0 0 0 0 0 0 0 0 0 0
695 1612 (HwBinder:695_5) S 333 333 0 0 -1 1077936192 9200 450980 328 220 791 240 1230 2214 20 0 307 0 6060 2180423680 27176 18446744073709551615 1 1 0 0 0 0 4612 1 1073775864 0 0 0 -1 3 0 0 0 0 0 0 0 0 0 0 0 0 0
695 16757 (AmazonFingerPri) S 333 333 0 0 -1 1077936192 5 450980 0 220 0 0 1230 2214 30 10 307 0 86767127 2180423680 27176 18446744073709551615 1 1 0 0 0 0 4612 1 1073775864 0 0 0 -1 1 0 0 0 0 0 0 0 0 0 0 0 0 0
695 1699 (FireTVKeyPolicy) S 333 333 0 0 -1 1077936192 5 450980 0 220 0 0 1230 2214 18 -2 307 0 6123 2180423680 27176 18446744073709551615 1 1 0 0 0 0 4612 1 1073775864 0 0 0 -1 0 0 0 0 0 0 0 0 0 0 0 0 0 0
695 1752 (Binder:695_E) S 333 333 0 0 -1 1077936448 109712 450980 7169 220 12134 5482 1230 2214 20 0 307 0 6209 2180423680 27176 18446744073709551615 1 1 0 0 0 4096 4612 1 1073775864 0 0 0 -1 1 0 0 0 0 0 0 0 0 0 0 0 0 0
695 1759 (VolumeAliasHand) S 333 333 0 0 -1 1077936192 4 450980 0 220 0 0 1230 2214 20 0 307 0 6215 2180423680 27176 18446744073709551615 1 1 0 0 0 0 4612 1 1073775864 0 0 0 -1 2 0 0 0 0 0 0 0 0 0 0 0 0 0
695 1764 (LeGattConnectio) S 333 333 0 0 -1 1077936192 5 450980 0 220 0 0 1230 2214 20 0 307 0 6226 2180423680 27176 18446744073709551615 1 1 0 0 0 0 4612 1 1073775864 0 0 0 -1 0 0 0 0 0 0 0 0 0 0 0 0 0 0
695 1766 (LeGattScanWorke) S 333 333 0 0 -1 1077936192 5 450980 0 220 0 0 1230 2214 20 0 307 0 6226 2180423680 27176 18446744073709551615 1 1 0 0 0 0 4612 1 1073775864 0 0 0 -1 3 0 0 0 0 0 0 0 0 0 0 0 0 0
695 1767 (LeAdapterReques) S 333 333 0 0 -1 1077936192 5 450980 0 220 0 0 1230 2214 20 0 307 0 6227 2180423680 27176 18446744073709551615 1 1 0 0 0 0 4612 1 1073775864 0 0 0 -1 0 0 0 0 0 0 0 0 0 0 0 0 0 0
695 1773 (RedirectListene) S 333 333 0 0 -1 1077936192 5 450980 0 220 0 0 1230 2214 20 0 307 0 6236 2180423680 27176 18446744073709551615 1 1 0 0 0 0 4612 1 1073775864 0 0 0 -1 0 0 0 0 0 0 0 0 0 0 0 0 0 0
695 1782 (AdvertisingIdAr) S 333 333 0 0 -1 1077936192 9 450980 0 220 0 0 1230 2214 20 0 307 0 6239 2180423680 27176 18446744073709551615 1 1 0 0 0 0 4612 1 1073775864 0 0 0 -1 0 0 0 0 0 0 0 0 0 0 0 0 0 0
695 1794 (AmazonFingerPri) S 333 333 0 0 -1 1077936192 20 450980 6 220 0 0 1230 2214 30 10 307 0 6241 2180423680 27176 18446744073709551615 1 1 0 0 0 0 4612 1 1073775864 0 0 0 -1 1 0 0 0 0 0 0 0 0 0 0 0 0 0
695 1798 (ThreadPriorityB) S 333 333 0 0 -1 1077936448 568 450980 203 220 6 11 1230 2214 20 0 307 0 6242 2180423680 27176 18446744073709551615 1 1 0 0 0 0 4612 1 1073775864 0 0 0 -1 1 0 0 0 0 0 0 0 0 0 0 0 0 0
695 1801 (BtLeManagerThre) S 333 333 0 0 -1 1077936192 97 450980 19 220 0 1 1230 2214 20 0 307 0 6244 2180423680 27176 18446744073709551615 1 1 0 0 0 0 4612 1 1073775864 0 0 0 -1 0 0 0 0 0 0 0 0 0 0 0 0 0 0
695 1802 (pool-8-thread-1) S 333 333 0 0 -1 1077936192 1301 450980 263 220 46 41 1230 2214 20 0 307 0 6247 2180423680 27176 18446744073709551615 1 1 0 0 0 0 4612 1 1073775864 0 0 0 -1 3 0 0 0 0 0 0 0 0 0 0 0 0 0
695 1803 (OsuServerHandle) S 333 333 0 0 -1 1077936192 5 450980 0 220 0 0 1230 2214 20 0 307 0 6250 2180423680 27176 18446744073709551615 1 1 0 0 0 0 4612 1 1073775864 0 0 0 -1 1 0 0 0 0 0 0 0 0 0 0 0 0 0
695 1815 (LogRetentionJob) S 333 333 0 0 -1 1077936192 11 450980 2 220 0 0 1230 2214 20 0 307 0 216185958 2180423680 27176 18446744073709551615 1 1 0 0 0 0 4612 1 1073775864 0 0 0 -1 0 0 0 0 0 0 0 0 0 0 0 0 0 0
695 1828 (PerfArcusLooper) S 333 333 0 0 -1 1077936192 168 450980 67 220 2 1 1230 2214 20 0 307 0 6309 2180423680 27176 18446744073709551615 1 1 0 0 0 0 4612 1 1073775864 0 0 0 -1 1 0 0 0 0 0 0 0 0 0 0 0 0 0
695 1842 (PerfSchedTunerA) S 333 333 0 0 -1 1077936192 127 450980 74 220 1 3 1230 2214 30 10 307 0 6315 2180423680 27176 18446744073709551615 1 1 0 0 0 0 4612 1 1073775864 0 0 0 -1 1 0 0 0 0 0 0 0 0 0 0 0 0 0
695 1855 (SamplingThread) S 333 333 0 0 -1 1077936192 4 450980 0 220 0 0 1230 2214 20 0 307 0 6318 2180423680 27176 18446744073709551615 1 1 0 0 0 0 4612 1 1073775864 0 0 0 -1 3 0 0 0 0 0 0 0 0 0 0 0 0 0
695 18720 (AmazonFingerPri) S 333 333 0 0 -1 1077936192 5 450980 0 220 0 0 1230 2214 30 10 307 0 121327246 2180423680 27176 18446744073709551615 1 1 0 0 0 0 4612 1 1073775864 0 0 0 -1 1 0 0 0 0 0 0 0 0 0 0 0 0 0
695 19126 (LogRetentionJob) S 333 333 0 0 -1 1077936192 9 450980 0 220 0 0 1230 2214 20 0 307 0 52050581 2180423680 27176 18446744073709551615 1 1 0 0 0 0 4612 1 1073775864 0 0 0 -1 1 0 0 0 0 0 0 0 0 0 0 0 0 0
695 19181 (LogRetentionJob) S 333 333 0 0 -1 1077936192 9 450980 0 220 0 0 1230 2214 20 0 307 0 198910962 2180423680 27176 18446744073709551615 1 1 0 0 0 0 4612 1 1073775864 0 0 0 -1 1 0 0 0 0 0 0 0 0 0 0 0 0 0
695 20345 (LogRetentionJob) S 333 333 0 0 -1 1077936192 9 450980 0 220 0 0 1230 2214 20 0 307 0 17483740 2180423680 27176 18446744073709551615 1 1 0 0 0 0 4612 1 1073775864 0 0 0 -1 0 0 0 0 0 0 0 0 0 0 0 0 0 0
695 2100 (LazyTaskWriterT) S 333 333 0 0 -1 1077936192 6388 450980 532 220 114 251 1230 2214 30 10 307 0 6581 2180423680 27176 18446744073709551615 1 1 0 0 0 0 4612 1 1073775864 0 0 0 -1 0 0 0 0 0 0 0 0 0 0 0 0 0 0
695 2102 (StorageUserConn) S 333 333 0 0 -1 1077936192 13 450980 0 220 0 0 1230 2214 20 0 307 0 6583 2180423680 27176 18446744073709551615 1 1 0 0 0 0 4612 1 1073775864 0 0 0 -1 2 0 0 0 0 0 0 0 0 0 0 0 0 0
695 21044 (AmazonFingerPri) S 333 333 0 0 -1 1077936192 5 450980 0 220 0 0 1230 2214 30 10 307 0 52207431 2180423680 27176 18446744073709551615 1 1 0 0 0 0 4612 1 1073775864 0 0 0 -1 3 0 0 0 0 0 0 0 0 0 0 0 0 0
695 21475 (AmazonFingerPri) S 333 333 0 0 -1 1077936192 5 450980 0 220 0 0 1230 2214 30 10 307 0 199091512 2180423680 27176 18446744073709551615 1 1 0 0 0 0 4612 1 1073775864 0 0 0 -1 1 0 0 0 0 0 0 0 0 0 0 0 0 0
695 2211 (AudioPortEventH) S 333 333 0 0 -1 1077936192 603 450980 326 220 3 9 1230 2214 20 0 307 0 6637 2180423680 27176 18446744073709551615 1 1 0 0 0 0 4612 1 1073775864 0 0 0 -1 1 0 0 0 0 0 0 0 0 0 0 0 0 0
695 22517 (AmazonFingerPri) S 333 333 0 0 -1 1077936192 6 450980 0 220 0 0 1230 2214 30 10 307 0 17647085 2180423680 27176 18446744073709551615 1 1 0 0 0 0 4612 1 1073775864 0 0 0 -1 1 0 0 0 0 0 0 0 0 0 0 0 0 0
695 22634 (LogRetentionJob) S 333 333 0 0 -1 1077936192 9 450980 1 220 0 0 1230 2214 20 0 307 0 155716626 2180423680 27176 18446744073709551615 1 1 0 0 0 0 4612 1 1073775864 0 0 0 -1 3 0 0 0 0 0 0 0 0 0 0 0 0 0
695 22653 (LogRetentionJob) S 333 333 0 0 -1 1077936192 11 450980 3 220 0 0 1230 2214 20 0 307 0 207556903 2180423680 27176 18446744073709551615 1 1 0 0 0 0 4612 1 1073775864 0 0 0 -1 2 0 0 0 0 0 0 0 0 0 0 0 0 0
695 2279 (AmazonFingerPri) S 333 333 0 0 -1 1077936192 6 450980 0 220 0 0 1230 2214 30 10 307 0 104047951 2180423680 27176 18446744073709551615 1 1 0 0 0 0 4612 1 1073775864 0 0 0 -1 3 0 0 0 0 0 0 0 0 0 0 0 0 0
695 22974 (LogRetentionJob) S 333 333 0 0 -1 1077936192 9 450980 0 220 0 0 1230 2214 20 0 307 0 112524029 2180423680 27176 18446744073709551615 1 1 0 0 0 0 4612 1 1073775864 0 0 0 -1 1 0 0 0 0 0 0 0 0 0 0 0 0 0
695 24468 (LogRetentionJob) S 333 333 0 0 -1 1077936192 11 450980 8 220 0 0 1230 2214 20 0 307 0 233465958 2180423680 27176 18446744073709551615 1 1 0 0 0 0 4612 1 1073775864 0 0 0 -1 2 0 0 0 0 0 0 0 0 0 0 0 0 0
695 24597 (LogRetentionJob) S 333 333 0 0 -1 1077936192 10 450980 0 220 0 0 1230 2214 20 0 307 0 190274408 2180423680 27176 18446744073709551615 1 1 0 0 0 0 4612 1 1073775864 0 0 0 -1 1 0 0 0 0 0 0 0 0 0 0 0 0 0
695 2489 (pool-7-thread-1) S 333 333 0 0 -1 1077936192 36615 450980 944 220 1074 1542 1230 2214 20 0 307 0 6947 2180423680 27176 18446744073709551615 1 1 0 0 0 0 4612 1 1073775864 0 0 0 -1 1 0 0 0 0 0 0 0 0 0 0 0 0 0
695 25127 (AmazonFingerPri) S 333 333 0 0 -1 1077936192 5 450980 1 220 0 0 1230 2214 30 10 307 0 112688023 2180423680 27176 18446744073709551615 1 1 0 0 0 0 4612 1 1073775864 0 0 0 -1 1 0 0 0 0 0 0 0 0 0 0 0 0 0
695 25157 (AmazonFingerPri) S 333 333 0 0 -1 1077936192 6 450980 0 220 0 0 1230 2214 30 10 307 0 155892024 2180423680 27176 18446744073709551615 1 1 0 0 0 0 4612 1 1073775864 0 0 0 -1 0 0 0 0 0 0 0 0 0 0 0 0 0 0
695 25397 (AmazonFingerPri) S 333 333 0 0 -1 1077936192 8 450980 0 220 0 0 1230 2214 30 10 307 0 207732746 2180423680 27176 18446744073709551615 1 1 0 0 0 0 4612 1 1073775864 0 0 0 -1 3 0 0 0 0 0 0 0 0 0 0 0 0 0
695 2542 (Okio Watchdog) S 333 333 0 0 -1 1077936192 96 450980 58 220 85 99 1230 2214 20 0 307 0 6967 2180423680 27176 18446744073709551615 1 1 0 0 0 0 4612 1 1073775864 0 0 0 -1 3 0 0 0 0 0 0 0 0 0 0 0 0 0
695 25479 (LogRetentionJob) S 333 333 0 0 -1 1077936192 9 450980 0 220 0 0 1230 2214 20 0 307 0 77960230 2180423680 27176 18446744073709551615 1 1 0 0 0 0 4612 1 1073775864 0 0 0 -1 1 0 0 0 0 0 0 0 0 0 0 0 0 0
695 26957 (AmazonFingerPri) S 333 333 0 0 -1 1077936192 9 450980 2 220 0 0 1230 2214 30 10 307 0 233646255 2180423680 27176 18446744073709551615 1 1 0 0 0 0 4612 1 1073775864 0 0 0 -1 2 0 0 0 0 0 0 0 0 0 0 0 0 0
695 27340 (AmazonFingerPri) S 333 333 0 0 -1 1077936192 5 450980 0 220 0 0 1230 2214 30 10 307 0 190452511 2180423680 27176 18446744073709551615 1 1 0 0 0 0 4612 1 1073775864 0 0 0 -1 3 0 0 0 0 0 0 0 0 0 0 0 0 0
695 27405 (AsyncTask #16) S 333 333 0 0 -1 1077936192 4177 450980 173 220 45 24 1230 2214 30 10 307 0 254950814 2180423680 27176 18446744073709551615 1 1 0 0 0 0 4612 1 1073775864 0 0 0 -1 0 0 0 0 0 0 0 0 0 0 0 0 0 0
695 27645 (AmazonFingerPri) S 333 333 0 0 -1 1077936192 5 450980 1 220 0 0 1230 2214 30 10 307 0 78127720 2180423680 27176 18446744073709551615 1 1 0 0 0 0 4612 1 1073775864 0 0 0 -1 3 0 0 0 0 0 0 0 0 0 0 0 0 0
695 28310 (LogRetentionJob) S 333 333 0 0 -1 1077936192 10 450980 2 220 0 0 1230 2214 20 0 307 0 43395587 2180423680 27176 18446744073709551615 1 1 0 0 0 0 4612 1 1073775864 0 0 0 -1 1 0 0 0 0 0 0 0 0 0 0 0 0 0
695 29014 (LogRetentionJob) S 333 333 0 0 -1 1077936192 8 450980 1 220 0 0 1230 2214 20 0 307 0 8827337 2180423680 27176 18446744073709551615 1 1 0 0 0 0 4612 1 1073775864 0 0 0 -1 1 0 0 0 0 0 0 0 0 0 0 0 0 0
695 29588 (LogRetentionJob) S 333 333 0 0 -1 1077936192 13 450980 4 220 0 0 1230 2214 20 0 307 0 250745958 2180423680 27176 18446744073709551615 1 1 0 0 0 0 4612 1 1073775864 0 0 0 -1 3 0 0 0 0 0 0 0 0 0 0 0 0 0
695 29756 (LogRetentionJob) S 333 333 0 0 -1 1077936192 10 450980 0 220 0 0 1230 2214 20 0 307 0 147084566 2180423680 27176 18446744073709551615 1 1 0 0 0 0 4612 1 1073775864 0 0 0 -1 0 0 0 0 0 0 0 0 0 0 0 0 0 0
695 30600 (LogRetentionJob) S 333 333 0 0 -1 1077936192 12 450980 5 220 0 0 1230 2214 20 0 307 0 259385957 2180423680 27176 18446744073709551615 1 1 0 0 0 0 4612 1 1073775864 0 0 0 -1 0 0 0 0 0 0 0 0 0 0 0 0 0 0
695 30920 (AmazonFingerPri) S 333 333 0 0 -1 1077936192 6 450980 1 220 0 0 1230 2214 30 10 307 0 43567339 2180423680 27176 18446744073709551615 1 1 0 0 0 0 4612 1 1073775864 0 0 0 -1 3 0 0 0 0 0 0 0 0 0 0 0 0 0
695 30945 (AmazonFingerPri) S 333 333 0 0 -1 1077936192 8 450980 4 220 0 0 1230 2214 30 10 307 0 366254 2180423680 27176 18446744073709551615 1 1 0 0 0 0 4612 1 1073775864 0 0 0 -1 2 0 0 0 0 0 0 0 0 0 0 0 0 0
695 31028 (AmazonFingerPri) S 333 333 0 0 -1 1077936192 6 450980 0 220 0 0 1230 2214 30 10 307 0 9006991 2180423680 27176 18446744073709551615 1 1 0 0 0 0 4612 1 1073775864 0 0 0 -1 2 0 0 0 0 0 0 0 0 0 0 0 0 0
695 31588 (LogRetentionJob) S 333 333 0 0 -1 1077936192 10 450980 0 220 0 0 1230 2214 20 0 307 0 103868899 2180423680 27176 18446744073709551615 1 1 0 0 0 0 4612 1 1073775864 0 0 0 -1 1 0 0 0 0 0 0 0 0 0 0 0 0 0
695 31855 (AmazonFingerPri) S 333 333 0 0 -1 1077936192 6 450980 0 220 0 0 1230 2214 30 10 307 0 147251855 2180423680 27176 18446744073709551615 1 1 0 0 0 0 4612 1 1073775864 0 0 0 -1 1 0 0 0 0 0 0 0 0 0 0 0 0 0
695 31983 (AmazonFingerPri) S 333 333 0 0 -1 1077936192 7 450980 0 220 0 0 1230 2214 30 10 307 0 250926254 2180423680 27176 18446744073709551615 1 1 0 0 0 0 4612 1 1073775864 0 0 0 -1 1 0 0 0 0 0 0 0 0 0 0 0 0 0
695 3214 (BtCallback) S 333 333 0 0 -1 1077936192 61 450980 9 220 0 1 1230 2214 20 0 307 0 7572 2180423680 27176 18446744073709551615 1 1 0 0 0 0 4612 1 1073775864 0 0 0 -1 3 0 0 0 0 0 0 0 0 0 0 0 0 0
695 32234 (OkHttp Connecti) S 333 333 0 0 -1 1077936192 16 450980 1 220 0 0 1230 2214 20 0 307 0 269301060 2180423680 27176 18446744073709551615 1 1 0 0 0 0 4612 1 1073775864 0 0 0 -1 0 0 0 0 0 0 0 0 0 0 0 0 0 0
695 3245 (AmazonFingerPri) S 333 333 0 0 -1 1077936192 7 450980 1 220 0 0 1230 2214 30 10 307 0 69487613 2180423680 27176 18446744073709551615 1 1 0 0 0 0 4612 1 1073775864 0 0 0 -1 0 0 0 0 0 0 0 0 0 0 0 0 0 0
695 32725 (LogRetentionJob) S 333 333 0 0 -1 1077936192 9 450980 0 220 0 0 1230 2214 20 0 307 0 69334139 2180423680 27176 18446744073709551615 1 1 0 0 0 0 4612 1 1073775864 0 0 0 -1 0 0 0 0 0 0 0 0 0 0 0 0 0 0
695 3367 (AmazonFingerPri) S 333 333 0 0 -1 1077936192 5 450980 0 220 0 0 1230 2214 30 10 307 0 181812401 2180423680 27176 18446744073709551615 1 1 0 0 0 0 4612 1 1073775864 0 0 0 -1 3 0 0 0 0 0 0 0 0 0 0 0 0 0
695 3390 (LogRetentionJob) S 333 333 0 0 -1 1077936192 10 450980 0 220 0 0 1230 2214 20 0 307 0 138429987 2180423680 27176 18446744073709551615 1 1 0 0 0 0 4612 1 1073775864 0 0 0 -1 0 0 0 0 0 0 0 0 0 0 0 0 0 0
695 353 (LogRetentionJob) S 333 333 0 0 -1 1077936192 9 450980 0 220 0 0 1230 2214 20 0 307 0 181644164 2180423680 27176 18446744073709551615 1 1 0 0 0 0 4612 1 1073775864 0 0 0 -1 3 0 0 0 0 0 0 0 0 0 0 0 0 0
695 4400 (Binder:695_F) S 333 333 0 0 -1 1077936448 103806 450980 5942 220 11524 5038 1230 2214 20 0 307 0 9269 2180423680 27176 18446744073709551615 1 1 0 0 0 0 4612 1 1073775864 0 0 0 -1 0 0 0 0 0 0 0 0 0 0 0 0 0 0
695 4552 (AmazonFingerPri) S 333 333 0 0 -1 1077936192 6 450980 0 220 0 0 1230 2214 30 10 307 0 216366254 2180423680 27176 18446744073709551615 1 1 0 0 0 0 4612 1 1073775864 0 0 0 -1 0 0 0 0 0 0 0 0 0 0 0 0 0 0
695 4634 (AmazonKeyEventL) S 333 333 0 0 -1 1077936192 1129 450980 587 220 51 52 1230 2214 20 0 307 0 9769 2180423680 27176 18446744073709551615 1 1 0 0 0 0 4612 1 1073775864 0 0 0 -1 3 0 0 0 0 0 0 0 0 0 0 0 0 0
695 4882 (Binder:695_10) S 333 333 0 0 -1 1077936448 118925 450980 5357 220 13555 6343 1230 2214 20 0 307 0 10131 2180423680 27176 18446744073709551615 1 1 0 0 0 0 4612 1 1073775864 0 0 0 -1 0 0 0 0 0 0 0 0 0 0 0 0 0 0
695 4949 (LogRetentionJob) S 333 333 0 0 -1 1077936192 12 450980 0 220 0 0 1230 2214 20 0 307 0 34746810 2180423680 27176 18446744073709551615 1 1 0 0 0 0 4612 1 1073775864 0 0 0 -1 3 0 0 0 0 0 0 0 0 0 0 0 0 0
695 5713 (pool-6-thread-1) S 333 333 0 0 -1 1077936192 10839 450980 303 220 648 183 1230 2214 20 0 307 0 12369 2180423680 27176 18446744073709551615 1 1 0 0 0 0 4612 1 1073775864 0 0 0 -1 2 0 0 0 0 0 0 0 0 0 0 0 0 0
695 5832 (AmazonFingerPri) S 333 333 0 0 -1 1077936192 5 450980 0 220 0 0 1230 2214 30 10 307 0 138611723 2180423680 27176 18446744073709551615 1 1 0 0 0 0 4612 1 1073775864 0 0 0 -1 3 0 0 0 0 0 0 0 0 0 0 0 0 0
695 6078 (Binder:695_11) S 333 333 0 0 -1 1077936448 115807 450980 5328 220 12755 5681 1230 2214 20 0 307 0 13684 2180423680 27176 18446744073709551615 1 1 0 0 0 0 4612 1 1073775864 0 0 0 -1 0 0 0 0 0 0 0 0 0 0 0 0 0 0
695 6150 (LogRetentionJob) S 333 333 0 0 -1 1077936192 14 450980 4 220 0 0 1230 2214 20 0 307 0 224825959 2180423680 27176 18446744073709551615 1 1 0 0 0 0 4612 1 1073775864 0 0 0 -1 1 0 0 0 0 0 0 0 0 0 0 0 0 0
695 6304 (Binder:695_12) S 333 333 0 0 -1 1077936448 125248 450980 5538 220 14248 6418 1230 2214 20 0 307 0 14215 2180423680 27176 18446744073709551615 1 1 0 0 0 0 4612 1 1073775864 0 0 0 -1 0 0 0 0 0 0 0 0 0 0 0 0 0 0
695 6513 (LogRetentionJob) S 333 333 0 0 -1 1077936192 9 450980 0 220 0 0 1230 2214 20 0 307 0 173014960 2180423680 27176 18446744073709551615 1 1 0 0 0 0 4612 1 1073775864 0 0 0 -1 3 0 0 0 0 0 0 0 0 0 0 0 0 0
695 6541 (Binder:695_13) S 333 333 0 0 -1 1077936448 123162 450980 6825 220 13460 6020 1230 2214 20 0 307 0 15162 2180423680 27176 18446744073709551615 1 1 0 0 0 0 4612 1 1073775864 0 0 0 -1 3 0 0 0 0 0 0 0 0 0 0 0 0 0
695 6632 (Binder:695_14) S 333 333 0 0 -1 1077936448 155880 450980 5964 220 17159 7857 1230 2214 20 0 307 0 15411 2180423680 27176 18446744073709551615 1 1 0 0 0 0 4612 1 1073775864 0 0 0 -1 0 0 0 0 0 0 0 0 0 0 0 0 0 0
695 6785 (Binder:695_15) S 333 333 0 0 -1 1077936448 140376 450980 4854 220 15899 6955 1230 2214 20 0 307 0 15816 2180423680 27176 18446744073709551615 1 1 0 0 0 0 4612 1 1073775864 0 0 0 -1 0 0 0 0 0 0 0 0 0 0 0 0 0 0
695 695 (Binder:695_3) S 333 333 0 0 -1 1077936448 2765617 450980 43080 220 82373 20263 1230 2214 18 -2 307 0 1304 2180423680 27176 18446744073709551615 1 1 0 0 0 0 4612 1 1073775864 0 0 0 17 2 0 0 0 0 0 0 0 0 0 0 0 0 0
695 701 (Signal Catcher) S 333 333 0 0 -1 1077936192 46 450980 0 220 0 0 1230 2214 0 -20 307 0 1306 2180423680 27176 18446744073709551615 1 1 0 0 0 0 4096 1 1073775864 0 0 0 -1 1 0 0 0 0 0 0 0 0 0 0 0 0 0
695 702 (perfetto_hprof_) S 333 333 0 0 -1 4194368 5 450980 0 220 0 0 1230 2214 0 -20 307 0 1306 2180423680 27176 18446744073709551615 1 1 0 0 0 0 4612 1 1073775864 0 0 0 -1 1 0 0 0 0 0 0 0 0 0 0 0 0 0
695 703 (Jit thread pool) S 333 333 0 0 -1 1077936192 62222 450980 2466 220 386 138 1230 2214 20 0 307 0 1307 2180423680 27176 18446744073709551615 1 1 0 0 0 0 4612 1 1073775864 0 0 0 -1 3 0 0 0 0 0 0 0 0 0 0 0 0 0
695 704 (HeapTaskDaemon) S 333 333 0 0 -1 1077936192 2970721 450980 151927 220 103401 8228 1230 2214 24 4 307 0 1307 2180423680 27176 18446744073709551615 1 1 0 0 0 0 4612 1 1073775864 0 0 0 -1 2 0 0 0 0 0 0 0 0 0 0 0 0 0
695 705 (ReferenceQueueD) S 333 333 0 0 -1 1077936192 2764 450980 2546 220 2050 511 1230 2214 24 4 307 0 1307 2180423680 27176 18446744073709551615 1 1 0 0 0 0 4612 1 1073775864 0 0 0 -1 1 0 0 0 0 0 0 0 0 0 0 0 0 0
695 706 (FinalizerDaemon) S 333 333 0 0 -1 1077936192 7229 450980 1845 220 772 303 1230 2214 24 4 307 0 1307 2180423680 27176 18446744073709551615 1 1 0 0 0 0 4612 1 1073775864 0 0 0 -1 1 0 0 0 0 0 0 0 0 0 0 0 0 0
695 707 (FinalizerWatchd) S 333 333 0 0 -1 1077936192 45 450980 19 220 47 34 1230 2214 24 4 307 0 1307 2180423680 27176 18446744073709551615 1 1 0 0 0 0 4612 1 1073775864 0 0 0 -1 3 0 0 0 0 0 0 0 0 0 0 0 0 0
695 7145 (Timer-43) S 333 333 0 0 -1 1077936192 4 450980 2 220 0 0 1230 2214 20 0 307 0 267852421 2180423680 27176 18446744073709551615 1 1 0 0 0 0 4612 1 1073775864 0 0 0 -1 3 0 0 0 0 0 0 0 0 0 0 0 0 0
695 7260 (AmazonFingerPri) S 333 333 0 0 -1 1077936192 6 450980 1 220 0 0 1230 2214 30 10 307 0 34927250 2180423680 27176 18446744073709551615 1 1 0 0 0 0 4612 1 1073775864 0 0 0 -1 1 0 0 0 0 0 0 0 0 0 0 0 0 0
695 729 (Binder:695_1) S 333 333 0 0 -1 1077936448 137021 450980 4217 220 16467 7142 1230 2214 20 0 307 0 1538 2180423680 27176 18446744073709551615 1 1 0 0 0 0 4612 1 1073775864 0 0 0 -1 2 0 0 0 0 0 0 0 0 0 0 0 0 0
695 730 (Binder:695_2) S 333 333 0 0 -1 1077936448 100683 450980 4280 220 12291 5604 1230 2214 20 0 307 0 1538 2180423680 27176 18446744073709551615 1 1 0 0 0 0 4612 1 1073775864 0 0 0 -1 0 0 0 0 0 0 0 0 0 0 0 0 0 0
695 731 (android.fg) S 333 333 0 0 -1 1077936448 962797 450980 3419 220 24683 18246 1230 2214 20 0 307 0 1579 2180423680 27176 18446744073709551615 1 1 0 0 0 0 4612 1 1073775864 0 0 0 -1 2 0 0 0 0 0 0 0 0 0 0 0 0 0
695 732 (android.ui) S 333 333 0 0 -1 1077936448 11717 450980 2286 220 7119 5650 1230 2214 18 -2 307 0 1579 2180423680 27176 18446744073709551615 1 1 0 0 0 0 4612 1 1073775864 0 0 0 -1 1 0 0 0 0 0 0 0 0 0 0 0 0 0
695 733 (android.io) S 333 333 0 0 -1 1077936192 347945 450980 1115 220 6498 3575 1230 2214 20 0 307 0 1579 2180423680 27176 18446744073709551615 1 1 0 0 0 0 4612 1 1073775864 0 0 0 -1 3 0 0 0 0 0 0 0 0 0 0 0 0 0
695 734 (android.display) S 333 333 0 0 -1 1077936448 40700 450980 6516 220 1493 739 1230 2214 17 -3 307 0 1579 2180423680 27176 18446744073709551615 1 1 0 0 0 0 4612 1 1073775864 0 0 0 -1 1 0 0 0 0 0 0 0 0 0 0 0 0 0
695 735 (android.anim) S 333 333 0 0 -1 1077936192 1507837 450980 12773 220 3276 1625 1230 2214 16 -4 307 0 1579 2180423680 27176 18446744073709551615 1 1 0 0 0 0 4612 1 1073775864 0 0 0 -1 2 0 0 0 0 0 0 0 0 0 0 0 0 0
695 736 (android.anim.lf) S 333 333 0 0 -1 1077936192 1035 450980 671 220 337 250 1230 2214 16 -4 307 0 1579 2180423680 27176 18446744073709551615 1 1 0 0 0 0 4612 1 1073775864 0 0 0 -1 0 0 0 0 0 0 0 0 0 0 0 0 0 0
695 737 (watchdog) S 333 333 0 0 -1 1077936192 8341 450980 170 220 1551 1065 1230 2214 20 0 307 0 1579 2180423680 27176 18446744073709551615 1 1 0 0 0 0 4612 1 1073775864 0 0 0 -1 0 0 0 0 0 0 0 0 0 0 0 0 0 0
695 739 (PackageRecency ) S 333 333 0 0 -1 1077936192 397 450980 149 220 16 9 1230 2214 30 10 307 0 1585 2180423680 27176 18446744073709551615 1 1 0 0 0 0 4612 1 1073775864 0 0 0 -1 1 0 0 0 0 0 0 0 0 0 0 0 0 0
695 740 (android.bg) S 333 333 0 0 -1 1077936448 1045285 450980 29706 220 25333 74317 1230 2214 30 10 307 0 1586 2180423680 27176 18446744073709551615 1 1 0 0 0 0 4612 1 1073775864 0 0 0 -1 2 0 0 0 0 0 0 0 0 0 0 0 0 0
695 741 (ActivityManager) S 333 333 0 0 -1 1077936448 130470 450980 8369 220 14317 32782 1230 2214 18 -2 307 0 1587 2180423680 27176 18446744073709551615 1 1 0 0 0 0 4612 1 1073775864 0 0 0 -1 2 0 0 0 0 0 0 0 0 0 0 0 0 0
695 742 (ActivityManager) S 333 333 0 0 -1 1077936448 53434 450980 994 220 954 600 1230 2214 18 -2 307 0 1587 2180423680 27176 18446744073709551615 1 1 0 0 0 0 4612 1 1073775864 0 0 0 -1 3 0 0 0 0 0 0 0 0 0 0 0 0 0
695 743 (ActivityManager) S 333 333 0 0 -1 1077936448 4311 450980 2126 220 323 1205 1230 2214 30 10 307 0 1601 2180423680 27176 18446744073709551615 1 1 0 0 0 0 4612 1 1073775864 0 0 0 -1 3 0 0 0 0 0 0 0 0 0 0 0 0 0
695 744 (ActivityManager) S 333 333 0 0 -1 1077936192 3811 450980 1650 220 209 224 1230 2214 30 10 307 0 1601 2180423680 27176 18446744073709551615 1 1 0 0 0 0 4612 1 1073775864 0 0 0 -1 3 0 0 0 0 0 0 0 0 0 0 0 0 0
695 745 (Thread-2) S 333 333 0 0 -1 1077936192 139 450980 286 220 3 195 1230 2214 20 0 307 0 1601 2180423680 27176 18446744073709551615 1 1 0 0 0 0 4612 1 1073775864 0 0 0 -1 0 0 0 0 0 0 0 0 0 0 0 0 0 0
695 746 (OomAdjuster) S 333 333 0 0 -1 1077936448 5113 450980 202 220 8649 34852 1230 2214 10 -10 307 0 1601 2180423680 27176 18446744073709551615 1 1 0 0 0 0 4612 1 1073775864 0 0 0 -1 2 0 0 0 0 0 0 0 0 0 0 0 0 0
695 747 (batterystats-wo) S 333 333 0 0 -1 1077936192 344411 450980 5680 220 4075 3543 1230 2214 20 0 307 0 1604 2180423680 27176 18446744073709551615 1 1 0 0 0 0 4612 1 1073775864 0 0 0 -1 0 0 0 0 0 0 0 0 0 0 0 0 0 0
695 748 (FileObserver) S 333 333 0 0 -1 4194368 83 450980 26 220 0 1 1230 2214 20 0 307 0 1626 2180423680 27176 18446744073709551615 1 1 0 0 0 0 4612 1 1073775864 0 0 0 -1 0 0 0 0 0 0 0 0 0 0 0 0 0 0
695 749 (CpuTracker) S 333 333 0 0 -1 1077936448 7614 450980 391 220 2949 12162 1230 2214 20 0 307 0 1628 2180423680 27176 18446744073709551615 1 1 0 0 0 0 4612 1 1073775864 0 0 0 -1 3 0 0 0 0 0 0 0 0 0 0 0 0 0
695 750 (Thread-3) S 333 333 0 0 -1 1077936192 8 450980 0 220 0 0 1230 2214 18 -2 307 0 1629 2180423680 27176 18446744073709551615 1 1 0 0 0 0 4612 1 1073775864 0 0 0 -1 2 0 0 0 0 0 0 0 0 0 0 0 0 0
695 751 (Thread-4) S 333 333 0 0 -1 1077936192 6 450980 0 220 0 0 1230 2214 18 -2 307 0 1629 2180423680 27176 18446744073709551615 1 1 0 0 0 0 4612 1 1073775864 0 0 0 -1 1 0 0 0 0 0 0 0 0 0 0 0 0 0
695 752 (Thread-5) S 333 333 0 0 -1 1077936192 279 450980 194 220 6051 20459 1230 2214 18 -2 307 0 1629 2180423680 27176 18446744073709551615 1 1 0 0 0 0 4612 1 1073775864 0 0 0 -1 2 0 0 0 0 0 0 0 0 0 0 0 0 0
695 753 (AmazonPowerMana) S 333 333 0 0 -1 1077936192 1139 450980 259 220 97 32 1230 2214 25 5 307 0 1630 2180423680 27176 18446744073709551615 1 1 0 0 0 0 4612 1 1073775864 0 0 0 -1 3 0 0 0 0 0 0 0 0 0 0 0 0 0
695 754 (SuspendToRamVen) S 333 333 0 0 -1 1077936192 46 450980 22 220 0 0 1230 2214 25 5 307 0 1630 2180423680 27176 18446744073709551615 1 1 0 0 0 0 4612 1 1073775864 0 0 0 -1 3 0 0 0 0 0 0 0 0 0 0 0 0 0
695 755 (HomeLauncherCal) S 333 333 0 0 -1 1077936448 208 450980 53 220 8 8 1230 2214 25 5 307 0 1630 2180423680 27176 18446744073709551615 1 1 0 0 0 0 4612 1 1073775864 0 0 0 -1 0 0 0 0 0 0 0 0 0 0 0 0 0 0
695 756 (PowerManagerSer) S 333 333 0 0 -1 1077936448 8674 450980 1290 220 2236 1996 1230 2214 10 -10 307 0 1630 2180423680 27176 18446744073709551615 1 1 0 0 0 0 4612 1 1073775864 0 0 0 -1 2 0 0 0 0 0 0 0 0 0 0 0 0 0
695 757 (HwBinder:695_1) S 333 333 0 0 -1 1077936192 3798 450980 340 220 325 100 1230 2214 20 0 307 0 1631 2180423680 27176 18446744073709551615 1 1 0 0 0 0 4612 1 1073775864 0 0 0 -1 1 0 0 0 0 0 0 0 0 0 0 0 0 0
695 758 (BatteryStats_wa) S 333 333 0 0 -1 1077936192 6 450980 0 220 0 0 1230 2214 18 -2 307 0 1631 2180423680 27176 18446744073709551615 1 1 0 0 0 0 4612 1 1073775864 0 0 0 -1 2 0 0 0 0 0 0 0 0 0 0 0 0 0
695 760 (PackageManager) S 333 333 0 0 -1 1077936192 6 450980 0 220 0 0 1230 2214 30 10 307 0 1639 2180423680 27176 18446744073709551615 1 1 0 0 0 0 4612 1 1073775864 0 0 0 -1 1 0 0 0 0 0 0 0 0 0 0 0 0 0
695 761 (PackageManager) S 333 333 0 0 -1 1077936448 428092 450980 7588 220 13330 4450 1230 2214 30 10 307 0 1652 2180423680 27176 18446744073709551615 1 1 0 0 0 0 4612 1 1073775864 0 0 0 -1 2 0 0 0 0 0 0 0 0 0 0 0 0 0
695 772 (PackageInstalle) S 333 333 0 0 -1 1077936192 171039 450980 3801 220 3148 792 1230 2214 20 0 307 0 2983 2180423680 27176 18446744073709551615 1 1 0 0 0 0 4612 1 1073775864 0 0 0 -1 1 0 0 0 0 0 0 0 0 0 0 0 0 0
695 7739 (Binder:695_16) S 333 333 0 0 -1 1077936448 144493 450980 5315 220 16555 7180 1230 2214 20 0 307 0 18295 2180423680 27176 18446744073709551615 1 1 0 0 0 0 4612 1 1073775864 0 0 0 -1 1 0 0 0 0 0 0 0 0 0 0 0 0 0
695 775 (HealthServiceHw) S 333 333 0 0 -1 1077936192 6 450980 0 220 0 0 1230 2214 20 0 307 0 3058 2180423680 27176 18446744073709551615 1 1 0 0 0 0 4612 1 1073775864 0 0 0 -1 0 0 0 0 0 0 0 0 0 0 0 0 0 0
695 778 (RollbackPackage) S 333 333 0 0 -1 1077936192 9 450980 0 220 0 0 1230 2214 20 0 307 0 3060 2180423680 27176 18446744073709551615 1 1 0 0 0 0 4612 1 1073775864 0 0 0 -1 1 0 0 0 0 0 0 0 0 0 0 0 0 0
695 779 (RollbackManager) S 333 333 0 0 -1 1077936192 1526 450980 295 220 62 39 1230 2214 20 0 307 0 3061 2180423680 27176 18446744073709551615 1 1 0 0 0 0 4612 1 1073775864 0 0 0 -1 0 0 0 0 0 0 0 0 0 0 0 0 0 0
695 7793 (LogRetentionJob) S 333 333 0 0 -1 1077936192 10 450980 1 220 0 0 1230 2214 20 0 307 0 95242888 2180423680 27176 18446744073709551615 1 1 0 0 0 0 4612 1 1073775864 0 0 0 -1 0 0 0 0 0 0 0 0 0 0 0 0 0 0
695 781 (AccountManagerS) S 333 333 0 0 -1 1077936192 2434 450980 956 220 75 33 1230 2214 18 -2 307 0 3064 2180423680 27176 18446744073709551615 1 1 0 0 0 0 4612 1 1073775864 0 0 0 -1 0 0 0 0 0 0 0 0 0 0 0 0 0 0
695 782 (SettingsProvide) S 333 333 0 0 -1 1077936192 11483 450980 1070 220 598 231 1230 2214 30 10 307 0 3067 2180423680 27176 18446744073709551615 1 1 0 0 0 0 4612 1 1073775864 0 0 0 -1 1 0 0 0 0 0 0 0 0 0 0 0 0 0
695 787 (AlarmManager) S 333 333 0 0 -1 1077936448 20157 450980 861 220 1693 1458 1230 2214 20 0 307 0 3142 2180423680 27176 18446744073709551615 1 1 0 0 0 0 4612 1 1073775864 0 0 0 -1 1 0 0 0 0 0 0 0 0 0 0 0 0 0
695 789 (AmazonAccMgrCal) S 333 333 0 0 -1 1077936192 5 450980 0 220 0 0 1230 2214 30 10 307 0 3150 2180423680 27176 18446744073709551615 1 1 0 0 0 0 4612 1 1073775864 0 0 0 -1 1 0 0 0 0 0 0 0 0 0 0 0 0 0
695 790 (MagnifierSettin) S 333 333 0 0 -1 1077936192 5 450980 0 220 0 0 1230 2214 20 0 307 0 3152 2180423680 27176 18446744073709551615 1 1 0 0 0 0 4612 1 1073775864 0 0 0 -1 2 0 0 0 0 0 0 0 0 0 0 0 0 0
695 792 (CustomAppLaunch) S 333 333 0 0 -1 1077936192 4 450980 0 220 0 0 1230 2214 25 5 307 0 3155 2180423680 27176 18446744073709551615 1 1 0 0 0 0 4612 1 1073775864 0 0 0 -1 2 0 0 0 0 0 0 0 0 0 0 0 0 0
695 793 (UEventObserver) S 333 333 0 0 -1 4194624 730 450980 284 220 30 34 1230 2214 20 0 307 0 3156 2180423680 27176 18446744073709551615 1 1 0 0 0 0 4612 1 1073775864 0 0 0 -1 1 0 0 0 0 0 0 0 0 0 0 0 0 0
695 794 (AmazonWindowMet) S 333 333 0 0 -1 1077936192 6500 450980 930 220 126 43 1230 2214 20 0 307 0 3157 2180423680 27176 18446744073709551615 1 1 0 0 0 0 4612 1 1073775864 0 0 0 -1 2 0 0 0 0 0 0 0 0 0 0 0 0 0
695 795 (ArcusConfig) S 333 333 0 0 -1 1077936192 151 450980 102 220 2 2 1230 2214 20 0 307 0 3157 2180423680 27176 18446744073709551615 1 1 0 0 0 0 4612 1 1073775864 0 0 0 -1 1 0 0 0 0 0 0 0 0 0 0 0 0 0
695 796 (PipUpdateHandle) S 333 333 0 0 -1 1077936192 5 450980 0 220 0 0 1230 2214 20 0 307 0 3157 2180423680 27176 18446744073709551615 1 1 0 0 0 0 4612 1 1073775864 0 0 0 -1 2 0 0 0 0 0 0 0 0 0 0 0 0 0
695 797 (InputDispatcher) S 333 333 0 0 -1 1077936192 3667 450980 1884 220 484 1140 1230 2214 12 -8 307 0 3157 2180423680 27176 18446744073709551615 1 1 0 0 0 0 4612 1 1073775864 0 0 0 -1 0 0 0 0 0 0 0 0 0 0 0 0 0 0
695 798 (InputReader) S 333 333 0 0 -1 1077936448 10575 450980 1724 220 563 1240 1230 2214 12 -8 307 0 3157 2180423680 27176 18446744073709551615 1 1 0 0 0 0 4612 1 1073775864 0 0 0 -1 3 0 0 0 0 0 0 0 0 0 0 0 0 0
695 800 (NetworkWatchlis) S 333 333 0 0 -1 1077936192 76742 450980 1159 220 2438 1318 1230 2214 30 10 307 0 3160 2180423680 27176 18446744073709551615 1 1 0 0 0 0 4612 1 1073775864 0 0 0 -1 3 0 0 0 0 0 0 0 0 0 0 0 0 0
695 801 (AppIntegrityMan) S 333 333 0 0 -1 1077936448 28702 450980 3986 220 390 185 1230 2214 20 0 307 0 3160 2180423680 27176 18446744073709551615 1 1 0 0 0 0 4612 1 1073775864 0 0 0 -1 2 0 0 0 0 0 0 0 0 0 0 0 0 0
695 802 (StorageManagerS) S 333 333 0 0 -1 1077936192 1280 450980 152 220 17 12 1230 2214 20 0 307 0 3165 2180423680 27176 18446744073709551615 1 1 0 0 0 0 4612 1 1073775864 0 0 0 -1 0 0 0 0 0 0 0 0 0 0 0 0 0 0
695 8454 (AmazonFingerPri) S 333 333 0 0 -1 1077936192 6 450980 6 220 0 1 1230 2214 30 10 307 0 225006254 2180423680 27176 18446744073709551615 1 1 0 0 0 0 4612 1 1073775864 0 0 0 -1 3 0 0 0 0 0 0 0 0 0 0 0 0 0
695 8880 (Binder:695_17) S 333 333 0 0 -1 1077936448 180468 450980 5716 220 19938 8923 1230 2214 20 0 307 0 20691 2180423680 27176 18446744073709551615 1 1 0 0 0 0 4612 1 1073775864 0 0 0 -1 0 0 0 0 0 0 0 0 0 0 0 0 0 0
695 8961 (AmazonFingerPri) S 333 333 0 0 -1 1077936192 5 450980 0 220 0 0 1230 2214 30 10 307 0 173172283 2180423680 27176 18446744073709551615 1 1 0 0 0 0 4612 1 1073775864 0 0 0 -1 0 0 0 0 0 0 0 0 0 0 0 0 0 0
695 9268 (AudioTrack) S 333 333 0 0 -1 1077936192 8 450980 3 220 0 0 1230 2214 4 -16 307 0 200357252 2180423680 27176 18446744073709551615 1 1 0 0 0 0 4612 1 1073775864 0 0 0 -1 2 0 0 0 0 0 0 0 0 0 0 0 0 0
695 9484 (Binder:695_18) S 333 333 0 0 -1 1077936448 184695 450980 7256 220 22178 9948 1230 2214 20 0 307 0 21846 2180423680 27176 18446744073709551615 1 1 0 0 0 4096 4612 1 1073775864 0 0 0 -1 0 0 0 0 0 0 0 0 0 0 0 0 0 0
695 970 (LockSettingsSer) S 333 333 0 0 -1 1077936192 9 450980 0 220 0 0 1230 2214 30 10 307 0 5587 2180423680 27176 18446744073709551615 1 1 0 0 0 0 4612 1 1073775864 0 0 0 -1 0 0 0 0 0 0 0 0 0 0 0 0 0 0
695 973 (NetworkStats) S 333 333 0 0 -1 1077936448 9663967 450980 7237 220 591248 18623 1230 2214 20 0 307 0 5614 2180423680 27176 18446744073709551615 1 1 0 0 0 0 4612 1 1073775864 0 0 0 -1 1 0 0 0 0 0 0 0 0 0 0 0 0 0
695 974 (NetworkPolicy) S 333 333 0 0 -1 1077936192 2884873 450980 726 220 30032 5963 1230 2214 20 0 307 0 5615 2180423680 27176 18446744073709551615 1 1 0 0 0 0 4612 1 1073775864 0 0 0 -1 1 0 0 0 0 0 0 0 0 0 0 0 0 0
695 975 (tworkPolicy.uid) S 333 333 0 0 -1 1077936192 58146 450980 695 220 703 703 1230 2214 18 -2 307 0 5615 2180423680 27176 18446744073709551615 1 1 0 0 0 0 4612 1 1073775864 0 0 0 -1 2 0 0 0 0 0 0 0 0 0 0 0 0 0
695 976 (AsyncChannelHan) S 333 333 0 0 -1 1077936192 6 450980 0 220 0 0 1230 2214 20 0 307 0 5619 2180423680 27176 18446744073709551615 1 1 0 0 0 0 4612 1 1073775864 0 0 0 -1 1 0 0 0 0 0 0 0 0 0 0 0 0 0
695 977 (WifiHandlerThre) S 333 333 0 0 -1 1077936448 2200175 450980 14252 220 61219 21360 1230 2214 20 0 307 0 5619 2180423680 27176 18446744073709551615 1 1 0 0 0 0 4612 1 1073775864 0 0 0 -1 0 0 0 0 0 0 0 0 0 0 0 0 0 0
695 978 (WifiP2pService) S 333 333 0 0 -1 1077936192 1458 450980 478 220 22 23 1230 2214 20 0 307 0 5619 2180423680 27176 18446744073709551615 1 1 0 0 0 0 4612 1 1073775864 0 0 0 -1 1 0 0 0 0 0 0 0 0 0 0 0 0 0
695 979 (PasspointProvis) S 333 333 0 0 -1 1077936192 86 450980 2 220 4 1 1230 2214 20 0 307 0 5619 2180423680 27176 18446744073709551615 1 1 0 0 0 0 4612 1 1073775864 0 0 0 -1 1 0 0 0 0 0 0 0 0 0 0 0 0 0
695 980 (WifiScanningSer) S 333 333 0 0 -1 1077936448 2681 450980 63 220 78 9 1230 2214 20 0 307 0 5643 2180423680 27176 18446744073709551615 1 1 0 0 0 0 4612 1 1073775864 0 0 0 -1 2 0 0 0 0 0 0 0 0 0 0 0 0 0
695 981 (ConnectivitySer) S 333 333 0 0 -1 1077936192 1206556 450980 2781 220 63748 2902 1230 2214 20 0 307 0 5649 2180423680 27176 18446744073709551615 1 1 0 0 0 0 4612 1 1073775864 0 0 0 -1 0 0 0 0 0 0 0 0 0 0 0 0 0 0
695 9814 (AmazonFingerPri) S 333 333 0 0 -1 1077936192 6 450980 0 220 0 0 1230 2214 30 10 307 0 95407880 2180423680 27176 18446744073709551615 1 1 0 0 0 0 4612 1 1073775864 0 0 0 -1 0 0 0 0 0 0 0 0 0 0 0 0 0 0
695 982 (roid.pacmanager) S 333 333 0 0 -1 1077936192 5 450980 0 220 0 0 1230 2214 20 0 307 0 5649 2180423680 27176 18446744073709551615 1 1 0 0 0 0 4612 1 1073775864 0 0 0 -1 1 0 0 0 0 0 0 0 0 0 0 0 0 0
695 983 (NsdService) S 333 333 0 0 -1 1077936192 6 450980 0 220 0 0 1230 2214 20 0 307 0 5651 2180423680 27176 18446744073709551615 1 1 0 0 0 0 4612 1 1073775864 0 0 0 -1 3 0 0 0 0 0 0 0 0 0 0 0 0 0
695 984 (mDnsConnector) S 333 333 0 0 -1 1077936192 6 450980 0 220 0 0 1230 2214 20 0 307 0 5652 2180423680 27176 18446744073709551615 1 1 0 0 0 0 4612 1 1073775864 0 0 0 -1 0 0 0 0 0 0 0 0 0 0 0 0 0 0
695 985 (ranker) S 333 333 0 0 -1 1077936192 105827 450980 343 220 935 168 1230 2214 30 10 307 0 5655 2180423680 27176 18446744073709551615 1 1 0 0 0 0 4612 1 1073775864 0 0 0 -1 2 0 0 0 0 0 0 0 0 0 0 0 0 0
695 986 (notification-sq) S 333 333 0 0 -1 1077936192 6983 450980 4498 220 368 1324 1230 2214 30 10 307 0 5655 2180423680 27176 18446744073709551615 1 1 0 0 0 0 4612 1 1073775864 0 0 0 -1 0 0 0 0 0 0 0 0 0 0 0 0 0 0
695 987 (onProviders.ECP) S 333 333 0 0 -1 1077936448 106 450980 42 220 4 7 1230 2214 30 10 307 0 5655 2180423680 27176 18446744073709551615 1 1 0 0 0 0 4612 1 1073775864 0 0 0 -1 2 0 0 0 0 0 0 0 0 0 0 0 0 0
695 988 (DeviceStorageMo) S 333 333 0 0 -1 1077936192 20826 450980 708 220 3273 3596 1230 2214 30 10 307 0 5658 2180423680 27176 18446744073709551615 1 1 0 0 0 0 4612 1 1073775864 0 0 0 -1 1 0 0 0 0 0 0 0 0 0 0 0 0 0
695 989 (AS.SfxWorker) S 333 333 0 0 -1 1077936192 554 450980 150 220 36 43 1230 2214 20 0 307 0 5659 2180423680 27176 18446744073709551615 1 1 0 0 0 0 4612 1 1073775864 0 0 0 -1 2 0 0 0 0 0 0 0 0 0 0 0 0 0
695 990 (AudioService) S 333 333 0 0 -1 1077936192 684 450980 301 220 20 18 1230 2214 20 0 307 0 5660 2180423680 27176 18446744073709551615 1 1 0 0 0 0 4612 1 1073775864 0 0 0 -1 0 0 0 0 0 0 0 0 0 0 0 0 0 0
695 991 (AudioDeviceBrok) S 333 333 0 0 -1 1077936192 350 450980 236 220 14 9 1230 2214 20 0 307 0 5662 2180423680 27176 18446744073709551615 1 1 0 0 0 0 4612 1 1073775864 0 0 0 -1 3 0 0 0 0 0 0 0 0 0 0 0 0 0
695 992 (Thread-8) S 333 333 0 0 -1 1077936192 8 450980 0 220 0 0 1230 2214 20 0 307 0 5673 2180423680 27176 18446744073709551615 1 1 0 0 0 0 4612 1 1073775864 0 0 0 -1 0 0 0 0 0 0 0 0 0 0 0 0 0 0
695 994 (HwBinder:695_2) S 333 333 0 0 -1 1077936192 3021 450980 259 220 264 82 1230 2214 20 0 307 0 5676 2180423680 27176 18446744073709551615 1 1 0 0 0 0 4612 1 1073775864 0 0 0 -1 0 0 0 0 0 0 0 0 0 0 0 0 0 0
695 995 (HwBinder:695_3) S 333 333 0 0 -1 1077936192 3946 450980 346 220 328 99 1230 2214 20 0 307 0 5676 2180423680 27176 18446744073709551615 1 1 0 0 0 0 4612 1 1073775864 0 0 0 -1 3 0 0 0 0 0 0 0 0 0 0 0 0 0
695 9959 (Binder:695_19) S 333 333 0 0 -1 1077936448 170369 450980 6161 220 19437 8484 1230 2214 20 0 307 0 22768 2180423680 27176 18446744073709551615 1 1 0 0 0 0 4612 1 1073775864 0 0 0 -1 2 0 0 0 0 0 0 0 0 0 0 0 0 0
695 997 (ConnectivityThr) S 333 333 0 0 -1 1077936192 13983 450980 299 220 245 97 1230 2214 20 0 307 0 5677 2180423680 27176 18446744073709551615 1 1 0 0 0 0 4612 1 1073775864 0 0 0 -1 1 0 0 0 0 0 0 0 0 0 0 0 0 0
695 999 (backup) S 333 333 0 0 -1 1077936192 9 450980 0 220 0 0 1230 2214 30 10 307 0 5678 2180423680 27176 18446744073709551615 1 1 0 0 0 0 4612 1 1073775864 0 0 0 -1 3 0 0 0 0 0 0 0 0 0 0 0 0 0
421 12715 (Binder:421_B) S 1 421 0 0 -1 1077936192 1344 0 993 0 1000 1128 0 0 20 0 27 0 56183809 91537408 1104 18446744073709551615 1 1 0 0 0 0 0 4096 1073775864 0 0 0 -1 0 0 0 0 0 0 0 0 0 0 0 0 0 0
421 13139 (Binder:421_8) S 1 421 0 0 -1 1077936192 1611 0 1453 0 1111 1341 0 0 20 0 27 0 170936 91537408 1104 18446744073709551615 1 1 0 0 0 0 0 4096 1073775864 0 0 0 -1 0 0 0 0 0 0 0 0 0 0 0 0 0 0
421 1497 (Binder:421_4) S 1 421 0 0 -1 1077936192 1315 0 1563 0 978 1187 0 0 20 0 27 0 5982 91537408 1104 18446744073709551615 1 1 0 0 0 0 0 4096 1073775864 0 0 0 -1 3 0 0 0 0 0 0 0 0 0 0 0 0 0
421 1755 (Binder:421_5) S 1 421 0 0 -1 1077936192 1149 0 1578 0 874 1036 0 0 20 0 27 0 6211 91537408 1104 18446744073709551615 1 1 0 0 0 0 0 4096 1073775864 0 0 0 -1 0 0 0 0 0 0 0 0 0 0 0 0 0 0
421 20227 (Binder:421_9) S 1 421 0 0 -1 1077936192 961 0 1120 0 1011 1221 0 0 20 0 27 0 3538829 91537408 1104 18446744073709551615 1 1 0 0 0 0 0 4096 1073775864 0 0 0 -1 0 0 0 0 0 0 0 0 0 0 0 0 0 0
421 2098 (Binder:421_E) S 1 421 0 0 -1 1077936192 963 0 1166 0 938 1142 0 0 20 0 27 0 222558174 91537408 1104 18446744073709551615 1 1 0 0 0 0 0 4096 1073775864 0 0 0 -1 3 0 0 0 0 0 0 0 0 0 0 0 0 0
421 2176 (Binder:421_F) S 1 421 0 0 -1 1077936192 1069 0 1481 0 958 1112 0 0 20 0 27 0 222560643 91537408 1104 18446744073709551615 1 1 0 0 0 0 0 4096 1073775864 0 0 0 -1 0 0 0 0 0 0 0 0 0 0 0 0 0 0
421 22281 (Binder:421_A) S 1 421 0 0 -1 1077936192 1326 0 1639 0 893 1087 0 0 20 0 27 0 12975899 91537408 1104 18446744073709551615 1 1 0 0 0 0 0 4096 1073775864 0 0 0 -1 0 0 0 0 0 0 0 0 0 0 0 0 0 0
421 2304 (Binder:421_10) S 1 421 0 0 -1 1077936192 996 0 1215 0 1083 1244 0 0 20 0 27 0 222563395 91537408 1104 18446744073709551615 1 1 0 0 0 0 0 4096 1073775864 0 0 0 -1 0 0 0 0 0 0 0 0 0 0 0 0 0 0
421 2961 (Binder:421_C) S 1 421 0 0 -1 1077936192 899 0 1312 0 752 899 0 0 20 0 27 0 64815230 91537408 1104 18446744073709551615 1 1 0 0 0 0 0 4096 1073775864 0 0 0 -1 0 0 0 0 0 0 0 0 0 0 0 0 0 0
421 30043 (HwBinder:421_3) S 1 421 0 0 -1 1077936192 12 0 11 0 0 0 0 0 20 0 27 0 253212263 91537408 1104 18446744073709551615 1 1 0 0 0 0 0 4096 1073775864 0 0 0 -1 2 0 0 0 0 0 0 0 0 0 0 0 0 0
421 4158 (Binder:421_6) S 1 421 0 0 -1 1077936192 1974 0 2665 0 1027 1198 0 0 20 0 27 0 8659 91537408 1104 18446744073709551615 1 1 0 0 0 0 0 4096 1073775864 0 0 0 -1 2 0 0 0 0 0 0 0 0 0 0 0 0 0
421 421 (audioserver) S 1 421 0 0 -1 1077936384 4407 0 1766 0 947 1131 0 0 20 0 27 0 859 91537408 1104 18446744073709551615 1 1 0 0 0 0 0 4096 1073775864 0 0 0 17 0 0 0 0 0 0 0 0 0 0 0 0 0 0
421 465 (DeviceEffectMan) S 1 421 0 0 -1 1077936192 40 0 67 0 0 0 0 0 4 -16 27 0 888 91537408 1104 18446744073709551615 1 1 0 0 0 0 0 4096 1073775864 0 0 0 -1 3 0 0 0 0 0 0 0 0 0 0 0 0 0
421 473 (HwBinder:421_1) S 1 421 0 0 -1 1077936192 10 0 8 0 0 0 0 0 20 0 27 0 894 91537408 1104 18446744073709551615 1 1 0 0 0 0 0 4096 1073775864 0 0 0 -1 3 0 0 0 0 0 0 0 0 0 0 0 0 0
421 474 (HwBinder:421_2) S 1 421 0 0 -1 1077936192 30 0 34 0 0 0 0 0 20 0 27 0 894 91537408 1104 18446744073709551615 1 1 0 0 0 0 0 4096 1073775864 0 0 0 -1 3 0 0 0 0 0 0 0 0 0 0 0 0 0
421 6116 (Binder:421_7) S 1 421 0 0 -1 1077936192 1450 0 2117 0 993 1170 0 0 20 0 27 0 13799 91537408 1104 18446744073709551615 1 1 0 0 0 0 0 4096 1073775864 0 0 0 -1 0 0 0 0 0 0 0 0 0 0 0 0 0 0
421 626 (ApmAudio) S 1 421 0 0 -1 1077936192 220 0 410 0 8 9 0 0 4 -16 27 0 1188 91537408 1104 18446744073709551615 1 1 0 0 0 0 0 4096 1073775864 0 0 0 -1 1 0 0 0 0 0 0 0 0 0 0 0 0 0
421 627 (ApmOutput) S 1 421 0 0 -1 1077936192 1489 0 620 0 1674 659 0 0 4 -16 27 0 1188 91537408 1104 18446744073709551615 1 1 0 0 0 0 0 4096 1073775864 0 0 0 -1 0 0 0 0 0 0 0 0 0 0 0 0 0 0
421 652 (Binder:421_1) S 1 421 0 0 -1 1077936192 1763 0 1788 0 950 1079 0 0 20 0 27 0 1212 91537408 1104 18446744073709551615 1 1 0 0 0 0 0 4096 1073775864 0 0 0 -1 1 0 0 0 0 0 0 0 0 0 0 0 0 0
421 653 (Binder:421_2) S 1 421 0 0 -1 1077936192 1259 0 1595 0 940 1174 0 0 20 0 27 0 1212 91537408 1104 18446744073709551615 1 1 0 0 0 0 0 4096 1073775864 0 0 0 -1 0 0 0 0 0 0 0 0 0 0 0 0 0 0
421 683 (AudioOut_D) R 1 421 0 0 -1 4194368 158664 0 4315 0 1043326 1200470 0 0 1 -19 27 0 1276 91537408 1104 18446744073709551615 1 1 0 0 0 0 0 4096 1073775864 0 0 0 -1 2 0 0 0 0 0 0 0 0 0 0 0 0 0
421 688 (FastMixer) S 1 421 0 0 -1 1077936192 1 0 0 0 0 0 0 0 -4 -19 27 0 1294 91537408 1104 18446744073709551615 1 1 0 0 0 0 0 4096 1073775864 0 0 0 -1 3 3 1 0 0 0 0 0 0 0 0 0 0 0
421 689 (AudioOut_15) S 1 421 0 0 -1 1077936192 951 0 1816 0 305 303 0 0 1 -19 27 0 1294 91537408 1104 18446744073709551615 1 1 0 0 0 0 0 4096 1073775864 0 0 0 -1 0 0 0 0 0 0 0 0 0 0 0 0 0 0
421 7056 (Binder:421_D) S 1 421 0 0 -1 1077936192 776 0 644 0 857 950 0 0 20 0 27 0 200307787 91537408 1104 18446744073709551615 1 1 0 0 0 0 0 4096 1073775864 0 0 0 -1 0 0 0 0 0 0 0 0 0 0 0 0 0 0
421 773 (Binder:421_3) S 1 421 0 0 -1 1077936192 1276 0 1455 0 934 1102 0 0 20 0 27 0 3007 91537408 1104 18446744073709551615 1 1 0 0 0 0 0 4096 1073775864 0 0 0 -1 0 0 0 0 0 0 0 0 0 0 0 0 0 0
421 776 (TimeCheckThread) S 1 421 0 0 -1 1077936192 36 0 41 0 718 2168 0 0 1 -19 27 0 3060 91537408 1104 18446744073709551615 1 1 0 0 0 0 0 4096 1073775864 0 0 0 -1 1 0 0 0 0 0 0 0 0 0 0 0 0 0
388 12955 (HwBinder:388_6) S 1 388 0 0 -1 1077952832 6464 0 828 0 4921 5618 0 0 20 0 14 0 254106422 87240704 957 18446744073709551615 1 1 0 0 0 0 0 0 1073775864 0 0 0 -1 1 0 0 0 0 0 0 0 0 0 0 0 0 0
388 1757 (HwBinder:388_3) S 1 388 0 0 -1 1077936448 13081 0 1118 0 19 18 0 0 20 0 14 0 6213 87240704 957 18446744073709551615 1 1 0 0 0 0 0 0 1073775864 0 0 0 -1 3 0 0 0 0 0 0 0 0 0 0 0 0 0
388 2240 (HwBinder:388_4) S 1 388 0 0 -1 1077952832 26754 0 2103 0 5290 6540 0 0 20 0 14 0 6658 87240704 957 18446744073709551615 1 1 0 0 0 0 0 0 1073775864 0 0 0 -1 0 0 0 0 0 0 0 0 0 0 0 0 0 0
388 388 (audio.service) S 1 388 0 0 -1 1077936384 16302 0 696 0 4908 5711 0 0 20 0 14 0 838 87240704 957 18446744073709551615 1 1 0 0 0 0 0 0 1073775864 0 0 0 17 1 0 0 0 0 0 0 0 0 0 0 0 0 0
388 406 (Binder:388_1) S 1 388 0 0 -1 1077936192 12 0 0 0 0 0 0 0 20 0 14 0 853 87240704 957 18446744073709551615 1 1 0 0 0 0 0 0 1073775864 0 0 0 -1 0 0 0 0 0 0 0 0 0 0 0 0 0 0
388 412 (Binder:388_2) S 1 388 0 0 -1 1077936192 2 0 0 0 0 0 0 0 20 0 14 0 856 87240704 957 18446744073709551615 1 1 0 0 0 0 0 0 1073775864 0 0 0 -1 0 0 0 0 0 0 0 0 0 0 0 0 0 0
388 436 (HwBinder:388_1) S 1 388 0 0 -1 1077936192 18248 0 971 0 2537 3281 0 0 20 0 14 0 869 87240704 957 18446744073709551615 1 1 0 0 0 0 0 0 1073775864 0 0 0 -1 3 0 0 0 0 0 0 0 0 0 0 0 0 0
388 437 (HwBinder:388_2) S 1 388 0 0 -1 1077952832 13506 0 2685 0 2653 3316 0 0 20 0 14 0 869 87240704 957 18446744073709551615 1 1 0 0 0 0 0 0 1073775864 0 0 0 -1 3 0 0 0 0 0 0 0 0 0 0 0 0 0
388 668 (audio.service) S 1 388 0 0 -1 1077936192 0 0 0 0 0 0 0 0 20 0 14 0 1231 87240704 957 18446744073709551615 1 1 0 0 0 0 0 0 1073775864 0 0 0 -1 2 0 0 0 0 0 0 0 0 0 0 0 0 0
388 679 (MS12ConfigThrea) S 1 388 0 0 -1 1077936192 1 0 0 0 0 0 0 0 -3 -19 14 0 1269 87240704 957 18446744073709551615 1 1 0 0 0 0 0 0 1073775864 0 0 0 -1 3 2 1 0 0 0 0 0 0 0 0 0 0 0
388 680 (audio.service) S 1 388 0 0 -1 1077936192 259 0 619 0 1 13 0 0 20 0 14 0 1271 87240704 957 18446744073709551615 1 1 0 0 0 0 0 0 1073775864 0 0 0 -1 3 0 0 0 0 0 0 0 0 0 0 0 0 0
388 687 (MixerThread) S 1 388 0 0 -1 1077936192 1 0 0 0 0 0 0 0 1 -19 14 0 1292 87240704 957 18446744073709551615 1 1 0 0 0 0 0 0 1073775864 0 0 0 -1 3 0 0 0 0 0 0 0 0 0 0 0 0 0
388 783 (writer) R 1 388 0 0 -1 1077936448 1228 0 1114 0 1388550 1171140 0 0 1 -19 14 0 3095 87240704 957 18446744073709551615 1 1 0 0 0 0 0 0 1073775864 0 0 0 -1 1 0 0 0 0 0 0 0 0 0 0 0 0 0
388 9833 (HwBinder:388_5) S 1 388 0 0 -1 1077952832 47535 0 4831 0 6099 7247 0 0 20 0 14 0 22494 87240704 957 18446744073709551615 1 1 0 0 0 0 0 0 1073775864 0 0 0 -1 1 0 0 0 0 0 0 0 0 0 0 0 0 0
14257 14257 (.deathride.perf) S 333 333 0 0 -1 1077936448 11709 0 626 0 877 366 0 0 10 -10 51 0 269567421 1535795200 48208 18446744073709551615 1 1 0 0 0 0 4612 1 1073775864 0 0 0 17 1 0 0 0 0 0 0 0 0 0 0 0 0 0
14257 14269 (Signal Catcher) S 333 333 0 0 -1 1077936192 57 0 1 0 0 0 0 0 12 -8 51 0 269567429 1535819776 48208 18446744073709551615 1 1 0 0 0 0 4096 1 1073775864 0 0 0 -1 2 0 0 0 0 0 0 0 0 0 0 0 0 0
14257 14270 (perfetto_hprof_) S 333 333 0 0 -1 4194368 7 0 1 0 0 0 0 0 0 -20 51 0 269567429 1535819776 48210 18446744073709551615 1 1 0 0 0 0 4612 1 1073775864 0 0 0 -1 0 0 0 0 0 0 0 0 0 0 0 0 0 0
14257 14273 (ADB-JDWP Connec) S 333 333 0 0 -1 4194368 9 0 1 0 0 0 0 0 0 -20 51 0 269567430 1535819776 48210 18446744073709551615 1 1 0 0 0 0 4612 1 1073775864 0 0 0 -1 2 0 0 0 0 0 0 0 0 0 0 0 0 0
14257 14274 (Jit thread pool) S 333 333 0 0 -1 1077936192 104347 0 688 0 599 174 0 0 20 0 51 0 269567430 1535819776 48210 18446744073709551615 1 1 0 0 0 0 4612 1 1073775864 0 0 0 -1 3 0 0 0 0 0 0 0 0 0 0 0 0 0
14257 14275 (HeapTaskDaemon) S 333 333 0 0 -1 1077936192 15782 0 93 0 236 70 0 0 24 4 51 0 269567430 1535803392 48210 18446744073709551615 1 1 0 0 0 0 4612 1 1073775864 0 0 0 -1 2 0 0 0 0 0 0 0 0 0 0 0 0 0
14257 14276 (ReferenceQueueD) S 333 333 0 0 -1 1077936192 10 0 0 0 10 1 0 0 24 4 51 0 269567430 1535819776 48213 18446744073709551615 1 1 0 0 0 0 4612 1 1073775864 0 0 0 -1 3 0 0 0 0 0 0 0 0 0 0 0 0 0
14257 14277 (FinalizerDaemon) S 333 333 0 0 -1 1077936192 93 0 0 0 2 0 0 0 24 4 51 0 269567430 1535819776 48213 18446744073709551615 1 1 0 0 0 0 4612 1 1073775864 0 0 0 -1 0 0 0 0 0 0 0 0 0 0 0 0 0 0
14257 14278 (FinalizerWatchd) S 333 333 0 0 -1 1077936192 6 0 0 0 0 0 0 0 24 4 51 0 269567430 1535819776 48214 18446744073709551615 1 1 0 0 0 0 4612 1 1073775864 0 0 0 -1 1 0 0 0 0 0 0 0 0 0 0 0 0 0
14257 14279 (Binder:14257_1) S 333 333 0 0 -1 1077936192 16 0 0 0 0 0 0 0 20 0 51 0 269567430 1535795200 48214 18446744073709551615 1 1 0 0 0 0 4612 1 1073775864 0 0 0 -1 2 0 0 0 0 0 0 0 0 0 0 0 0 0
14257 14280 (Binder:14257_2) S 333 333 0 0 -1 1077936192 96 0 7 0 1 0 0 0 20 0 51 0 269567430 1535819776 48214 18446744073709551615 1 1 0 0 0 0 4612 1 1073775864 0 0 0 -1 0 0 0 0 0 0 0 0 0 0 0 0 0 0
14257 14281 (Binder:14257_3) S 333 333 0 0 -1 1077936192 43 0 1 0 0 0 0 0 20 0 51 0 269567432 1535795200 48217 18446744073709551615 1 1 0 0 0 0 4612 1 1073775864 0 0 0 -1 1 0 0 0 0 0 0 0 0 0 0 0 0 0
14257 14284 (Profile Saver) S 333 333 0 0 -1 1077936192 2386 0 0 0 43 2 0 0 29 9 51 0 269567483 1535795200 48217 18446744073709551615 1 1 0 0 0 0 4612 1 1073775864 0 0 0 -1 3 0 0 0 0 0 0 0 0 0 0 0 0 0
14257 14285 (RenderThread) S 333 333 0 0 -1 1077936192 470 0 10 0 2 1 0 0 10 -10 51 0 269567488 1535827968 48219 18446744073709551615 1 1 0 0 0 0 4612 1 1073775864 0 0 0 -1 1 0 0 0 0 0 0 0 0 0 0 0 0 0
14257 14291 (deathride-cours) S 333 333 0 0 -1 1077936192 7357 0 1 0 845 11 0 0 33 13 51 0 269567583 1535827968 48219 18446744073709551615 1 1 0 0 0 0 4612 1 1073775864 0 0 0 -1 2 0 0 0 0 0 0 0 0 0 0 0 0 0
14257 14295 (AmazonAccMgrCal) S 333 333 0 0 -1 1077936192 6 0 0 0 0 0 0 0 30 10 51 0 269567621 1535819776 48219 18446744073709551615 1 1 0 0 0 0 4612 1 1073775864 0 0 0 -1 3 0 0 0 0 0 0 0 0 0 0 0 0 0
14257 14296 (GLThread 50033) S 333 333 0 0 -1 1077936192 606527 0 28 0 18721 4312 0 0 16 -4 51 0 269567622 1535819776 48219 18446744073709551615 1 1 0 0 0 0 4612 1 1073775864 0 0 0 -1 2 0 0 0 0 0 0 0 0 0 0 0 0 0
14257 14297 (Binder:PerfStat) S 333 333 0 0 -1 1077936192 19 0 0 0 0 0 0 0 30 10 51 0 269567629 1535819776 48222 18446744073709551615 1 1 0 0 0 0 4612 1 1073775864 0 0 0 -1 0 0 0 0 0 0 0 0 0 0 0 0 0 0
14257 14298 (AudioTrack) S 333 333 0 0 -1 1077936192 7 0 0 0 0 0 0 0 4 -16 51 0 269567631 1535819776 48222 18446744073709551615 1 1 0 0 0 0 4612 1 1073775864 0 0 0 -1 2 0 0 0 0 0 0 0 0 0 0 0 0 0
14257 14299 (DR.silentTrack) S 333 333 0 0 -1 1077936192 11 0 0 0 0 0 0 0 20 0 51 0 269567634 1535819776 48223 18446744073709551615 1 1 0 0 0 0 4612 1 1073775864 0 0 0 -1 3 0 0 0 0 0 0 0 0 0 0 0 0 0
14257 14300 (AudioPortEventH) S 333 333 0 0 -1 1077936192 6 0 0 0 0 0 0 0 20 0 51 0 269567634 1535827968 48223 18446744073709551615 1 1 0 0 0 0 4612 1 1073775864 0 0 0 -1 3 0 0 0 0 0 0 0 0 0 0 0 0 0
14257 14301 (hwuiTask0) S 333 333 0 0 -1 1077936192 5 0 0 0 0 0 0 0 18 -2 51 0 269567646 1535819776 48223 18446744073709551615 1 1 0 0 0 0 4612 1 1073775864 0 0 0 -1 1 0 0 0 0 0 0 0 0 0 0 0 0 0
14257 14302 (hwuiTask1) S 333 333 0 0 -1 1077936192 10 0 0 0 0 0 0 0 18 -2 51 0 269567646 1535819776 48223 18446744073709551615 1 1 0 0 0 0 4612 1 1073775864 0 0 0 -1 0 0 0 0 0 0 0 0 0 0 0 0 0 0
14257 14310 (CCodecWatchdog) S 333 333 0 0 -1 1077936192 1 0 0 0 0 0 0 0 20 0 51 0 269567729 1535819776 48226 18446744073709551615 1 1 0 0 0 0 4612 1 1073775864 0 0 0 -1 0 0 0 0 0 0 0 0 0 0 0 0 0 0
14257 14311 (NDK MediaCodec_) S 333 333 0 0 -1 1077936192 10 0 0 0 0 0 0 0 4 -16 51 0 269567729 1535819776 48226 18446744073709551615 1 1 0 0 0 0 4612 1 1073775864 0 0 0 -1 0 0 0 0 0 0 0 0 0 0 0 0 0 0
14257 14312 (NDK MediaCodec_) S 333 333 0 0 -1 1077936192 1 0 0 0 0 0 0 0 4 -16 51 0 269567729 1535819776 48227 18446744073709551615 1 1 0 0 0 0 4612 1 1073775864 0 0 0 -1 0 0 0 0 0 0 0 0 0 0 0 0 0 0
14257 14313 (HwBinder:14257_) S 333 333 0 0 -1 1077936192 63 0 0 0 2 2 0 0 10 -10 51 0 269567729 1535819776 48227 18446744073709551615 1 1 0 0 0 0 4612 1 1073775864 0 0 0 -1 1 0 0 0 0 0 0 0 0 0 0 0 0 0
14257 14318 (Binder:14257_4) S 333 333 0 0 -1 1077936192 3 0 0 0 0 0 0 0 20 0 51 0 269567737 1535819776 48227 18446744073709551615 1 1 0 0 0 0 4612 1 1073775864 0 0 0 -1 0 0 0 0 0 0 0 0 0 0 0 0 0 0
14257 14328 (Binder:14257_5) S 333 333 0 0 -1 1077936192 3 0 0 0 0 0 0 0 20 0 51 0 269567747 1535795200 48231 18446744073709551615 1 1 0 0 0 0 4612 1 1073775864 0 0 0 -1 1 0 0 0 0 0 0 0 0 0 0 0 0 0
14257 14360 (deathride-profi) S 333 333 0 0 -1 1077936192 5665 0 1 0 95 14 0 0 33 13 51 0 269567765 1535819776 48231 18446744073709551615 1 1 0 0 0 0 4612 1 1073775864 0 0 0 -1 1 0 0 0 0 0 0 0 0 0 0 0 0 0
14257 14382 (deathride-link-) S 333 333 0 0 -1 1077936192 314 0 1 0 16 6 0 0 33 13 51 0 269567782 1535819776 48232 18446744073709551615 1 1 0 0 0 0 4612 1 1073775864 0 0 0 -1 3 0 0 0 0 0 0 0 0 0 0 0 0 0
14257 14387 (DefaultDispatch) S 333 333 0 0 -1 1077936192 11314 0 3 0 940 222 0 0 33 13 51 0 269567789 1535819776 48232 18446744073709551615 1 1 0 0 0 0 4612 1 1073775864 0 0 0 -1 3 0 0 0 0 0 0 0 0 0 0 0 0 0
14257 14392 (DefaultDispatch) S 333 333 0 0 -1 1077936192 7860 0 0 0 807 221 0 0 33 13 51 0 269567789 1535795200 48232 18446744073709551615 1 1 0 0 0 0 4612 1 1073775864 0 0 0 -1 3 0 0 0 0 0 0 0 0 0 0 0 0 0
14257 14394 (DefaultDispatch) S 333 333 0 0 -1 1077936192 13297 0 3 0 896 230 0 0 33 13 51 0 269567789 1535795200 48235 18446744073709551615 1 1 0 0 0 0 4612 1 1073775864 0 0 0 -1 2 0 0 0 0 0 0 0 0 0 0 0 0 0
14257 14422 (Binder:14257_6) S 333 333 0 0 -1 1077936192 6 0 0 0 0 0 0 0 20 0 51 0 269567822 1535819776 48235 18446744073709551615 1 1 0 0 0 0 4612 1 1073775864 0 0 0 -1 0 0 0 0 0 0 0 0 0 0 0 0 0 0
14257 14446 (Binder:14257_7) S 333 333 0 0 -1 1077936192 5 0 0 0 0 0 0 0 20 0 51 0 269567851 1535819776 48236 18446744073709551615 1 1 0 0 0 0 4612 1 1073775864 0 0 0 -1 0 0 0 0 0 0 0 0 0 0 0 0 0 0
14257 14478 (DefaultExecutor) S 333 333 0 0 -1 1077936192 146 0 0 0 76 39 0 0 33 13 51 0 269567906 1535819776 48236 18446744073709551615 1 1 0 0 0 0 4612 1 1073775864 0 0 0 -1 0 0 0 0 0 0 0 0 0 0 0 0 0 0
14257 14513 (DefaultDispatch) S 333 333 0 0 -1 1077936192 10446 0 0 0 871 227 0 0 33 13 51 0 269567971 1535819776 48236 18446744073709551615 1 1 0 0 0 0 4612 1 1073775864 0 0 0 -1 3 0 0 0 0 0 0 0 0 0 0 0 0 0
14257 14522 (GLThread 50033) S 333 333 0 0 -1 4194368 1 0 0 0 547 926 0 0 20 0 51 0 269567987 1535795200 48236 18446744073709551615 1 1 0 0 0 0 4612 1 1073775864 0 0 0 -1 0 0 0 0 0 0 0 0 0 0 0 0 0 0
14257 14525 (DefaultDispatch) S 333 333 0 0 -1 1077936192 8599 0 1 0 832 208 0 0 33 13 51 0 269567990 1535795200 48239 18446744073709551615 1 1 0 0 0 0 4612 1 1073775864 0 0 0 -1 2 0 0 0 0 0 0 0 0 0 0 0 0 0
14257 14527 (DefaultDispatch) S 333 333 0 0 -1 4194368 8333 0 0 0 832 227 0 0 33 13 51 0 269567990 1535819776 48239 18446744073709551615 1 1 0 0 0 0 4612 1 1073775864 0 0 0 -1 1 0 0 0 0 0 0 0 0 0 0 0 0 0
14257 14540 (Binder:14257_8) S 333 333 0 0 -1 1077936192 3 0 0 0 0 0 0 0 20 0 51 0 269568010 1535819776 48241 18446744073709551615 1 1 0 0 0 0 4612 1 1073775864 0 0 0 -1 1 0 0 0 0 0 0 0 0 0 0 0 0 0
14257 14554 (DefaultDispatch) S 333 333 0 0 -1 1077936192 62055 0 0 0 1793 275 0 0 33 13 51 0 269568096 1535819776 48241 18446744073709551615 1 1 0 0 0 0 4612 1 1073775864 0 0 0 -1 2 0 0 0 0 0 0 0 0 0 0 0 0 0
14257 14578 (DefaultDispatch) S 333 333 0 0 -1 1077936192 9421 0 0 0 855 216 0 0 33 13 51 0 269569613 1535819776 48241 18446744073709551615 1 1 0 0 0 0 4612 1 1073775864 0 0 0 -1 3 0 0 0 0 0 0 0 0 0 0 0 0 0
14257 15108 (DefaultDispatch) S 333 333 0 0 -1 1077936192 7738 0 0 0 794 196 0 0 33 13 51 0 269571223 1535795200 48244 18446744073709551615 1 1 0 0 0 0 4612 1 1073775864 0 0 0 -1 3 0 0 0 0 0 0 0 0 0 0 0 0 0
14257 15109 (DefaultDispatch) S 333 333 0 0 -1 1077936192 8845 0 1 0 825 217 0 0 33 13 51 0 269571225 1535795200 48244 18446744073709551615 1 1 0 0 0 0 4612 1 1073775864 0 0 0 -1 0 0 0 0 0 0 0 0 0 0 0 0 0 0
14257 15110 (DefaultDispatch) S 333 333 0 0 -1 1077936192 7835 0 0 0 795 214 0 0 33 13 51 0 269571225 1535819776 48244 18446744073709551615 1 1 0 0 0 0 4612 1 1073775864 0 0 0 -1 1 0 0 0 0 0 0 0 0 0 0 0 0 0
14257 15117 (DeathRideAudio) S 333 333 0 0 -1 1077936192 265 0 0 0 146 110 0 0 20 0 51 0 269571287 1535819776 48245 18446744073709551615 1 1 0 0 0 0 4612 1 1073775864 0 0 0 -1 1 0 0 0 0 0 0 0 0 0 0 0 0 0
14257 15118 (DefaultDispatch) S 333 333 0 0 -1 1077936192 7239 0 0 0 787 205 0 0 33 13 51 0 269571295 1535819776 48245 18446744073709551615 1 1 0 0 0 0 4612 1 1073775864 0 0 0 -1 0 0 0 0 0 0 0 0 0 0 0 0 0 0
14257 15120 (DefaultDispatch) S 333 333 0 0 -1 1077936192 9847 0 0 0 804 218 0 0 33 13 51 0 269571323 1535819776 48245 18446744073709551615 1 1 0 0 0 0 4612 1 1073775864 0 0 0 -1 0 0 0 0 0 0 0 0 0 0 0 0 0 0
14257 15141 (DefaultDispatch) S 333 333 0 0 -1 1077936192 9271 0 0 0 810 208 0 0 33 13 51 0 269572072 1535819776 48245 18446744073709551615 1 1 0 0 0 0 4612 1 1073775864 0 0 0 -1 3 0 0 0 0 0 0 0 0 0 0 0 0 0
==schedstat
421 12715 21295188820 18626051788 247697
421 13139 24530243451 22325365451 290090
421 1497 21661374143 19383404122 254566
421 1755 19107797359 16658071356 219440
421 20227 22325138635 20603106332 269222
421 2098 20811885864 17030761178 255458
421 2176 20711248097 16692429017 243582
421 22281 19813288122 18602681642 238299
421 2304 23283512905 18144399556 272167
421 2961 16518916429 15617442563 202272
421 30043 2200073 176156 19
421 4158 22261178821 19321003707 256121
421 421 20790769497 18725155753 245137
421 465 3817386 3586000 26
421 473 700538 23077 3
421 474 5513311 1148228 59
421 6116 21641979374 19159196591 260815
421 626 176728151 60724926 2277
421 627 23347257048 4500772521 78472
421 652 20299929162 18341241200 231971
421 653 21145776399 19520053689 249011
421 683 22438964511320 2475979840884 851128560
421 688 116308 0 1
421 689 6086830578 2950552110 76745
421 7056 18081657944 14479499647 215642
421 773 20370788317 17309493517 245953
421 776 28875853037 8260835142 1320454
388 12955 105399674025 29222499129 598562
388 1757 377073144 341846247 2049
388 2240 118305648093 66143072036 651039
388 388 106204317196 31227508062 609254
388 406 467692 30257231 2
388 412 105231 27846 1
388 436 58188772131 50466912943 316935
388 437 59702425187 50572692767 322256
388 668 103846 7787616 1
388 679 171539 71769 1
388 680 142825152 26687006 483
388 687 117308 219846 2
388 783 25597894618748 2387184164771 849265500
388 9833 133470606941 43938271336 764628
14257 14257 12490088457 8244002708 38074
14257 14269 1097154 0 1
14257 14270 460692 0 1
14257 14273 651845 0 3
14257 14274 7737703908 4033762584 63018
14257 14275 3068949574 1605659138 19609
14257 14276 112805691 80059695 468
14257 14277 28813475 9148683 170
14257 14278 3561919 11382229 62
14257 14279 8013844 13080462 152
14257 14280 14592388 8445461 104
14257 14281 8695925 10998995 95
14257 14284 462863466 123780472 533
14257 14285 42129157 15759613 215
14257 14291 8571290953 1802498144 6503
14257 14295 790077 0 1
14257 14296 231223836390 29252362774 602555
14257 14297 2406461 249308 5
14257 14298 492614 61077 3
14257 14299 424924 1040769 1
14257 14300 512538 1130616 2
14257 14301 633384 12204616 8
14257 14302 1619381 7097004 86
14257 14310 302924 1993384 3
14257 14311 7948532 7348692 84
14257 14312 991076 1396462 12
14257 14313 56634770 39949386 529
14257 14318 1964467 22659766 59
14257 14328 5828536 20785157 113
14257 14360 1091776641 801809904 8280
14257 14382 228904230 198719080 1266
14257 14387 11637470084 24735957919 94356
14257 14392 10291370802 23308827167 92176
14257 14394 11276231006 23604971289 91579
14257 14422 1744770 1143385 21
14257 14446 4115233 9189919 106
14257 14478 1163428877 2953463511 16225
14257 14513 10992979419 23217197906 95034
14257 14522 14796422214 6178175011 132562
14257 14525 10411246715 23289108993 95385
14257 14527 10606764529 23598484037 94871
14257 14540 1202151 1516156 25
14257 14554 20689902946 24399102994 104903
14257 14578 10720139127 23526104240 93777
14257 15108 9908144652 22840016202 89771
14257 15109 10432709058 22838225006 87068
14257 15110 10100844840 22938264620 90085
14257 15117 2580623915 1651867586 52332
14257 15118 9922272740 23149684159 89252
14257 15120 10234037561 22587403454 91544
14257 15141 10187429487 22339333137 88081
==net
Inter-|   Receive                                                |  Transmit
 face |bytes    packets errs drop fifo frame compressed multicast|bytes    packets errs drop fifo colls carrier compressed
    lo: 5013275  130487    0    0    0     0          0         0  5013275  130487    0    0    0     0       0          0
dummy0:       0       0    0    0    0     0          0         0   167127    1104    0    0    0     0       0          0
  ifb0:       0       0    0    0    0     0          0         0        0       0    0    0    0     0       0          0
  ifb1:       0       0    0    0    0     0          0         0        0       0    0    0    0     0       0          0
 tunl0:       0       0    0    0    0     0          0         0        0       0    0    0    0     0       0          0
  gre0:       0       0    0    0    0     0          0         0        0       0    0    0    0     0       0          0
gretap0:       0       0    0    0    0     0          0         0        0       0    0    0    0     0       0          0
erspan0:       0       0    0    0    0     0          0         0        0       0    0    0    0     0       0          0
ip_vti0:       0       0    0    0    0     0          0         0        0       0    0    0    0     0       0          0
ip6_vti0:       0       0    0    0    0     0          0         0        0       0    0    0    0     0       0          0
  sit0:       0       0    0    0    0     0          0         0        0       0    0    0    0     0       0          0
ip6tnl0:       0       0    0    0    0     0          0         0        0       0    0    0    0     0       0          0
ip6gre0:       0       0    0    0    0     0          0         0        0       0    0    0    0     0       0          0
 wlan0: 4555952981 8570779    0    0    0     0          0         0 14184867598 13741037   15    0    0     0       0          0
  p2p0:       0       0    0    0    0     0          0         0        0       0    0    0    0     0       0          0
   ap0:       0       0    0    0    0     0          0         0        0       0    0    0    0     0       0          0
==uptime
2696089.10 9874648.83
