695 1000 (GraphicsStats-d) S 333 333 0 0 -1 1077936448 2595 458235 2827 224 46 240 1246 2252 30 10 307 0 5680 2187558912 31126 18446744073709551615 1 1 0 0 0 0 4612 1 1073775864 0 0 0 -1 0 0 0 0 0 0 0 0 0 0 0 0 0 0
695 10009 (LogRetentionJob) S 333 333 0 0 -1 1077936192 13 458235 6 224 0 0 1246 2252 20 0 307 0 268025958 2187558912 31126 18446744073709551615 1 1 0 0 0 0 4612 1 1073775864 0 0 0 -1 3 0 0 0 0 0 0 0 0 0 0 0 0 0
695 1002 (BlobStore) S 333 333 0 0 -1 1077936192 238 458235 20 224 2 8 1246 2252 20 0 307 0 5681 2187558912 31126 18446744073709551615 1 1 0 0 0 0 4612 1 1073775864 0 0 0 -1 1 0 0 0 0 0 0 0 0 0 0 0 0 0
695 1003 (SessionRecordTh) S 333 333 0 0 -1 1077936192 116 458235 330 224 0 12 1246 2252 20 0 307 0 5681 2187558912 31126 18446744073709551615 1 1 0 0 0 0 4612 1 1073775864 0 0 0 -1 3 0 0 0 0 0 0 0 0 0 0 0 0 0
695 1004 (Hdmi Control Io) S 333 333 0 0 -1 1077936192 1443 458235 159 224 37 35 1246 2252 20 0 307 0 5681 2187558912 31126 18446744073709551615 1 1 0 0 0 0 4612 1 1073775864 0 0 0 -1 0 0 0 0 0 0 0 0 0 0 0 0 0 0
695 1005 (SliceManagerSer) S 333 333 0 0 -1 1077936192 290 458235 64 224 1 0 1246 2252 30 10 307 0 5685 2187558912 31126 18446744073709551615 1 1 0 0 0 0 4612 1 1073775864 0 0 0 -1 1 0 0 0 0 0 0 0 0 0 0 0 0 0
695 1006 (StatsCompanionS) S 333 333 0 0 -1 1077936192 5 458235 0 224 0 0 1246 2252 20 0 307 0 5686 2187558912 31126 18446744073709551615 1 1 0 0 0 0 4612 1 1073775864 0 0 0 -1 3 0 0 0 0 0 0 0 0 0 0 0 0 0
695 1012 (FireTvDeepLinkS) S 333 333 0 0 -1 1077936192 5 458235 0 224 0 0 1246 2252 25 5 307 0 5704 2187558912 31126 18446744073709551615 1 1 0 0 0 0 4612 1 1073775864 0 0 0 -1 2 0 0 0 0 0 0 0 0 0 0 0 0 0
695 10124 (LogRetentionJob) S 333 333 0 0 -1 1077936192 10 458235 0 224 0 0 1246 2252 20 0 307 0 129792585 2187558912 31126 18446744073709551615 1 1 0 0 0 0 4612 1 1073775864 0 0 0 -1 3 0 0 0 0 0 0 0 0 0 0 0 0 0
695 1013 (AmazonInputMana) S 333 333 0 0 -1 1077936192 286 458235 73 224 1 5 1246 2252 25 5 307 0 5704 2187558912 31126 18446744073709551615 1 1 0 0 0 0 4612 1 1073775864 0 0 0 -1 3 0 0 0 0 0 0 0 0 0 0 0 0 0
695 1014 (ArcusHandlerThr) S 333 333 0 0 -1 1077936448 4480 458235 4485 224 144 266 1246 2252 20 0 307 0 5708 2187558912 31126 18446744073709551615 1 1 0 0 0 0 4612 1 1073775864 0 0 0 -1 3 0 0 0 0 0 0 0 0 0 0 0 0 0
695 1015 (LogRetentionJob) S 333 333 0 0 -1 1077936192 18 458235 7 224 0 0 1246 2252 20 0 307 0 5708 2187558912 31126 18446744073709551615 1 1 0 0 0 0 4612 1 1073775864 0 0 0 -1 2 0 0 0 0 0 0 0 0 0 0 0 0 0
695 1016 (AmzWifiDisplayM) S 333 333 0 0 -1 1077936192 6 458235 0 224 0 0 1246 2252 20 0 307 0 5709 2187558912 31126 18446744073709551615 1 1 0 0 0 0 4612 1 1073775864 0 0 0 -1 2 0 0 0 0 0 0 0 0 0 0 0 0 0
695 1017 (AmazonAudioServ) S 333 333 0 0 -1 1077936192 70 458235 5 224 2 0 1246 2252 20 0 307 0 5709 2187558912 31126 18446744073709551615 1 1 0 0 0 0 4612 1 1073775864 0 0 0 -1 1 0 0 0 0 0 0 0 0 0 0 0 0 0
695 1018 (EventHandler) S 333 333 0 0 -1 1077936192 26 458235 0 224 0 0 1246 2252 20 0 307 0 5709 2187558912 31126 18446744073709551615 1 1 0 0 0 0 4612 1 1073775864 0 0 0 -1 1 0 0 0 0 0 0 0 0 0 0 0 0 0
695 1019 (AmazonWifiServi) S 333 333 0 0 -1 1077936192 3373 458235 630 224 164 81 1246 2252 20 0 307 0 5711 2187558912 31126 18446744073709551615 1 1 0 0 0 0 4612 1 1073775864 0 0 0 -1 0 0 0 0 0 0 0 0 0 0 0 0 0 0
695 1020 (AmazonNetworkUn) S 333 333 0 0 -1 1077936192 88 458235 16 224 2 0 1246 2252 20 0 307 0 5712 2187558912 31126 18446744073709551615 1 1 0 0 0 0 4612 1 1073775864 0 0 0 -1 3 0 0 0 0 0 0 0 0 0 0 0 0 0
695 1021 (AmazonProfileSe) S 333 333 0 0 -1 1077936192 3329 458235 463 224 53 35 1246 2252 25 5 307 0 5713 2187558912 31126 18446744073709551615 1 1 0 0 0 0 4612 1 1073775864 0 0 0 -1 1 0 0 0 0 0 0 0 0 0 0 0 0 0
695 1022 (wakeup_thread) S 333 333 0 0 -1 1077936192 6 458235 0 224 0 0 1246 2252 20 0 307 0 5713 2187558912 31126 18446744073709551615 1 1 0 0 0 0 4612 1 1073775864 0 0 0 -1 2 0 0 0 0 0 0 0 0 0 0 0 0 0
695 1023 (PactArcusHelper) S 333 333 0 0 -1 1077936192 145 458235 90 224 1 2 1246 2252 20 0 307 0 5713 2187558912 31126 18446744073709551615 1 1 0 0 0 0 4612 1 1073775864 0 0 0 -1 3 0 0 0 0 0 0 0 0 0 0 0 0 0
695 1025 (APSArcusHelper) S 333 333 0 0 -1 1077936192 145 458235 97 224 3 1 1246 2252 20 0 307 0 5713 2187558912 31126 18446744073709551615 1 1 0 0 0 0 4612 1 1073775864 0 0 0 -1 3 0 0 0 0 0 0 0 0 0 0 0 0 0
695 1026 (DeviceModelInfo) S 333 333 0 0 -1 1077936192 4 458235 0 224 0 0 1246 2252 25 5 307 0 5714 2187558912 31126 18446744073709551615 1 1 0 0 0 0 4612 1 1073775864 0 0 0 -1 1 0 0 0 0 0 0 0 0 0 0 0 0 0
695 1027 (AmazonHdmiServi) S 333 333 0 0 -1 1077936192 355 458235 218 224 7 11 1246 2252 20 0 307 0 5715 2187558912 31126 18446744073709551615 1 1 0 0 0 0 4612 1 1073775864 0 0 0 -1 0 0 0 0 0 0 0 0 0 0 0 0 0 0
695 1028 (AmazonBuellerSh) S 333 333 0 0 -1 1077936192 8 458235 0 224 0 0 1246 2252 20 0 307 0 5715 2187558912 31126 18446744073709551615 1 1 0 0 0 0 4612 1 1073775864 0 0 0 -1 0 0 0 0 0 0 0 0 0 0 0 0 0 0
695 1029 (FireTvLedManage) S 333 333 0 0 -1 1077936192 7 458235 0 224 0 0 1246 2252 20 0 307 0 5722 2187558912 31126 18446744073709551615 1 1 0 0 0 0 4612 1 1073775864 0 0 0 -1 2 0 0 0 0 0 0 0 0 0 0 0 0 0
695 1030 (Timer-0) S 333 333 0 0 -1 1077936192 139802 458235 615 224 1710 1489 1246 2252 20 0 307 0 5724 2187558912 31126 18446744073709551615 1 1 0 0 0 0 4612 1 1073775864 0 0 0 -1 2 0 0 0 0 0 0 0 0 0 0 0 0 0
695 1031 (TemperatureObse) S 333 333 0 0 -1 1077936192 441 458235 77 224 3 2 1246 2252 30 10 307 0 5724 2187558912 31126 18446744073709551615 1 1 0 0 0 0 4612 1 1073775864 0 0 0 -1 1 0 0 0 0 0 0 0 0 0 0 0 0 0
695 1032 (ThermalEventMon) S 333 333 0 0 -1 1077936192 3328 458235 322 224 41 22 1246 2252 30 10 307 0 5725 2187558912 31126 18446744073709551615 1 1 0 0 0 0 4612 1 1073775864 0 0 0 -1 2 0 0 0 0 0 0 0 0 0 0 0 0 0
695 1033 (CloudPairingAma) S 333 333 0 0 -1 1077936192 6 458235 0 224 0 0 1246 2252 20 0 307 0 5727 2187558912 31126 18446744073709551615 1 1 0 0 0 0 4612 1 1073775864 0 0 0 -1 2 0 0 0 0 0 0 0 0 0 0 0 0 0
695 1034 (CirrusThread) S 333 333 0 0 -1 1077936192 53 458235 31 224 0 0 1246 2252 30 10 307 0 5727 2187558912 31126 18446744073709551615 1 1 0 0 0 0 4612 1 1073775864 0 0 0 -1 2 0 0 0 0 0 0 0 0 0 0 0 0 0
695 1035 (RuntimePersiste) S 333 333 0 0 -1 1077936448 3898 458235 264 224 111 71 1246 2252 20 0 307 0 5727 2187558912 31126 18446744073709551615 1 1 0 0 0 0 4612 1 1073775864 0 0 0 -1 2 0 0 0 0 0 0 0 0 0 0 0 0 0
695 1036 (AmazonUsageStat) S 333 333 0 0 -1 1077936192 6854 458235 2649 224 204 159 1246 2252 30 10 307 0 5728 2187558912 31126 18446744073709551615 1 1 0 0 0 0 4612 1 1073775864 0 0 0 -1 1 0 0 0 0 0 0 0 0 0 0 0 0 0
695 1039 (AmaMessageHandl) S 333 333 0 0 -1 1077936192 5 458235 0 224 0 0 1246 2252 20 0 307 0 5730 2187558912 31126 18446744073709551615 1 1 0 0 0 0 4612 1 1073775864 0 0 0 -1 3 0 0 0 0 0 0 0 0 0 0 0 0 0
695 1040 (DfuWorker) S 333 333 0 0 -1 1077936192 7 458235 0 224 0 0 1246 2252 20 0 307 0 5730 2187558912 31126 18446744073709551615 1 1 0 0 0 0 4612 1 1073775864 0 0 0 -1 1 0 0 0 0 0 0 0 0 0 0 0 0 0
695 1041 (DiscoveryWorker) S 333 333 0 0 -1 1077936192 6 458235 0 224 0 0 1246 2252 20 0 307 0 5730 2187558912 31126 18446744073709551615 1 1 0 0 0 0 4612 1 1073775864 0 0 0 -1 0 0 0 0 0 0 0 0 0 0 0 0 0 0
695 1042 (BulkDataWorker) S 333 333 0 0 -1 1077936192 5 458235 0 224 0 0 1246 2252 20 0 307 0 5730 2187558912 31126 18446744073709551615 1 1 0 0 0 0 4612 1 1073775864 0 0 0 -1 3 0 0 0 0 0 0 0 0 0 0 0 0 0
695 1043 (CloudPairingWor) S 333 333 0 0 -1 1077936192 8 458235 0 224 0 0 1246 2252 20 0 307 0 5730 2187558912 31126 18446744073709551615 1 1 0 0 0 0 4612 1 1073775864 0 0 0 -1 1 0 0 0 0 0 0 0 0 0 0 0 0 0
695 1044 (CrashReporterSe) S 333 333 0 0 -1 1077936192 39 458235 1 224 0 0 1246 2252 25 5 307 0 5731 2187558912 31126 18446744073709551615 1 1 0 0 0 0 4612 1 1073775864 0 0 0 -1 0 0 0 0 0 0 0 0 0 0 0 0 0 0
695 1045 (AmazonProtometr) S 333 333 0 0 -1 1077936192 13859 458235 1698 224 324 122 1246 2252 30 10 307 0 5731 2187558912 31126 18446744073709551615 1 1 0 0 0 0 4612 1 1073775864 0 0 0 -1 3 0 0 0 0 0 0 0 0 0 0 0 0 0
695 1047 (MetricsHandler) S 333 333 0 0 -1 1077936192 334 458235 155 224 15 9 1246 2252 20 0 307 0 5732 2187558912 31126 18446744073709551615 1 1 0 0 0 0 4612 1 1073775864 0 0 0 -1 3 0 0 0 0 0 0 0 0 0 0 0 0 0
695 1048 (AccessoryServic) S 333 333 0 0 -1 1077936192 6 458235 0 224 0 0 1246 2252 20 0 307 0 5732 2187558912 31126 18446744073709551615 1 1 0 0 0 0 4612 1 1073775864 0 0 0 -1 3 0 0 0 0 0 0 0 0 0 0 0 0 0
695 1049 (AmazonEmmcConsu) S 333 333 0 0 -1 1077936192 12323 458235 1215 224 305 117 1246 2252 30 10 307 0 5732 2187558912 31126 18446744073709551615 1 1 0 0 0 0 4612 1 1073775864 0 0 0 -1 0 0 0 0 0 0 0 0 0 0 0 0 0 0
695 1050 (ice.EventHelper) S 333 333 0 0 -1 1077936192 6 458235 0 224 0 0 1246 2252 20 0 307 0 5732 2187558912 31126 18446744073709551615 1 1 0 0 0 0 4612 1 1073775864 0 0 0 -1 0 0 0 0 0 0 0 0 0 0 0 0 0 0
695 10507 (AmazonFingerPri) S 333 333 0 0 -1 1077936192 11 458235 3 224 0 0 1246 2252 30 10 307 0 259566254 2187558912 31126 18446744073709551615 1 1 0 0 0 0 4612 1 1073775864 0 0 0 -1 3 0 0 0 0 0 0 0 0 0 0 0 0 0
695 1051 (ice.EventHelper) S 333 333 0 0 -1 1077936192 6 458235 0 224 0 0 1246 2252 20 0 307 0 5732 2187558912 31126 18446744073709551615 1 1 0 0 0 0 4612 1 1073775864 0 0 0 -1 0 0 0 0 0 0 0 0 0 0 0 0 0 0
695 1052 (ice.EventHelper) S 333 333 0 0 -1 1077936192 7 458235 0 224 0 0 1246 2252 20 0 307 0 5733 2187558912 31126 18446744073709551615 1 1 0 0 0 0 4612 1 1073775864 0 0 0 -1 3 0 0 0 0 0 0 0 0 0 0 0 0 0
695 1053 (ice.EventHelper) S 333 333 0 0 -1 1077936192 8 458235 0 224 0 0 1246 2252 20 0 307 0 5733 2187558912 31126 18446744073709551615 1 1 0 0 0 0 4612 1 1073775864 0 0 0 -1 1 0 0 0 0 0 0 0 0 0 0 0 0 0
695 1054 (ice.EventHelper) S 333 333 0 0 -1 1077936192 5 458235 0 224 0 0 1246 2252 20 0 307 0 5733 2187558912 31126 18446744073709551615 1 1 0 0 0 0 4612 1 1073775864 0 0 0 -1 0 0 0 0 0 0 0 0 0 0 0 0 0 0
695 1055 (ice.EventHelper) S 333 333 0 0 -1 1077936192 6 458235 0 224 0 0 1246 2252 20 0 307 0 5733 2187558912 31126 18446744073709551615 1 1 0 0 0 0 4612 1 1073775864 0 0 0 -1 2 0 0 0 0 0 0 0 0 0 0 0 0 0
695 1056 (ice.EventHelper) S 333 333 0 0 -1 1077936192 6 458235 0 224 0 0 1246 2252 20 0 307 0 5733 2187558912 31126 18446744073709551615 1 1 0 0 0 0 4612 1 1073775864 0 0 0 -1 2 0 0 0 0 0 0 0 0 0 0 0 0 0
695 1057 (ice.EventHelper) S 333 333 0 0 -1 1077936192 7 458235 0 224 0 0 1246 2252 20 0 307 0 5733 2187558912 31126 18446744073709551615 1 1 0 0 0 0 4612 1 1073775864 0 0 0 -1 2 0 0 0 0 0 0 0 0 0 0 0 0 0
695 1058 (ice.EventHelper) S 333 333 0 0 -1 1077936192 7 458235 0 224 0 0 1246 2252 20 0 307 0 5733 2187558912 31126 18446744073709551615 1 1 0 0 0 0 4612 1 1073775864 0 0 0 -1 1 0 0 0 0 0 0 0 0 0 0 0 0 0
695 1059 (ice.EventHelper) S 333 333 0 0 -1 1077936192 5 458235 0 224 0 0 1246 2252 20 0 307 0 5733 2187558912 31126 18446744073709551615 1 1 0 0 0 0 4612 1 1073775864 0 0 0 -1 0 0 0 0 0 0 0 0 0 0 0 0 0 0
695 1060 (ice.EventHelper) S 333 333 0 0 -1 1077936192 8 458235 0 224 0 0 1246 2252 20 0 307 0 5733 2187558912 31126 18446744073709551615 1 1 0 0 0 0 4612 1 1073775864 0 0 0 -1 2 0 0 0 0 0 0 0 0 0 0 0 0 0
695 1061 (ice.EventHelper) S 333 333 0 0 -1 1077936192 7 458235 0 224 0 0 1246 2252 20 0 307 0 5733 2187558912 31126 18446744073709551615 1 1 0 0 0 0 4612 1 1073775864 0 0 0 -1 1 0 0 0 0 0 0 0 0 0 0 0 0 0
695 1062 (OomAdjustment H) S 333 333 0 0 -1 1077936192 1077 458235 1140 224 5 135 1246 2252 30 10 307 0 5734 2187558912 31126 18446744073709551615 1 1 0 0 0 0 4612 1 1073775864 0 0 0 -1 1 0 0 0 0 0 0 0 0 0 0 0 0 0
695 1063 (Favorite apps H) S 333 333 0 0 -1 1077936192 7 458235 0 224 0 0 1246 2252 30 10 307 0 5734 2187558912 31126 18446744073709551615 1 1 0 0 0 0 4612 1 1073775864 0 0 0 -1 2 0 0 0 0 0 0 0 0 0 0 0 0 0
695 1064 (Metrics Handler) S 333 333 0 0 -1 1077936192 6 458235 0 224 0 0 1246 2252 30 10 307 0 5734 2187558912 31126 18446744073709551615 1 1 0 0 0 0 4612 1 1073775864 0 0 0 -1 1 0 0 0 0 0 0 0 0 0 0 0 0 0
695 1065 (Prewarm Handler) S 333 333 0 0 -1 1077936192 1912 458235 613 224 78 54 1246 2252 30 10 307 0 5734 2187558912 31126 18446744073709551615 1 1 0 0 0 0 4612 1 1073775864 0 0 0 -1 0 0 0 0 0 0 0 0 0 0 0 0 0 0
695 1066 (AmazonPowerMana) S 333 333 0 0 -1 1077936192 60 458235 22 224 0 0 1246 2252 25 5 307 0 5734 2187558912 31126 18446744073709551615 1 1 0 0 0 0 4612 1 1073775864 0 0 0 -1 2 0 0 0 0 0 0 0 0 0 0 0 0 0
695 1067 (EveThread) S 333 333 0 0 -1 1077936192 122862 458235 10145 224 6368 2896 1246 2252 30 10 307 0 5734 2187558912 31126 18446744073709551615 1 1 0 0 0 0 4612 1 1073775864 0 0 0 -1 0 0 0 0 0 0 0 0 0 0 0 0 0 0
695 1068 (EthernetService) S 333 333 0 0 -1 1077936192 6064 458235 352 224 89 63 1246 2252 20 0 307 0 5744 2187558912 31126 18446744073709551615 1 1 0 0 0 0 4612 1 1073775864 0 0 0 -1 1 0 0 0 0 0 0 0 0 0 0 0 0 0
695 1072 (KeyMapManager) S 333 333 0 0 -1 1077936192 582 458235 0 224 7 1 1246 2252 25 5 307 0 5747 2187558912 31126 18446744073709551615 1 1 0 0 0 0 4612 1 1073775864 0 0 0 -1 2 0 0 0 0 0 0 0 0 0 0 0 0 0
695 1074 (MCL-ArcusHelper) S 333 333 0 0 -1 1077936192 255 458235 113 224 2 6 1246 2252 20 0 307 0 5748 2187558912 31126 18446744073709551615 1 1 0 0 0 0 4612 1 1073775864 0 0 0 -1 0 0 0 0 0 0 0 0 0 0 0 0 0 0
695 1075 (HealthServiceHw) S 333 333 0 0 -1 1077936192 9 458235 0 224 0 0 1246 2252 20 0 307 0 5748 2187558912 31126 18446744073709551615 1 1 0 0 0 0 4612 1 1073775864 0 0 0 -1 2 0 0 0 0 0 0 0 0 0 0 0 0 0
695 1080 (Thread-11) S 333 333 0 0 -1 1077936192 1352337 458235 12478 224 95404 14265 1246 2252 20 0 307 0 5757 2187558912 31126 18446744073709551615 1 1 0 0 0 0 4612 1 1073775864 0 0 0 -1 0 0 0 0 0 0 0 0 0 0 0 0 0 0
695 10809 (LogRetentionJob) S 333 333 0 0 -1 1077936192 12 458235 0 224 0 0 1246 2252 20 0 307 0 60675708 2187558912 31126 18446744073709551615 1 1 0 0 0 0 4612 1 1073775864 0 0 0 -1 1 0 0 0 0 0 0 0 0 0 0 0 0 0
695 1082 (WifiManagerThre) S 333 333 0 0 -1 1077936192 459 458235 13 224 24 3 1246 2252 20 0 307 0 5758 2187558912 31126 18446744073709551615 1 1 0 0 0 0 4612 1 1073775864 0 0 0 -1 0 0 0 0 0 0 0 0 0 0 0 0 0 0
695 1084 (AmazonWifiTherm) S 333 333 0 0 -1 1077936192 130 458235 35 224 0 1 1246 2252 20 0 307 0 5760 2187558912 31126 18446744073709551615 1 1 0 0 0 0 4612 1 1073775864 0 0 0 -1 0 0 0 0 0 0 0 0 0 0 0 0 0 0
695 1085 (AmazonInputMana) S 333 333 0 0 -1 1077936192 15057 458235 258 224 172 16 1246 2252 20 0 307 0 5760 2187558912 31126 18446744073709551615 1 1 0 0 0 0 4612 1 1073775864 0 0 0 -1 1 0 0 0 0 0 0 0 0 0 0 0 0 0
695 1086 (AmazonWifiTherm) S 333 333 0 0 -1 1077936192 5 458235 0 224 0 0 1246 2252 20 0 307 0 5761 2187558912 31126 18446744073709551615 1 1 0 0 0 0 4612 1 1073775864 0 0 0 -1 0 0 0 0 0 0 0 0 0 0 0 0 0 0
695 10866 (Binder:695_1A) S 333 333 0 0 -1 1077936448 213620 458235 7334 224 24879 10868 1246 2252 20 0 307 0 25751 2187558912 31126 18446744073709551615 1 1 0 0 0 4096 4612 1 1073775864 0 0 0 -1 0 0 0 0 0 0 0 0 0 0 0 0 0 0
695 1090 (queued-work-loo) S 333 333 0 0 -1 1077936192 10796 458235 220 224 342 670 1246 2252 18 -2 307 0 5762 2187558912 31126 18446744073709551615 1 1 0 0 0 0 4612 1 1073775864 0 0 0 -1 2 0 0 0 0 0 0 0 0 0 0 0 0 0
695 1092 (GenericAppAdapt) S 333 333 0 0 -1 1077936192 7 458235 0 224 0 0 1246 2252 25 5 307 0 5765 2187558912 31126 18446744073709551615 1 1 0 0 0 0 4612 1 1073775864 0 0 0 -1 2 0 0 0 0 0 0 0 0 0 0 0 0 0
695 1093 (Binder:695_4) S 333 333 0 0 -1 1077936448 116243 458235 5882 224 12517 5504 1246 2252 20 0 307 0 5765 2187558912 31126 18446744073709551615 1 1 0 0 0 0 4612 1 1073775864 0 0 0 -1 0 0 0 0 0 0 0 0 0 0 0 0 0 0
695 1102 (LiveTvAppLaunch) S 333 333 0 0 -1 1077936192 5 458235 0 224 0 0 1246 2252 25 5 307 0 5768 2187558912 31126 18446744073709551615 1 1 0 0 0 0 4612 1 1073775864 0 0 0 -1 3 0 0 0 0 0 0 0 0 0 0 0 0 0
695 1103 (AudioArcusHelpe) S 333 333 0 0 -1 1077936192 7469 458235 153 224 128 10 1246 2252 20 0 307 0 5768 2187558912 31126 18446744073709551615 1 1 0 0 0 0 4612 1 1073775864 0 0 0 -1 0 0 0 0 0 0 0 0 0 0 0 0 0 0
695 1105 (AmazonInputMana) S 333 333 0 0 -1 1077936192 529 458235 138 224 3 3 1246 2252 20 0 307 0 5769 2187558912 31126 18446744073709551615 1 1 0 0 0 0 4612 1 1073775864 0 0 0 -1 3 0 0 0 0 0 0 0 0 0 0 0 0 0
695 1106 (DenyListArcusHe) S 333 333 0 0 -1 1077936192 5 458235 0 224 0 0 1246 2252 20 0 307 0 5769 2187558912 31126 18446744073709551615 1 1 0 0 0 0 4612 1 1073775864 0 0 0 -1 1 0 0 0 0 0 0 0 0 0 0 0 0 0
695 1108 (WifiDiagsQueueT) S 333 333 0 0 -1 1077936192 265250 458235 1765 224 14489 11830 1246 2252 20 0 307 0 5770 2187558912 31126 18446744073709551615 1 1 0 0 0 0 4612 1 1073775864 0 0 0 -1 3 0 0 0 0 0 0 0 0 0 0 0 0 0
695 1110 (NetWatchDogQueu) S 333 333 0 0 -1 1077936192 42 458235 54 224 22 52 1246 2252 20 0 307 0 5771 2187558912 31126 18446744073709551615 1 1 0 0 0 0 4612 1 1073775864 0 0 0 -1 0 0 0 0 0 0 0 0 0 0 0 0 0 0
695 1111 (TimeServiceThre) S 333 333 0 0 -1 1077936448 1488 458235 162 224 29 29 1246 2252 20 0 307 0 5771 2187558912 31126 18446744073709551615 1 1 0 0 0 0 4612 1 1073775864 0 0 0 -1 0 0 0 0 0 0 0 0 0 0 0 0 0 0
695 1112 (TimeServiceNetw) S 333 333 0 0 -1 1077936192 5 458235 0 224 0 0 1246 2252 20 0 307 0 5771 2187558912 31126 18446744073709551615 1 1 0 0 0 0 4612 1 1073775864 0 0 0 -1 3 0 0 0 0 0 0 0 0 0 0 0 0 0
695 1114 (AMA Callback Na) S 333 333 0 0 -1 1077936192 6 458235 0 224 0 0 1246 2252 18 -2 307 0 5772 2187558912 31126 18446744073709551615 1 1 0 0 0 0 4612 1 1073775864 0 0 0 -1 0 0 0 0 0 0 0 0 0 0 0 0 0 0
695 1116 (Binder:695_5) S 333 333 0 0 -1 1077936448 124076 458235 5850 224 14200 6206 1246 2252 20 0 307 0 5772 2187558912 31126 18446744073709551615 1 1 0 0 0 0 4612 1 1073775864 0 0 0 -1 2 0 0 0 0 0 0 0 0 0 0 0 0 0
695 1119 (TestMetricBuffe) S 333 333 0 0 -1 1077936192 5 458235 0 224 0 0 1246 2252 20 0 307 0 5773 2187558912 31126 18446744073709551615 1 1 0 0 0 0 4612 1 1073775864 0 0 0 -1 0 0 0 0 0 0 0 0 0 0 0 0 0 0
695 1121 (BspConsumer) S 333 333 0 0 -1 1077936192 153 458235 3 224 4 5 1246 2252 20 0 307 0 5775 2187558912 31126 18446744073709551615 1 1 0 0 0 0 4612 1 1073775864 0 0 0 -1 2 0 0 0 0 0 0 0 0 0 0 0 0 0
695 1124 (TaskSnapshotPer) S 333 333 0 0 -1 1077936192 764 458235 249 224 18 19 1246 2252 30 10 307 0 5775 2187558912 31126 18446744073709551615 1 1 0 0 0 0 4612 1 1073775864 0 0 0 -1 3 0 0 0 0 0 0 0 0 0 0 0 0 0
695 1125 (PhotonicModulat) S 333 333 0 0 -1 1077936192 326 458235 71 224 12 6 1246 2252 20 0 307 0 5777 2187558912 31126 18446744073709551615 1 1 0 0 0 0 4612 1 1073775864 0 0 0 -1 0 0 0 0 0 0 0 0 0 0 0 0 0 0
695 1130 (ContextualSSArc) S 333 333 0 0 -1 1077936192 163 458235 87 224 2 1 1246 2252 20 0 307 0 5780 2187558912 31126 18446744073709551615 1 1 0 0 0 0 4612 1 1073775864 0 0 0 -1 0 0 0 0 0 0 0 0 0 0 0 0 0 0
695 1132 (HomeLauncherArc) S 333 333 0 0 -1 1077936192 1126 458235 77 224 6 4 1246 2252 20 0 307 0 5782 2187558912 31126 18446744073709551615 1 1 0 0 0 0 4612 1 1073775864 0 0 0 -1 2 0 0 0 0 0 0 0 0 0 0 0 0 0
695 1151 (AmazonPmArcusUt) S 333 333 0 0 -1 1077936192 81 458235 4 224 1 0 1246 2252 20 0 307 0 5834 2187558912 31126 18446744073709551615 1 1 0 0 0 0 4612 1 1073775864 0 0 0 -1 3 0 0 0 0 0 0 0 0 0 0 0 0 0
695 1159 (SyncManager) S 333 333 0 0 -1 1077936448 65287 458235 1353 224 1678 754 1246 2252 30 10 307 0 5844 2187558912 31126 18446744073709551615 1 1 0 0 0 0 4612 1 1073775864 0 0 0 -1 2 0 0 0 0 0 0 0 0 0 0 0 0 0
695 1160 (Binder:695_6) S 333 333 0 0 -1 1077936448 115721 458235 5977 224 13015 5969 1246 2252 20 0 307 0 5848 2187558912 31126 18446744073709551615 1 1 0 0 0 0 4612 1 1073775864 0 0 0 -1 1 0 0 0 0 0 0 0 0 0 0 0 0 0
695 1162 (SyncHandler-0) S 333 333 0 0 -1 1077936192 1593 458235 19 224 12 20 1246 2252 20 0 307 0 5857 2187558912 31126 18446744073709551615 1 1 0 0 0 0 4612 1 1073775864 0 0 0 -1 2 0 0 0 0 0 0 0 0 0 0 0 0 0
695 1184 (UsbService host) S 333 333 0 0 -1 4194368 14 458235 22 224 0 0 1246 2252 20 0 307 0 5872 2187558912 31126 18446744073709551615 1 1 0 0 0 0 4612 1 1073775864 0 0 0 -1 1 0 0 0 0 0 0 0 0 0 0 0 0 0
695 11891 (Binder:695_1B) S 333 333 0 0 -1 1077936448 230783 458235 6153 224 25498 11323 1246 2252 20 0 307 0 31185 2187558912 31126 18446744073709551615 1 1 0 0 0 0 4612 1 1073775864 0 0 0 -1 0 0 0 0 0 0 0 0 0 0 0 0 0 0
695 11941 (Binder:695_1C) S 333 333 0 0 -1 1077936448 219797 458235 7129 224 28132 12853 1246 2252 20 0 307 0 31264 2187558912 31126 18446744073709551615 1 1 0 0 0 0 4612 1 1073775864 0 0 0 -1 2 0 0 0 0 0 0 0 0 0 0 0 0 0
695 12141 (LogRetentionJob) S 333 333 0 0 -1 1077936192 8 458235 0 224 0 0 1246 2252 20 0 307 0 26111907 2187558912 31126 18446744073709551615 1 1 0 0 0 0 4612 1 1073775864 0 0 0 -1 3 0 0 0 0 0 0 0 0 0 0 0 0 0
695 12201 (AmazonFingerPri) S 333 333 0 0 -1 1077936192 7 458235 1 224 0 0 1246 2252 30 10 307 0 268212254 2187558912 31126 18446744073709551615 1 1 0 0 0 0 4612 1 1073775864 0 0 0 -1 2 0 0 0 0 0 0 0 0 0 0 0 0 0
695 12222 (Binder:695_1D) S 333 333 0 0 -1 1077936448 262272 458235 6552 224 32676 14657 1246 2252 20 0 307 0 34633 2187558912 31126 18446744073709551615 1 1 0 0 0 0 4612 1 1073775864 0 0 0 -1 0 0 0 0 0 0 0 0 0 0 0 0 0 0
695 12355 (pool-7-thread-2) S 333 333 0 0 -1 1077936192 36410 458235 972 224 1097 1532 1246 2252 20 0 307 0 37001 2187558912 31126 18446744073709551615 1 1 0 0 0 0 4612 1 1073775864 0 0 0 -1 3 0 0 0 0 0 0 0 0 0 0 0 0 0
695 12456 (AmazonFingerPri) S 333 333 0 0 -1 1077936192 5 458235 0 224 0 0 1246 2252 30 10 307 0 129971582 2187558912 31126 18446744073709551615 1 1 0 0 0 0 4612 1 1073775864 0 0 0 -1 3 0 0 0 0 0 0 0 0 0 0 0 0 0
695 12577 (LogRetentionJob) S 333 333 0 0 -1 1077936192 12 458235 3 224 0 0 1246 2252 20 0 307 0 242105957 2187558912 31126 18446744073709551615 1 1 0 0 0 0 4612 1 1073775864 0 0 0 -1 0 0 0 0 0 0 0 0 0 0 0 0 0 0
695 1258 (Binder:695_7) S 333 333 0 0 -1 1077936448 104872 458235 4855 224 12359 5336 1246 2252 20 0 307 0 5893 2187558912 31126 18446744073709551615 1 1 0 0 0 0 4612 1 1073775864 0 0 0 -1 0 0 0 0 0 0 0 0 0 0 0 0 0 0
695 1261 (Binder:695_8) S 333 333 0 0 -1 1077936448 104850 458235 4409 224 12687 5668 1246 2252 20 0 307 0 5893 2187558912 31126 18446744073709551615 1 1 0 0 0 0 4612 1 1073775864 0 0 0 -1 0 0 0 0 0 0 0 0 0 0 0 0 0 0
695 1262 (Binder:695_9) S 333 333 0 0 -1 1077936448 99125 458235 5902 224 11368 5179 1246 2252 20 0 307 0 5893 2187558912 31126 18446744073709551615 1 1 0 0 0 0 4612 1 1073775864 0 0 0 -1 0 0 0 0 0 0 0 0 0 0 0 0 0 0
695 1263 (Binder:695_A) S 333 333 0 0 -1 1077936448 114089 458235 6673 224 13007 5638 1246 2252 20 0 307 0 5894 2187558912 31126 18446744073709551615 1 1 0 0 0 0 4612 1 1073775864 0 0 0 -1 2 0 0 0 0 0 0 0 0 0 0 0 0 0
695 1264 (Binder:695_B) S 333 333 0 0 -1 1077936448 99058 458235 4015 224 11164 4847 1246 2252 20 0 307 0 5894 2187558912 31126 18446744073709551615 1 1 0 0 0 4096 4612 1 1073775864 0 0 0 -1 0 0 0 0 0 0 0 0 0 0 0 0 0 0
695 1266 (Binder:695_C) S 333 333 0 0 -1 1077936448 106561 458235 6610 224 12489 5617 1246 2252 20 0 307 0 5894 2187558912 31126 18446744073709551615 1 1 0 0 0 0 4612 1 1073775864 0 0 0 -1 0 0 0 0 0 0 0 0 0 0 0 0 0 0
695 1267 (Binder:695_D) S 333 333 0 0 -1 1077936448 107424 458235 6932 224 11358 4813 1246 2252 20 0 307 0 5894 2187558912 31126 18446744073709551615 1 1 0 0 0 4096 4612 1 1073775864 0 0 0 -1 0 0 0 0 0 0 0 0 0 0 0 0 0 0
695 13013 (AmazonFingerPri) S 333 333 0 0 -1 1077936192 6 458235 0 224 0 0 1246 2252 30 10 307 0 60847524 2187558912 31126 18446744073709551615 1 1 0 0 0 0 4612 1 1073775864 0 0 0 -1 0 0 0 0 0 0 0 0 0 0 0 0 0 0
695 13572 (LogRetentionJob) S 333 333 0 0 -1 1077936192 8 458235 3 224 0 0 1246 2252 20 0 307 0 185719 2187558912 31126 18446744073709551615 1 1 0 0 0 0 4612 1 1073775864 0 0 0 -1 2 0 0 0 0 0 0 0 0 0 0 0 0 0
695 1373 (pool-9-thread-1) S 333 333 0 0 -1 1077936192 451 458235 129 224 4 6 1246 2252 20 0 307 0 5926 2187558912 31126 18446744073709551615 1 1 0 0 0 0 4612 1 1073775864 0 0 0 -1 2 0 0 0 0 0 0 0 0 0 0 0 0 0
695 1374 (pool-9-thread-2) S 333 333 0 0 -1 1077936192 416 458235 85 224 4 5 1246 2252 20 0 307 0 5926 2187558912 31126 18446744073709551615 1 1 0 0 0 0 4612 1 1073775864 0 0 0 -1 2 0 0 0 0 0 0 0 0 0 0 0 0 0
695 13746 (LogRetentionJob) S 333 333 0 0 -1 1077936192 9 458235 0 224 0 0 1246 2252 20 0 307 0 164355054 2187558912 31126 18446744073709551615 1 1 0 0 0 0 4612 1 1073775864 0 0 0 -1 0 0 0 0 0 0 0 0 0 0 0 0 0 0
695 13851 (AdbDebuggingMan) S 333 333 0 0 -1 4194368 24 458235 2 224 0 0 1246 2252 20 0 307 0 194105 2187558912 31126 18446744073709551615 1 1 0 0 0 0 4612 1 1073775864 0 0 0 -1 1 0 0 0 0 0 0 0 0 0 0 0 0 0
695 14057 (Binder:695_1E) S 333 333 0 0 -1 1077936448 261326 458235 8065 224 32055 14666 1246 2252 20 0 307 0 204245 2187558912 31126 18446744073709551615 1 1 0 0 0 4096 4612 1 1073775864 0 0 0 -1 3 0 0 0 0 0 0 0 0 0 0 0 0 0
695 1421 (Thread-15) S 333 333 0 0 -1 4194368 6 458235 0 224 0 0 1246 2252 20 0 307 0 5953 2187558912 31126 18446744073709551615 1 1 0 0 0 0 4612 1 1073775864 0 0 0 -1 2 0 0 0 0 0 0 0 0 0 0 0 0 0
695 1429 (NetworkStatsObs) S 333 333 0 0 -1 1077936192 3100 458235 250 224 124 105 1246 2252 20 0 307 0 5956 2187558912 31126 18446744073709551615 1 1 0 0 0 0 4612 1 1073775864 0 0 0 -1 3 0 0 0 0 0 0 0 0 0 0 0 0 0
695 14343 (AmazonFingerPri) S 333 333 0 0 -1 1077936192 5 458235 1 224 0 0 1246 2252 30 10 307 0 26287160 2187558912 31126 18446744073709551615 1 1 0 0 0 0 4612 1 1073775864 0 0 0 -1 0 0 0 0 0 0 0 0 0 0 0 0 0 0
695 14374 (LogRetentionJob) S 333 333 0 0 -1 1077936192 12 458235 1 224 0 0 1246 2252 20 0 307 0 86586829 2187558912 31126 18446744073709551615 1 1 0 0 0 0 4612 1 1073775864 0 0 0 -1 0 0 0 0 0 0 0 0 0 0 0 0 0 0
695 14526 (AudioTrack) S 333 333 0 0 -1 1077936192 5 458235 2 224 0 0 1246 2252 4 -16 307 0 204664830 2187558912 31126 18446744073709551615 1 1 0 0 0 0 4612 1 1073775864 0 0 0 -1 2 0 0 0 0 0 0 0 0 0 0 0 0 0
695 14537 (AudioTrack) S 333 333 0 0 -1 1077936192 5 458235 0 224 0 0 1246 2252 4 -16 307 0 204664908 2187558912 31126 18446744073709551615 1 1 0 0 0 0 4612 1 1073775864 0 0 0 -1 0 0 0 0 0 0 0 0 0 0 0 0 0 0
695 1467 (PerfAnimationAr) S 333 333 0 0 -1 1077936192 111 458235 53 224 2 3 1246 2252 30 10 307 0 5970 2187558912 31126 18446744073709551615 1 1 0 0 0 0 4612 1 1073775864 0 0 0 -1 1 0 0 0 0 0 0 0 0 0 0 0 0 0
695 14742 (AmazonFingerPri) S 333 333 0 0 -1 1077936192 7 458235 3 224 0 0 1246 2252 30 10 307 0 242286254 2187558912 31126 18446744073709551615 1 1 0 0 0 0 4612 1 1073775864 0 0 0 -1 0 0 0 0 0 0 0 0 0 0 0 0 0 0
695 14922 (Binder:695_1F) S 333 333 0 0 -1 1077936448 268880 458235 8724 224 34561 15796 1246 2252 20 0 307 0 223944 2187558912 31126 18446744073709551615 1 1 0 0 0 0 4612 1 1073775864 0 0 0 -1 3 0 0 0 0 0 0 0 0 0 0 0 0 0
695 15088 (Binder:695_20) S 333 333 0 0 -1 1077936448 300622 458235 7502 224 38399 17495 1246 2252 20 0 307 0 224908 2187558912 31126 18446744073709551615 1 1 0 0 0 0 4612 1 1073775864 0 0 0 -1 3 0 0 0 0 0 0 0 0 0 0 0 0 0
695 1525 (pool-2-thread-1) S 333 333 0 0 -1 1077936192 584 458235 165 224 5 4 1246 2252 20 0 307 0 6010 2187558912 31126 18446744073709551615 1 1 0 0 0 0 4612 1 1073775864 0 0 0 -1 1 0 0 0 0 0 0 0 0 0 0 0 0 0
695 15294 (Binder:695_21) S 333 333 0 0 -1 1077936448 333779 458235 6599 224 42207 18786 1246 2252 20 0 307 0 230233 2187558912 31126 18446744073709551615 1 1 0 0 0 0 4612 1 1073775864 0 0 0 -1 3 0 0 0 0 0 0 0 0 0 0 0 0 0
695 15492 (LogRetentionJob) S 333 333 0 0 -1 1077936192 9 458235 0 224 0 0 1246 2252 20 0 307 0 121154176 2187558912 31126 18446744073709551615 1 1 0 0 0 0 4612 1 1073775864 0 0 0 -1 3 0 0 0 0 0 0 0 0 0 0 0 0 0
695 1594 (CCodecWatchdog) S 333 333 0 0 -1 1077936192 1 458235 0 224 0 0 1246 2252 20 0 307 0 6044 2187558912 31126 18446744073709551615 1 1 0 0 0 0 4612 1 1073775864 0 0 0 -1 2 0 0 0 0 0 0 0 0 0 0 0 0 0
695 1596 (NDK MediaCodec_) S 333 333 0 0 -1 1077936192 1 458235 0 224 0 0 1246 2252 4 -16 307 0 6044 2187558912 31126 18446744073709551615 1 1 0 0 0 0 4612 1 1073775864 0 0 0 -1 1 0 0 0 0 0 0 0 0 0 0 0 0 0
695 15969 (AmazonFingerPri) S 333 333 0 0 -1 1077936192 5 458235 0 224 0 0 1246 2252 30 10 307 0 164532139 2187558912 31126 18446744073709551615 1 1 0 0 0 0 4612 1 1073775864 0 0 0 -1 3 0 0 0 0 0 0 0 0 0 0 0 0 0
695 1597 (NDK MediaCodec_) S 333 333 0 0 -1 1077936192 1 458235 0 224 0 0 1246 2252 4 -16 307 0 6044 2187558912 31126 18446744073709551615 1 1 0 0 0 0 4612 1 1073775864 0 0 0 -1 0 0 0 0 0 0 0 0 0 0 0 0 0 0
695 1605 (HwBinder:695_4) S 333 333 0 0 -1 1077936192 5588 458235 293 224 498 149 1246 2252 20 0 307 0 6051 2187558912 31126 18446744073709551615 1 1 0 0 0 0 4612 1 1073775864 0 0 0 -1 0 0 0 0 0 0 0 0 0 0 0 0 0 0
695 1612 (HwBinder:695_5) S 333 333 0 0 -1 1077936192 9414 458235 347 224 797 240 1246 2252 20 0 307 0 6060 2187558912 31126 18446744073709551615 1 1 0 0 0 0 4612 1 1073775864 0 0 0 -1 1 0 0 0 0 0 0 0 0 0 0 0 0 0
695 16757 (AmazonFingerPri) S 333 333 0 0 -1 1077936192 5 458235 0 224 0 0 1246 2252 30 10 307 0 86767127 2187558912 31126 18446744073709551615 1 1 0 0 0 0 4612 1 1073775864 0 0 0 -1 1 0 0 0 0 0 0 0 0 0 0 0 0 0
695 1699 (FireTVKeyPolicy) S 333 333 0 0 -1 1077936192 5 458235 0 224 0 0 1246 2252 18 -2 307 0 6123 2187558912 31126 18446744073709551615 1 1 0 0 0 0 4612 1 1073775864 0 0 0 -1 0 0 0 0 0 0 0 0 0 0 0 0 0 0
695 1752 (Binder:695_E) S 333 333 0 0 -1 1077936448 110456 458235 7376 224 12217 5530 1246 2252 20 0 307 0 6209 2187558912 31126 18446744073709551615 1 1 0 0 0 4096 4612 1 1073775864 0 0 0 -1 0 0 0 0 0 0 0 0 0 0 0 0 0 0
695 1759 (VolumeAliasHand) S 333 333 0 0 -1 1077936192 4 458235 0 224 0 0 1246 2252 20 0 307 0 6215 2187558912 31126 18446744073709551615 1 1 0 0 0 0 4612 1 1073775864 0 0 0 -1 2 0 0 0 0 0 0 0 0 0 0 0 0 0
695 1764 (LeGattConnectio) S 333 333 0 0 -1 1077936192 5 458235 0 224 0 0 1246 2252 20 0 307 0 6226 2187558912 31126 18446744073709551615 1 1 0 0 0 0 4612 1 1073775864 0 0 0 -1 0 0 0 0 0 0 0 0 0 0 0 0 0 0
695 1766 (LeGattScanWorke) S 333 333 0 0 -1 1077936192 5 458235 0 224 0 0 1246 2252 20 0 307 0 6226 2187558912 31126 18446744073709551615 1 1 0 0 0 0 4612 1 1073775864 0 0 0 -1 3 0 0 0 0 0 0 0 0 0 0 0 0 0
695 1767 (LeAdapterReques) S 333 333 0 0 -1 1077936192 5 458235 0 224 0 0 1246 2252 20 0 307 0 6227 2187558912 31126 18446744073709551615 1 1 0 0 0 0 4612 1 1073775864 0 0 0 -1 0 0 0 0 0 0 0 0 0 0 0 0 0 0
695 1773 (RedirectListene) S 333 333 0 0 -1 1077936192 5 458235 0 224 0 0 1246 2252 20 0 307 0 6236 2187558912 31126 18446744073709551615 1 1 0 0 0 0 4612 1 1073775864 0 0 0 -1 0 0 0 0 0 0 0 0 0 0 0 0 0 0
695 1782 (AdvertisingIdAr) S 333 333 0 0 -1 1077936192 9 458235 0 224 0 0 1246 2252 20 0 307 0 6239 2187558912 31126 18446744073709551615 1 1 0 0 0 0 4612 1 1073775864 0 0 0 -1 0 0 0 0 0 0 0 0 0 0 0 0 0 0
695 1794 (AmazonFingerPri) S 333 333 0 0 -1 1077936192 20 458235 6 224 0 0 1246 2252 30 10 307 0 6241 2187558912 31126 18446744073709551615 1 1 0 0 0 0 4612 1 1073775864 0 0 0 -1 1 0 0 0 0 0 0 0 0 0 0 0 0 0
695 1798 (ThreadPriorityB) S 333 333 0 0 -1 1077936448 603 458235 215 224 7 11 1246 2252 20 0 307 0 6242 2187558912 31126 18446744073709551615 1 1 0 0 0 0 4612 1 1073775864 0 0 0 -1 3 0 0 0 0 0 0 0 0 0 0 0 0 0
695 1801 (BtLeManagerThre) S 333 333 0 0 -1 1077936192 97 458235 19 224 0 1 1246 2252 20 0 307 0 6244 2187558912 31126 18446744073709551615 1 1 0 0 0 0 4612 1 1073775864 0 0 0 -1 0 0 0 0 0 0 0 0 0 0 0 0 0 0
695 1802 (pool-8-thread-1) S 333 333 0 0 -1 1077936192 1319 458235 269 224 46 42 1246 2252 20 0 307 0 6247 2187558912 31126 18446744073709551615 1 1 0 0 0 0 4612 1 1073775864 0 0 0 -1 1 0 0 0 0 0 0 0 0 0 0 0 0 0
695 1803 (OsuServerHandle) S 333 333 0 0 -1 1077936192 5 458235 0 224 0 0 1246 2252 20 0 307 0 6250 2187558912 31126 18446744073709551615 1 1 0 0 0 0 4612 1 1073775864 0 0 0 -1 1 0 0 0 0 0 0 0 0 0 0 0 0 0
695 1815 (LogRetentionJob) S 333 333 0 0 -1 1077936192 11 458235 2 224 0 0 1246 2252 20 0 307 0 216185958 2187558912 31126 18446744073709551615 1 1 0 0 0 0 4612 1 1073775864 0 0 0 -1 0 0 0 0 0 0 0 0 0 0 0 0 0 0
695 1828 (PerfArcusLooper) S 333 333 0 0 -1 1077936192 168 458235 67 224 2 1 1246 2252 20 0 307 0 6309 2187558912 31126 18446744073709551615 1 1 0 0 0 0 4612 1 1073775864 0 0 0 -1 1 0 0 0 0 0 0 0 0 0 0 0 0 0
695 1842 (PerfSchedTunerA) S 333 333 0 0 -1 1077936192 127 458235 74 224 1 3 1246 2252 30 10 307 0 6315 2187558912 31126 18446744073709551615 1 1 0 0 0 0 4612 1 1073775864 0 0 0 -1 1 0 0 0 0 0 0 0 0 0 0 0 0 0
695 1855 (SamplingThread) S 333 333 0 0 -1 1077936192 4 458235 0 224 0 0 1246 2252 20 0 307 0 6318 2187558912 31126 18446744073709551615 1 1 0 0 0 0 4612 1 1073775864 0 0 0 -1 3 0 0 0 0 0 0 0 0 0 0 0 0 0
695 18720 (AmazonFingerPri) S 333 333 0 0 -1 1077936192 5 458235 0 224 0 0 1246 2252 30 10 307 0 121327246 2187558912 31126 18446744073709551615 1 1 0 0 0 0 4612 1 1073775864 0 0 0 -1 1 0 0 0 0 0 0 0 0 0 0 0 0 0
695 19126 (LogRetentionJob) S 333 333 0 0 -1 1077936192 9 458235 0 224 0 0 1246 2252 20 0 307 0 52050581 2187558912 31126 18446744073709551615 1 1 0 0 0 0 4612 1 1073775864 0 0 0 -1 1 0 0 0 0 0 0 0 0 0 0 0 0 0
695 19181 (LogRetentionJob) S 333 333 0 0 -1 1077936192 9 458235 0 224 0 0 1246 2252 20 0 307 0 198910962 2187558912 31126 18446744073709551615 1 1 0 0 0 0 4612 1 1073775864 0 0 0 -1 1 0 0 0 0 0 0 0 0 0 0 0 0 0
695 20345 (LogRetentionJob) S 333 333 0 0 -1 1077936192 9 458235 0 224 0 0 1246 2252 20 0 307 0 17483740 2187558912 31126 18446744073709551615 1 1 0 0 0 0 4612 1 1073775864 0 0 0 -1 0 0 0 0 0 0 0 0 0 0 0 0 0 0
695 2100 (LazyTaskWriterT) S 333 333 0 0 -1 1077936192 6829 458235 589 224 125 266 1246 2252 30 10 307 0 6581 2187558912 31126 18446744073709551615 1 1 0 0 0 0 4612 1 1073775864 0 0 0 -1 3 0 0 0 0 0 0 0 0 0 0 0 0 0
695 2102 (StorageUserConn) S 333 333 0 0 -1 1077936192 13 458235 0 224 0 0 1246 2252 20 0 307 0 6583 2187558912 31126 18446744073709551615 1 1 0 0 0 0 4612 1 1073775864 0 0 0 -1 2 0 0 0 0 0 0 0 0 0 0 0 0 0
695 21044 (AmazonFingerPri) S 333 333 0 0 -1 1077936192 5 458235 0 224 0 0 1246 2252 30 10 307 0 52207431 2187558912 31126 18446744073709551615 1 1 0 0 0 0 4612 1 1073775864 0 0 0 -1 3 0 0 0 0 0 0 0 0 0 0 0 0 0
695 21475 (AmazonFingerPri) S 333 333 0 0 -1 1077936192 5 458235 0 224 0 0 1246 2252 30 10 307 0 199091512 2187558912 31126 18446744073709551615 1 1 0 0 0 0 4612 1 1073775864 0 0 0 -1 1 0 0 0 0 0 0 0 0 0 0 0 0 0
695 2211 (AudioPortEventH) S 333 333 0 0 -1 1077936192 603 458235 326 224 3 9 1246 2252 20 0 307 0 6637 2187558912 31126 18446744073709551615 1 1 0 0 0 0 4612 1 1073775864 0 0 0 -1 1 0 0 0 0 0 0 0 0 0 0 0 0 0
695 22517 (AmazonFingerPri) S 333 333 0 0 -1 1077936192 6 458235 0 224 0 0 1246 2252 30 10 307 0 17647085 2187558912 31126 18446744073709551615 1 1 0 0 0 0 4612 1 1073775864 0 0 0 -1 1 0 0 0 0 0 0 0 0 0 0 0 0 0
695 22634 (LogRetentionJob) S 333 333 0 0 -1 1077936192 9 458235 1 224 0 0 1246 2252 20 0 307 0 155716626 2187558912 31126 18446744073709551615 1 1 0 0 0 0 4612 1 1073775864 0 0 0 -1 3 0 0 0 0 0 0 0 0 0 0 0 0 0
695 22653 (LogRetentionJob) S 333 333 0 0 -1 1077936192 11 458235 3 224 0 0 1246 2252 20 0 307 0 207556903 2187558912 31126 18446744073709551615 1 1 0 0 0 0 4612 1 1073775864 0 0 0 -1 2 0 0 0 0 0 0 0 0 0 0 0 0 0
695 2279 (AmazonFingerPri) S 333 333 0 0 -1 1077936192 6 458235 0 224 0 0 1246 2252 30 10 307 0 104047951 2187558912 31126 18446744073709551615 1 1 0 0 0 0 4612 1 1073775864 0 0 0 -1 3 0 0 0 0 0 0 0 0 0 0 0 0 0
695 22974 (LogRetentionJob) S 333 333 0 0 -1 1077936192 9 458235 0 224 0 0 1246 2252 20 0 307 0 112524029 2187558912 31126 18446744073709551615 1 1 0 0 0 0 4612 1 1073775864 0 0 0 -1 1 0 0 0 0 0 0 0 0 0 0 0 0 0
695 24468 (LogRetentionJob) S 333 333 0 0 -1 1077936192 11 458235 8 224 0 0 1246 2252 20 0 307 0 233465958 2187558912 31126 18446744073709551615 1 1 0 0 0 0 4612 1 1073775864 0 0 0 -1 2 0 0 0 0 0 0 0 0 0 0 0 0 0
695 24597 (LogRetentionJob) S 333 333 0 0 -1 1077936192 10 458235 0 224 0 0 1246 2252 20 0 307 0 190274408 2187558912 31126 18446744073709551615 1 1 0 0 0 0 4612 1 1073775864 0 0 0 -1 1 0 0 0 0 0 0 0 0 0 0 0 0 0
695 2489 (pool-7-thread-1) S 333 333 0 0 -1 1077936192 36934 458235 1012 224 1080 1554 1246 2252 20 0 307 0 6947 2187558912 31126 18446744073709551615 1 1 0 0 0 0 4612 1 1073775864 0 0 0 -1 0 0 0 0 0 0 0 0 0 0 0 0 0 0
695 25127 (AmazonFingerPri) S 333 333 0 0 -1 1077936192 5 458235 1 224 0 0 1246 2252 30 10 307 0 112688023 2187558912 31126 18446744073709551615 1 1 0 0 0 0 4612 1 1073775864 0 0 0 -1 1 0 0 0 0 0 0 0 0 0 0 0 0 0
695 25157 (AmazonFingerPri) S 333 333 0 0 -1 1077936192 6 458235 0 224 0 0 1246 2252 30 10 307 0 155892024 2187558912 31126 18446744073709551615 1 1 0 0 0 0 4612 1 1073775864 0 0 0 -1 0 0 0 0 0 0 0 0 0 0 0 0 0 0
695 25397 (AmazonFingerPri) S 333 333 0 0 -1 1077936192 8 458235 0 224 0 0 1246 2252 30 10 307 0 207732746 2187558912 31126 18446744073709551615 1 1 0 0 0 0 4612 1 1073775864 0 0 0 -1 3 0 0 0 0 0 0 0 0 0 0 0 0 0
695 2542 (Okio Watchdog) S 333 333 0 0 -1 1077936192 102 458235 65 224 86 99 1246 2252 20 0 307 0 6967 2187558912 31126 18446744073709551615 1 1 0 0 0 0 4612 1 1073775864 0 0 0 -1 3 0 0 0 0 0 0 0 0 0 0 0 0 0
695 25479 (LogRetentionJob) S 333 333 0 0 -1 1077936192 9 458235 0 224 0 0 1246 2252 20 0 307 0 77960230 2187558912 31126 18446744073709551615 1 1 0 0 0 0 4612 1 1073775864 0 0 0 -1 1 0 0 0 0 0 0 0 0 0 0 0 0 0
695 26957 (AmazonFingerPri) S 333 333 0 0 -1 1077936192 9 458235 2 224 0 0 1246 2252 30 10 307 0 233646255 2187558912 31126 18446744073709551615 1 1 0 0 0 0 4612 1 1073775864 0 0 0 -1 2 0 0 0 0 0 0 0 0 0 0 0 0 0
695 27340 (AmazonFingerPri) S 333 333 0 0 -1 1077936192 5 458235 0 224 0 0 1246 2252 30 10 307 0 190452511 2187558912 31126 18446744073709551615 1 1 0 0 0 0 4612 1 1073775864 0 0 0 -1 3 0 0 0 0 0 0 0 0 0 0 0 0 0
695 27405 (AsyncTask #16) S 333 333 0 0 -1 1077936192 4743 458235 217 224 51 30 1246 2252 30 10 307 0 254950814 2187558912 31126 18446744073709551615 1 1 0 0 0 0 4612 1 1073775864 0 0 0 -1 1 0 0 0 0 0 0 0 0 0 0 0 0 0
695 27645 (AmazonFingerPri) S 333 333 0 0 -1 1077936192 5 458235 1 224 0 0 1246 2252 30 10 307 0 78127720 2187558912 31126 18446744073709551615 1 1 0 0 0 0 4612 1 1073775864 0 0 0 -1 3 0 0 0 0 0 0 0 0 0 0 0 0 0
695 28310 (LogRetentionJob) S 333 333 0 0 -1 1077936192 10 458235 2 224 0 0 1246 2252 20 0 307 0 43395587 2187558912 31126 18446744073709551615 1 1 0 0 0 0 4612 1 1073775864 0 0 0 -1 1 0 0 0 0 0 0 0 0 0 0 0 0 0
695 29014 (LogRetentionJob) S 333 333 0 0 -1 1077936192 8 458235 1 224 0 0 1246 2252 20 0 307 0 8827337 2187558912 31126 18446744073709551615 1 1 0 0 0 0 4612 1 1073775864 0 0 0 -1 1 0 0 0 0 0 0 0 0 0 0 0 0 0
695 29588 (LogRetentionJob) S 333 333 0 0 -1 1077936192 13 458235 4 224 0 0 1246 2252 20 0 307 0 250745958 2187558912 31126 18446744073709551615 1 1 0 0 0 0 4612 1 1073775864 0 0 0 -1 3 0 0 0 0 0 0 0 0 0 0 0 0 0
695 29756 (LogRetentionJob) S 333 333 0 0 -1 1077936192 10 458235 0 224 0 0 1246 2252 20 0 307 0 147084566 2187558912 31126 18446744073709551615 1 1 0 0 0 0 4612 1 1073775864 0 0 0 -1 0 0 0 0 0 0 0 0 0 0 0 0 0 0
695 30600 (LogRetentionJob) S 333 333 0 0 -1 1077936192 12 458235 5 224 0 0 1246 2252 20 0 307 0 259385957 2187558912 31126 18446744073709551615 1 1 0 0 0 0 4612 1 1073775864 0 0 0 -1 0 0 0 0 0 0 0 0 0 0 0 0 0 0
695 30920 (AmazonFingerPri) S 333 333 0 0 -1 1077936192 6 458235 1 224 0 0 1246 2252 30 10 307 0 43567339 2187558912 31126 18446744073709551615 1 1 0 0 0 0 4612 1 1073775864 0 0 0 -1 3 0 0 0 0 0 0 0 0 0 0 0 0 0
695 30945 (AmazonFingerPri) S 333 333 0 0 -1 1077936192 8 458235 4 224 0 0 1246 2252 30 10 307 0 366254 2187558912 31126 18446744073709551615 1 1 0 0 0 0 4612 1 1073775864 0 0 0 -1 2 0 0 0 0 0 0 0 0 0 0 0 0 0
695 31028 (AmazonFingerPri) S 333 333 0 0 -1 1077936192 6 458235 0 224 0 0 1246 2252 30 10 307 0 9006991 2187558912 31126 18446744073709551615 1 1 0 0 0 0 4612 1 1073775864 0 0 0 -1 2 0 0 0 0 0 0 0 0 0 0 0 0 0
695 31588 (LogRetentionJob) S 333 333 0 0 -1 1077936192 10 458235 0 224 0 0 1246 2252 20 0 307 0 103868899 2187558912 31126 18446744073709551615 1 1 0 0 0 0 4612 1 1073775864 0 0 0 -1 1 0 0 0 0 0 0 0 0 0 0 0 0 0
695 31855 (AmazonFingerPri) S 333 333 0 0 -1 1077936192 6 458235 0 224 0 0 1246 2252 30 10 307 0 147251855 2187558912 31126 18446744073709551615 1 1 0 0 0 0 4612 1 1073775864 0 0 0 -1 1 0 0 0 0 0 0 0 0 0 0 0 0 0
695 31983 (AmazonFingerPri) S 333 333 0 0 -1 1077936192 7 458235 0 224 0 0 1246 2252 30 10 307 0 250926254 2187558912 31126 18446744073709551615 1 1 0 0 0 0 4612 1 1073775864 0 0 0 -1 1 0 0 0 0 0 0 0 0 0 0 0 0 0
695 3214 (BtCallback) S 333 333 0 0 -1 1077936192 61 458235 9 224 0 1 1246 2252 20 0 307 0 7572 2187558912 31126 18446744073709551615 1 1 0 0 0 0 4612 1 1073775864 0 0 0 -1 3 0 0 0 0 0 0 0 0 0 0 0 0 0
695 3245 (AmazonFingerPri) S 333 333 0 0 -1 1077936192 7 458235 1 224 0 0 1246 2252 30 10 307 0 69487613 2187558912 31126 18446744073709551615 1 1 0 0 0 0 4612 1 1073775864 0 0 0 -1 0 0 0 0 0 0 0 0 0 0 0 0 0 0
695 32698 (OkHttp Connecti) S 333 333 0 0 -1 1077936192 17 458235 3 224 0 0 1246 2252 20 0 307 0 271464962 2187558912 31126 18446744073709551615 1 1 0 0 0 0 4612 1 1073775864 0 0 0 -1 0 0 0 0 0 0 0 0 0 0 0 0 0 0
695 32725 (LogRetentionJob) S 333 333 0 0 -1 1077936192 9 458235 0 224 0 0 1246 2252 20 0 307 0 69334139 2187558912 31126 18446744073709551615 1 1 0 0 0 0 4612 1 1073775864 0 0 0 -1 0 0 0 0 0 0 0 0 0 0 0 0 0 0
695 3367 (AmazonFingerPri) S 333 333 0 0 -1 1077936192 5 458235 0 224 0 0 1246 2252 30 10 307 0 181812401 2187558912 31126 18446744073709551615 1 1 0 0 0 0 4612 1 1073775864 0 0 0 -1 3 0 0 0 0 0 0 0 0 0 0 0 0 0
695 3390 (LogRetentionJob) S 333 333 0 0 -1 1077936192 10 458235 0 224 0 0 1246 2252 20 0 307 0 138429987 2187558912 31126 18446744073709551615 1 1 0 0 0 0 4612 1 1073775864 0 0 0 -1 0 0 0 0 0 0 0 0 0 0 0 0 0 0
695 353 (LogRetentionJob) S 333 333 0 0 -1 1077936192 9 458235 0 224 0 0 1246 2252 20 0 307 0 181644164 2187558912 31126 18446744073709551615 1 1 0 0 0 0 4612 1 1073775864 0 0 0 -1 3 0 0 0 0 0 0 0 0 0 0 0 0 0
695 4400 (Binder:695_F) S 333 333 0 0 -1 1077936448 104278 458235 6063 224 11585 5068 1246 2252 20 0 307 0 9269 2187558912 31126 18446744073709551615 1 1 0 0 0 0 4612 1 1073775864 0 0 0 -1 0 0 0 0 0 0 0 0 0 0 0 0 0 0
695 4552 (AmazonFingerPri) S 333 333 0 0 -1 1077936192 6 458235 0 224 0 0 1246 2252 30 10 307 0 216366254 2187558912 31126 18446744073709551615 1 1 0 0 0 0 4612 1 1073775864 0 0 0 -1 0 0 0 0 0 0 0 0 0 0 0 0 0 0
695 4634 (AmazonKeyEventL) S 333 333 0 0 -1 1077936192 1177 458235 647 224 52 53 1246 2252 20 0 307 0 9769 2187558912 31126 18446744073709551615 1 1 0 0 0 0 4612 1 1073775864 0 0 0 -1 3 0 0 0 0 0 0 0 0 0 0 0 0 0
695 4882 (Binder:695_10) S 333 333 0 0 -1 1077936448 119421 458235 5519 224 13596 6363 1246 2252 20 0 307 0 10131 2187558912 31126 18446744073709551615 1 1 0 0 0 0 4612 1 1073775864 0 0 0 -1 0 0 0 0 0 0 0 0 0 0 0 0 0 0
695 4949 (LogRetentionJob) S 333 333 0 0 -1 1077936192 12 458235 0 224 0 0 1246 2252 20 0 307 0 34746810 2187558912 31126 18446744073709551615 1 1 0 0 0 0 4612 1 1073775864 0 0 0 -1 3 0 0 0 0 0 0 0 0 0 0 0 0 0
695 5713 (pool-6-thread-1) S 333 333 0 0 -1 1077936192 10939 458235 338 224 652 186 1246 2252 20 0 307 0 12369 2187558912 31126 18446744073709551615 1 1 0 0 0 0 4612 1 1073775864 0 0 0 -1 3 0 0 0 0 0 0 0 0 0 0 0 0 0
695 5832 (AmazonFingerPri) S 333 333 0 0 -1 1077936192 5 458235 0 224 0 0 1246 2252 30 10 307 0 138611723 2187558912 31126 18446744073709551615 1 1 0 0 0 0 4612 1 1073775864 0 0 0 -1 3 0 0 0 0 0 0 0 0 0 0 0 0 0
695 6078 (Binder:695_11) S 333 333 0 0 -1 1077936448 117745 458235 5611 224 13012 5782 1246 2252 20 0 307 0 13684 2187558912 31126 18446744073709551615 1 1 0 0 0 0 4612 1 1073775864 0 0 0 -1 0 0 0 0 0 0 0 0 0 0 0 0 0 0
695 6150 (LogRetentionJob) S 333 333 0 0 -1 1077936192 14 458235 4 224 0 0 1246 2252 20 0 307 0 224825959 2187558912 31126 18446744073709551615 1 1 0 0 0 0 4612 1 1073775864 0 0 0 -1 1 0 0 0 0 0 0 0 0 0 0 0 0 0
695 6304 (Binder:695_12) S 333 333 0 0 -1 1077936448 126113 458235 5718 224 14329 6454 1246 2252 20 0 307 0 14215 2187558912 31126 18446744073709551615 1 1 0 0 0 0 4612 1 1073775864 0 0 0 -1 0 0 0 0 0 0 0 0 0 0 0 0 0 0
695 6513 (LogRetentionJob) S 333 333 0 0 -1 1077936192 9 458235 0 224 0 0 1246 2252 20 0 307 0 173014960 2187558912 31126 18446744073709551615 1 1 0 0 0 0 4612 1 1073775864 0 0 0 -1 3 0 0 0 0 0 0 0 0 0 0 0 0 0
695 6541 (Binder:695_13) S 333 333 0 0 -1 1077936448 124222 458235 7117 224 13564 6077 1246 2252 20 0 307 0 15162 2187558912 31126 18446744073709551615 1 1 0 0 0 0 4612 1 1073775864 0 0 0 -1 1 0 0 0 0 0 0 0 0 0 0 0 0 0
695 6632 (Binder:695_14) S 333 333 0 0 -1 1077936448 158384 458235 6540 224 17458 8033 1246 2252 20 0 307 0 15411 2187558912 31126 18446744073709551615 1 1 0 0 0 0 4612 1 1073775864 0 0 0 -1 0 0 0 0 0 0 0 0 0 0 0 0 0 0
695 6785 (Binder:695_15) S 333 333 0 0 -1 1077936448 141918 458235 5042 224 16104 7038 1246 2252 20 0 307 0 15816 2187558912 31126 18446744073709551615 1 1 0 0 0 0 4612 1 1073775864 0 0 0 -1 1 0 0 0 0 0 0 0 0 0 0 0 0 0
695 695 (Binder:695_3) S 333 333 0 0 -1 1077936448 2792544 458235 44782 224 83077 20521 1246 2252 18 -2 307 0 1304 2187558912 31126 18446744073709551615 1 1 0 0 0 0 4612 1 1073775864 0 0 0 17 2 0 0 0 0 0 0 0 0 0 0 0 0 0
695 701 (Signal Catcher) S 333 333 0 0 -1 1077936192 46 458235 0 224 0 0 1246 2252 0 -20 307 0 1306 2187558912 31126 18446744073709551615 1 1 0 0 0 0 4096 1 1073775864 0 0 0 -1 1 0 0 0 0 0 0 0 0 0 0 0 0 0
695 702 (perfetto_hprof_) S 333 333 0 0 -1 4194368 5 458235 0 224 0 0 1246 2252 0 -20 307 0 1306 2187558912 31126 18446744073709551615 1 1 0 0 0 0 4612 1 1073775864 0 0 0 -1 1 0 0 0 0 0 0 0 0 0 0 0 0 0
695 703 (Jit thread pool) S 333 333 0 0 -1 1077936192 62545 458235 2539 224 387 140 1246 2252 20 0 307 0 1307 2187558912 31126 18446744073709551615 1 1 0 0 0 0 4612 1 1073775864 0 0 0 -1 1 0 0 0 0 0 0 0 0 0 0 0 0 0
695 704 (HeapTaskDaemon) S 333 333 0 0 -1 1077936192 3090479 458235 163129 224 108028 8600 1246 2252 24 4 307 0 1307 2187558912 31126 18446744073709551615 1 1 0 0 0 0 4612 1 1073775864 0 0 0 -1 3 0 0 0 0 0 0 0 0 0 0 0 0 0
695 705 (ReferenceQueueD) S 333 333 0 0 -1 1077936192 2905 458235 2685 224 2098 526 1246 2252 24 4 307 0 1307 2187558912 31126 18446744073709551615 1 1 0 0 0 0 4612 1 1073775864 0 0 0 -1 0 0 0 0 0 0 0 0 0 0 0 0 0 0
695 706 (FinalizerDaemon) S 333 333 0 0 -1 1077936192 7525 458235 1998 224 783 314 1246 2252 24 4 307 0 1307 2187558912 31126 18446744073709551615 1 1 0 0 0 0 4612 1 1073775864 0 0 0 -1 3 0 0 0 0 0 0 0 0 0 0 0 0 0
695 707 (FinalizerWatchd) S 333 333 0 0 -1 1077936192 48 458235 21 224 48 34 1246 2252 24 4 307 0 1307 2187558912 31126 18446744073709551615 1 1 0 0 0 0 4612 1 1073775864 0 0 0 -1 1 0 0 0 0 0 0 0 0 0 0 0 0 0
695 7145 (Timer-43) S 333 333 0 0 -1 1077936192 4 458235 2 224 0 0 1246 2252 20 0 307 0 267852421 2187558912 31126 18446744073709551615 1 1 0 0 0 0 4612 1 1073775864 0 0 0 -1 3 0 0 0 0 0 0 0 0 0 0 0 0 0
695 7260 (AmazonFingerPri) S 333 333 0 0 -1 1077936192 6 458235 1 224 0 0 1246 2252 30 10 307 0 34927250 2187558912 31126 18446744073709551615 1 1 0 0 0 0 4612 1 1073775864 0 0 0 -1 1 0 0 0 0 0 0 0 0 0 0 0 0 0
695 729 (Binder:695_1) S 333 333 0 0 -1 1077936448 138005 458235 4428 224 16626 7203 1246 2252 20 0 307 0 1538 2187558912 31126 18446744073709551615 1 1 0 0 0 0 4612 1 1073775864 0 0 0 -1 0 0 0 0 0 0 0 0 0 0 0 0 0 0
695 730 (Binder:695_2) S 333 333 0 0 -1 1077936448 103056 458235 4560 224 12608 5742 1246 2252 20 0 307 0 1538 2187558912 31126 18446744073709551615 1 1 0 0 0 0 4612 1 1073775864 0 0 0 -1 1 0 0 0 0 0 0 0 0 0 0 0 0 0
695 731 (android.fg) S 333 333 0 0 -1 1077936448 969876 458235 3558 224 24854 18359 1246 2252 20 0 307 0 1579 2187558912 31126 18446744073709551615 1 1 0 0 0 0 4612 1 1073775864 0 0 0 -1 3 0 0 0 0 0 0 0 0 0 0 0 0 0
695 732 (android.ui) S 333 333 0 0 -1 1077936448 11976 458235 2345 224 7184 5706 1246 2252 18 -2 307 0 1579 2187558912 31126 18446744073709551615 1 1 0 0 0 0 4612 1 1073775864 0 0 0 -1 3 0 0 0 0 0 0 0 0 0 0 0 0 0
695 733 (android.io) S 333 333 0 0 -1 1077936192 350806 458235 1181 224 6538 3603 1246 2252 20 0 307 0 1579 2187558912 31126 18446744073709551615 1 1 0 0 0 0 4612 1 1073775864 0 0 0 -1 3 0 0 0 0 0 0 0 0 0 0 0 0 0
695 734 (android.display) S 333 333 0 0 -1 1077936448 41940 458235 7005 224 1546 767 1246 2252 17 -3 307 0 1579 2187558912 31126 18446744073709551615 1 1 0 0 0 0 4612 1 1073775864 0 0 0 -1 3 0 0 0 0 0 0 0 0 0 0 0 0 0
695 735 (android.anim) S 333 333 0 0 -1 1077936192 1599355 458235 13807 224 3449 1714 1246 2252 16 -4 307 0 1579 2187558912 31126 18446744073709551615 1 1 0 0 0 0 4612 1 1073775864 0 0 0 -1 1 0 0 0 0 0 0 0 0 0 0 0 0 0
695 736 (android.anim.lf) S 333 333 0 0 -1 1077936192 1106 458235 764 224 348 259 1246 2252 16 -4 307 0 1579 2187558912 31126 18446744073709551615 1 1 0 0 0 0 4612 1 1073775864 0 0 0 -1 0 0 0 0 0 0 0 0 0 0 0 0 0 0
695 737 (watchdog) S 333 333 0 0 -1 1077936192 8527 458235 173 224 1561 1070 1246 2252 20 0 307 0 1579 2187558912 31126 18446744073709551615 1 1 0 0 0 0 4612 1 1073775864 0 0 0 -1 3 0 0 0 0 0 0 0 0 0 0 0 0 0
695 739 (PackageRecency ) S 333 333 0 0 -1 1077936192 397 458235 149 224 16 9 1246 2252 30 10 307 0 1585 2187558912 31126 18446744073709551615 1 1 0 0 0 0 4612 1 1073775864 0 0 0 -1 1 0 0 0 0 0 0 0 0 0 0 0 0 0
695 740 (android.bg) S 333 333 0 0 -1 1077936448 1059914 458235 32894 224 25600 75141 1246 2252 30 10 307 0 1586 2187558912 31126 18446744073709551615 1 1 0 0 0 0 4612 1 1073775864 0 0 0 -1 3 0 0 0 0 0 0 0 0 0 0 0 0 0
695 741 (ActivityManager) S 333 333 0 0 -1 1077936448 132654 458235 9063 224 14462 33053 1246 2252 18 -2 307 0 1587 2187558912 31126 18446744073709551615 1 1 0 0 0 0 4612 1 1073775864 0 0 0 -1 0 0 0 0 0 0 0 0 0 0 0 0 0 0
695 742 (ActivityManager) S 333 333 0 0 -1 1077936448 53964 458235 1021 224 962 606 1246 2252 18 -2 307 0 1587 2187558912 31126 18446744073709551615 1 1 0 0 0 0 4612 1 1073775864 0 0 0 -1 1 0 0 0 0 0 0 0 0 0 0 0 0 0
695 743 (ActivityManager) S 333 333 0 0 -1 1077936448 4379 458235 2147 224 325 1215 1246 2252 30 10 307 0 1601 2187558912 31126 18446744073709551615 1 1 0 0 0 0 4612 1 1073775864 0 0 0 -1 1 0 0 0 0 0 0 0 0 0 0 0 0 0
695 744 (ActivityManager) S 333 333 0 0 -1 1077936192 3870 458235 1659 224 211 226 1246 2252 30 10 307 0 1601 2187558912 31126 18446744073709551615 1 1 0 0 0 0 4612 1 1073775864 0 0 0 -1 0 0 0 0 0 0 0 0 0 0 0 0 0 0
695 745 (Thread-2) S 333 333 0 0 -1 1077936192 148 458235 290 224 3 200 1246 2252 20 0 307 0 1601 2187558912 31126 18446744073709551615 1 1 0 0 0 0 4612 1 1073775864 0 0 0 -1 3 0 0 0 0 0 0 0 0 0 0 0 0 0
695 746 (OomAdjuster) S 333 333 0 0 -1 1077936448 5218 458235 202 224 8714 35164 1246 2252 10 -10 307 0 1601 2187558912 31126 18446744073709551615 1 1 0 0 0 0 4612 1 1073775864 0 0 0 -1 0 0 0 0 0 0 0 0 0 0 0 0 0 0
695 747 (batterystats-wo) S 333 333 0 0 -1 1077936192 348561 458235 5973 224 4093 3579 1246 2252 20 0 307 0 1604 2187558912 31126 18446744073709551615 1 1 0 0 0 0 4612 1 1073775864 0 0 0 -1 1 0 0 0 0 0 0 0 0 0 0 0 0 0
695 748 (FileObserver) S 333 333 0 0 -1 4194368 83 458235 26 224 0 1 1246 2252 20 0 307 0 1626 2187558912 31126 18446744073709551615 1 1 0 0 0 0 4612 1 1073775864 0 0 0 -1 0 0 0 0 0 0 0 0 0 0 0 0 0 0
695 749 (CpuTracker) S 333 333 0 0 -1 1077936448 7762 458235 421 224 3017 12481 1246 2252 20 0 307 0 1628 2187558912 31126 18446744073709551615 1 1 0 0 0 0 4612 1 1073775864 0 0 0 -1 0 0 0 0 0 0 0 0 0 0 0 0 0 0
695 750 (Thread-3) S 333 333 0 0 -1 1077936192 8 458235 0 224 0 0 1246 2252 18 -2 307 0 1629 2187558912 31126 18446744073709551615 1 1 0 0 0 0 4612 1 1073775864 0 0 0 -1 2 0 0 0 0 0 0 0 0 0 0 0 0 0
695 751 (Thread-4) S 333 333 0 0 -1 1077936192 6 458235 0 224 0 0 1246 2252 18 -2 307 0 1629 2187558912 31126 18446744073709551615 1 1 0 0 0 0 4612 1 1073775864 0 0 0 -1 1 0 0 0 0 0 0 0 0 0 0 0 0 0
695 752 (Thread-5) S 333 333 0 0 -1 1077936192 279 458235 194 224 6079 20543 1246 2252 18 -2 307 0 1629 2187558912 31126 18446744073709551615 1 1 0 0 0 0 4612 1 1073775864 0 0 0 -1 3 0 0 0 0 0 0 0 0 0 0 0 0 0
695 753 (AmazonPowerMana) S 333 333 0 0 -1 1077936192 1195 458235 270 224 102 35 1246 2252 25 5 307 0 1630 2187558912 31126 18446744073709551615 1 1 0 0 0 0 4612 1 1073775864 0 0 0 -1 1 0 0 0 0 0 0 0 0 0 0 0 0 0
695 754 (SuspendToRamVen) S 333 333 0 0 -1 1077936192 46 458235 22 224 0 0 1246 2252 25 5 307 0 1630 2187558912 31126 18446744073709551615 1 1 0 0 0 0 4612 1 1073775864 0 0 0 -1 3 0 0 0 0 0 0 0 0 0 0 0 0 0
695 755 (HomeLauncherCal) S 333 333 0 0 -1 1077936448 208 458235 53 224 8 8 1246 2252 25 5 307 0 1630 2187558912 31126 18446744073709551615 1 1 0 0 0 0 4612 1 1073775864 0 0 0 -1 0 0 0 0 0 0 0 0 0 0 0 0 0 0
695 756 (PowerManagerSer) S 333 333 0 0 -1 1077936448 8862 458235 1299 224 2274 2026 1246 2252 10 -10 307 0 1630 2187558912 31126 18446744073709551615 1 1 0 0 0 0 4612 1 1073775864 0 0 0 -1 1 0 0 0 0 0 0 0 0 0 0 0 0 0
695 757 (HwBinder:695_1) S 333 333 0 0 -1 1077936192 3866 458235 367 224 327 102 1246 2252 20 0 307 0 1631 2187558912 31126 18446744073709551615 1 1 0 0 0 0 4612 1 1073775864 0 0 0 -1 2 0 0 0 0 0 0 0 0 0 0 0 0 0
695 758 (BatteryStats_wa) S 333 333 0 0 -1 1077936192 6 458235 0 224 0 0 1246 2252 18 -2 307 0 1631 2187558912 31126 18446744073709551615 1 1 0 0 0 0 4612 1 1073775864 0 0 0 -1 2 0 0 0 0 0 0 0 0 0 0 0 0 0
695 760 (PackageManager) S 333 333 0 0 -1 1077936192 6 458235 0 224 0 0 1246 2252 30 10 307 0 1639 2187558912 31126 18446744073709551615 1 1 0 0 0 0 4612 1 1073775864 0 0 0 -1 1 0 0 0 0 0 0 0 0 0 0 0 0 0
695 761 (PackageManager) S 333 333 0 0 -1 1077936448 441949 458235 8526 224 13780 4659 1246 2252 30 10 307 0 1652 2187558912 31126 18446744073709551615 1 1 0 0 0 0 4612 1 1073775864 0 0 0 -1 1 0 0 0 0 0 0 0 0 0 0 0 0 0
695 772 (PackageInstalle) S 333 333 0 0 -1 1077936192 182222 458235 4224 224 3267 850 1246 2252 20 0 307 0 2983 2187558912 31126 18446744073709551615 1 1 0 0 0 0 4612 1 1073775864 0 0 0 -1 3 0 0 0 0 0 0 0 0 0 0 0 0 0
695 7739 (Binder:695_16) S 333 333 0 0 -1 1077936448 147538 458235 5732 224 16943 7346 1246 2252 20 0 307 0 18295 2187558912 31126 18446744073709551615 1 1 0 0 0 0 4612 1 1073775864 0 0 0 -1 1 0 0 0 0 0 0 0 0 0 0 0 0 0
695 775 (HealthServiceHw) S 333 333 0 0 -1 1077936192 6 458235 0 224 0 0 1246 2252 20 0 307 0 3058 2187558912 31126 18446744073709551615 1 1 0 0 0 0 4612 1 1073775864 0 0 0 -1 0 0 0 0 0 0 0 0 0 0 0 0 0 0
695 778 (RollbackPackage) S 333 333 0 0 -1 1077936192 9 458235 0 224 0 0 1246 2252 20 0 307 0 3060 2187558912 31126 18446744073709551615 1 1 0 0 0 0 4612 1 1073775864 0 0 0 -1 1 0 0 0 0 0 0 0 0 0 0 0 0 0
695 779 (RollbackManager) S 333 333 0 0 -1 1077936192 1673 458235 330 224 67 43 1246 2252 20 0 307 0 3061 2187558912 31126 18446744073709551615 1 1 0 0 0 0 4612 1 1073775864 0 0 0 -1 1 0 0 0 0 0 0 0 0 0 0 0 0 0
695 7793 (LogRetentionJob) S 333 333 0 0 -1 1077936192 10 458235 1 224 0 0 1246 2252 20 0 307 0 95242888 2187558912 31126 18446744073709551615 1 1 0 0 0 0 4612 1 1073775864 0 0 0 -1 0 0 0 0 0 0 0 0 0 0 0 0 0 0
695 781 (AccountManagerS) S 333 333 0 0 -1 1077936192 2623 458235 1112 224 79 36 1246 2252 18 -2 307 0 3064 2187558912 31126 18446744073709551615 1 1 0 0 0 0 4612 1 1073775864 0 0 0 -1 1 0 0 0 0 0 0 0 0 0 0 0 0 0
695 782 (SettingsProvide) S 333 333 0 0 -1 1077936192 11720 458235 1160 224 604 237 1246 2252 30 10 307 0 3067 2187558912 31126 18446744073709551615 1 1 0 0 0 0 4612 1 1073775864 0 0 0 -1 1 0 0 0 0 0 0 0 0 0 0 0 0 0
695 787 (AlarmManager) S 333 333 0 0 -1 1077936448 20613 458235 883 224 1726 1491 1246 2252 20 0 307 0 3142 2187558912 31126 18446744073709551615 1 1 0 0 0 0 4612 1 1073775864 0 0 0 -1 1 0 0 0 0 0 0 0 0 0 0 0 0 0
695 789 (AmazonAccMgrCal) S 333 333 0 0 -1 1077936192 5 458235 0 224 0 0 1246 2252 30 10 307 0 3150 2187558912 31126 18446744073709551615 1 1 0 0 0 0 4612 1 1073775864 0 0 0 -1 1 0 0 0 0 0 0 0 0 0 0 0 0 0
695 790 (MagnifierSettin) S 333 333 0 0 -1 1077936192 5 458235 0 224 0 0 1246 2252 20 0 307 0 3152 2187558912 31126 18446744073709551615 1 1 0 0 0 0 4612 1 1073775864 0 0 0 -1 2 0 0 0 0 0 0 0 0 0 0 0 0 0
695 792 (CustomAppLaunch) S 333 333 0 0 -1 1077936192 4 458235 0 224 0 0 1246 2252 25 5 307 0 3155 2187558912 31126 18446744073709551615 1 1 0 0 0 0 4612 1 1073775864 0 0 0 -1 2 0 0 0 0 0 0 0 0 0 0 0 0 0
695 793 (UEventObserver) S 333 333 0 0 -1 4194624 730 458235 284 224 30 34 1246 2252 20 0 307 0 3156 2187558912 31126 18446744073709551615 1 1 0 0 0 0 4612 1 1073775864 0 0 0 -1 1 0 0 0 0 0 0 0 0 0 0 0 0 0
695 794 (AmazonWindowMet) S 333 333 0 0 -1 1077936192 6932 458235 1032 224 132 46 1246 2252 20 0 307 0 3157 2187558912 31126 18446744073709551615 1 1 0 0 0 0 4612 1 1073775864 0 0 0 -1 2 0 0 0 0 0 0 0 0 0 0 0 0 0
695 795 (ArcusConfig) S 333 333 0 0 -1 1077936192 151 458235 102 224 2 2 1246 2252 20 0 307 0 3157 2187558912 31126 18446744073709551615 1 1 0 0 0 0 4612 1 1073775864 0 0 0 -1 1 0 0 0 0 0 0 0 0 0 0 0 0 0
695 796 (PipUpdateHandle) S 333 333 0 0 -1 1077936192 5 458235 0 224 0 0 1246 2252 20 0 307 0 3157 2187558912 31126 18446744073709551615 1 1 0 0 0 0 4612 1 1073775864 0 0 0 -1 2 0 0 0 0 0 0 0 0 0 0 0 0 0
695 797 (InputDispatcher) S 333 333 0 0 -1 1077936192 3779 458235 1977 224 487 1152 1246 2252 12 -8 307 0 3157 2187558912 31126 18446744073709551615 1 1 0 0 0 0 4612 1 1073775864 0 0 0 -1 0 0 0 0 0 0 0 0 0 0 0 0 0 0
695 798 (InputReader) S 333 333 0 0 -1 1077936448 10749 458235 1807 224 568 1247 1246 2252 12 -8 307 0 3157 2187558912 31126 18446744073709551615 1 1 0 0 0 0 4612 1 1073775864 0 0 0 -1 3 0 0 0 0 0 0 0 0 0 0 0 0 0
695 800 (NetworkWatchlis) S 333 333 0 0 -1 1077936192 76858 458235 1165 224 2446 1329 1246 2252 30 10 307 0 3160 2187558912 31126 18446744073709551615 1 1 0 0 0 0 4612 1 1073775864 0 0 0 -1 2 0 0 0 0 0 0 0 0 0 0 0 0 0
695 801 (AppIntegrityMan) S 333 333 0 0 -1 1077936448 30707 458235 4608 224 407 216 1246 2252 20 0 307 0 3160 2187558912 31126 18446744073709551615 1 1 0 0 0 0 4612 1 1073775864 0 0 0 -1 2 0 0 0 0 0 0 0 0 0 0 0 0 0
695 802 (StorageManagerS) S 333 333 0 0 -1 1077936192 1316 458235 160 224 17 13 1246 2252 20 0 307 0 3165 2187558912 31126 18446744073709551615 1 1 0 0 0 0 4612 1 1073775864 0 0 0 -1 0 0 0 0 0 0 0 0 0 0 0 0 0 0
695 8454 (AmazonFingerPri) S 333 333 0 0 -1 1077936192 6 458235 6 224 0 1 1246 2252 30 10 307 0 225006254 2187558912 31126 18446744073709551615 1 1 0 0 0 0 4612 1 1073775864 0 0 0 -1 3 0 0 0 0 0 0 0 0 0 0 0 0 0
695 8880 (Binder:695_17) S 333 333 0 0 -1 1077936448 182457 458235 6056 224 20273 9079 1246 2252 20 0 307 0 20691 2187558912 31126 18446744073709551615 1 1 0 0 0 0 4612 1 1073775864 0 0 0 -1 0 0 0 0 0 0 0 0 0 0 0 0 0 0
695 8961 (AmazonFingerPri) S 333 333 0 0 -1 1077936192 5 458235 0 224 0 0 1246 2252 30 10 307 0 173172283 2187558912 31126 18446744073709551615 1 1 0 0 0 0 4612 1 1073775864 0 0 0 -1 0 0 0 0 0 0 0 0 0 0 0 0 0 0
695 9268 (AudioTrack) S 333 333 0 0 -1 1077936192 8 458235 3 224 0 0 1246 2252 4 -16 307 0 200357252 2187558912 31126 18446744073709551615 1 1 0 0 0 0 4612 1 1073775864 0 0 0 -1 2 0 0 0 0 0 0 0 0 0 0 0 0 0
695 9484 (Binder:695_18) S 333 333 0 0 -1 1077936448 186436 458235 7457 224 22511 10106 1246 2252 20 0 307 0 21846 2187558912 31126 18446744073709551615 1 1 0 0 0 4096 4612 1 1073775864 0 0 0 -1 0 0 0 0 0 0 0 0 0 0 0 0 0 0
695 970 (LockSettingsSer) S 333 333 0 0 -1 1077936192 9 458235 0 224 0 0 1246 2252 30 10 307 0 5587 2187558912 31126 18446744073709551615 1 1 0 0 0 0 4612 1 1073775864 0 0 0 -1 0 0 0 0 0 0 0 0 0 0 0 0 0 0
695 973 (NetworkStats) S 333 333 0 0 -1 1077936448 10401712 458235 7641 224 648445 20086 1246 2252 20 0 307 0 5614 2187558912 31126 18446744073709551615 1 1 0 0 0 0 4612 1 1073775864 0 0 0 -1 0 0 0 0 0 0 0 0 0 0 0 0 0 0
695 974 (NetworkPolicy) S 333 333 0 0 -1 1077936192 2925450 458235 763 224 30556 6243 1246 2252 20 0 307 0 5615 2187558912 31126 18446744073709551615 1 1 0 0 0 0 4612 1 1073775864 0 0 0 -1 1 0 0 0 0 0 0 0 0 0 0 0 0 0
695 975 (tworkPolicy.uid) S 333 333 0 0 -1 1077936192 58875 458235 696 224 712 710 1246 2252 18 -2 307 0 5615 2187558912 31126 18446744073709551615 1 1 0 0 0 0 4612 1 1073775864 0 0 0 -1 0 0 0 0 0 0 0 0 0 0 0 0 0 0
695 976 (AsyncChannelHan) S 333 333 0 0 -1 1077936192 6 458235 0 224 0 0 1246 2252 20 0 307 0 5619 2187558912 31126 18446744073709551615 1 1 0 0 0 0 4612 1 1073775864 0 0 0 -1 1 0 0 0 0 0 0 0 0 0 0 0 0 0
695 977 (WifiHandlerThre) S 333 333 0 0 -1 1077936448 2272517 458235 14557 224 63129 22000 1246 2252 20 0 307 0 5619 2187558912 31126 18446744073709551615 1 1 0 0 0 0 4612 1 1073775864 0 0 0 -1 3 0 0 0 0 0 0 0 0 0 0 0 0 0
695 978 (WifiP2pService) S 333 333 0 0 -1 1077936192 1492 458235 493 224 22 23 1246 2252 20 0 307 0 5619 2187558912 31126 18446744073709551615 1 1 0 0 0 0 4612 1 1073775864 0 0 0 -1 2 0 0 0 0 0 0 0 0 0 0 0 0 0
695 979 (PasspointProvis) S 333 333 0 0 -1 1077936192 86 458235 2 224 4 1 1246 2252 20 0 307 0 5619 2187558912 31126 18446744073709551615 1 1 0 0 0 0 4612 1 1073775864 0 0 0 -1 1 0 0 0 0 0 0 0 0 0 0 0 0 0
695 980 (WifiScanningSer) S 333 333 0 0 -1 1077936448 2681 458235 63 224 78 9 1246 2252 20 0 307 0 5643 2187558912 31126 18446744073709551615 1 1 0 0 0 0 4612 1 1073775864 0 0 0 -1 2 0 0 0 0 0 0 0 0 0 0 0 0 0
695 981 (ConnectivitySer) S 333 333 0 0 -1 1077936192 1223361 458235 2996 224 65008 2947 1246 2252 20 0 307 0 5649 2187558912 31126 18446744073709551615 1 1 0 0 0 0 4612 1 1073775864 0 0 0 -1 1 0 0 0 0 0 0 0 0 0 0 0 0 0
695 9814 (AmazonFingerPri) S 333 333 0 0 -1 1077936192 6 458235 0 224 0 0 1246 2252 30 10 307 0 95407880 2187558912 31126 18446744073709551615 1 1 0 0 0 0 4612 1 1073775864 0 0 0 -1 0 0 0 0 0 0 0 0 0 0 0 0 0 0
695 982 (roid.pacmanager) S 333 333 0 0 -1 1077936192 5 458235 0 224 0 0 1246 2252 20 0 307 0 5649 2187558912 31126 18446744073709551615 1 1 0 0 0 0 4612 1 1073775864 0 0 0 -1 1 0 0 0 0 0 0 0 0 0 0 0 0 0
695 983 (NsdService) S 333 333 0 0 -1 1077936192 6 458235 0 224 0 0 1246 2252 20 0 307 0 5651 2187558912 31126 18446744073709551615 1 1 0 0 0 0 4612 1 1073775864 0 0 0 -1 3 0 0 0 0 0 0 0 0 0 0 0 0 0
695 984 (mDnsConnector) S 333 333 0 0 -1 1077936192 6 458235 0 224 0 0 1246 2252 20 0 307 0 5652 2187558912 31126 18446744073709551615 1 1 0 0 0 0 4612 1 1073775864 0 0 0 -1 0 0 0 0 0 0 0 0 0 0 0 0 0 0
695 985 (ranker) S 333 333 0 0 -1 1077936192 106608 458235 346 224 942 169 1246 2252 30 10 307 0 5655 2187558912 31126 18446744073709551615 1 1 0 0 0 0 4612 1 1073775864 0 0 0 -1 1 0 0 0 0 0 0 0 0 0 0 0 0 0
695 986 (notification-sq) S 333 333 0 0 -1 1077936192 7120 458235 4649 224 375 1340 1246 2252 30 10 307 0 5655 2187558912 31126 18446744073709551615 1 1 0 0 0 0 4612 1 1073775864 0 0 0 -1 2 0 0 0 0 0 0 0 0 0 0 0 0 0
695 987 (onProviders.ECP) S 333 333 0 0 -1 1077936448 106 458235 42 224 4 7 1246 2252 30 10 307 0 5655 2187558912 31126 18446744073709551615 1 1 0 0 0 0 4612 1 1073775864 0 0 0 -1 2 0 0 0 0 0 0 0 0 0 0 0 0 0
695 988 (DeviceStorageMo) S 333 333 0 0 -1 1077936192 21089 458235 747 224 3295 3621 1246 2252 30 10 307 0 5658 2187558912 31126 18446744073709551615 1 1 0 0 0 0 4612 1 1073775864 0 0 0 -1 0 0 0 0 0 0 0 0 0 0 0 0 0 0
695 989 (AS.SfxWorker) S 333 333 0 0 -1 1077936192 554 458235 150 224 36 43 1246 2252 20 0 307 0 5659 2187558912 31126 18446744073709551615 1 1 0 0 0 0 4612 1 1073775864 0 0 0 -1 2 0 0 0 0 0 0 0 0 0 0 0 0 0
695 990 (AudioService) S 333 333 0 0 -1 1077936192 684 458235 301 224 20 18 1246 2252 20 0 307 0 5660 2187558912 31126 18446744073709551615 1 1 0 0 0 0 4612 1 1073775864 0 0 0 -1 0 0 0 0 0 0 0 0 0 0 0 0 0 0
695 991 (AudioDeviceBrok) S 333 333 0 0 -1 1077936192 350 458235 236 224 14 9 1246 2252 20 0 307 0 5662 2187558912 31126 18446744073709551615 1 1 0 0 0 0 4612 1 1073775864 0 0 0 -1 3 0 0 0 0 0 0 0 0 0 0 0 0 0
695 992 (Thread-8) S 333 333 0 0 -1 1077936192 8 458235 0 224 0 0 1246 2252 20 0 307 0 5673 2187558912 31126 18446744073709551615 1 1 0 0 0 0 4612 1 1073775864 0 0 0 -1 0 0 0 0 0 0 0 0 0 0 0 0 0 0
695 994 (HwBinder:695_2) S 333 333 0 0 -1 1077936192 3073 458235 277 224 267 83 1246 2252 20 0 307 0 5676 2187558912 31126 18446744073709551615 1 1 0 0 0 0 4612 1 1073775864 0 0 0 -1 0 0 0 0 0 0 0 0 0 0 0 0 0 0
695 995 (HwBinder:695_3) S 333 333 0 0 -1 1077936192 4104 458235 380 224 331 100 1246 2252 20 0 307 0 5676 2187558912 31126 18446744073709551615 1 1 0 0 0 0 4612 1 1073775864 0 0 0 -1 0 0 0 0 0 0 0 0 0 0 0 0 0 0
695 9959 (Binder:695_19) S 333 333 0 0 -1 1077936448 172307 458235 6427 224 19669 8588 1246 2252 20 0 307 0 22768 2187558912 31126 18446744073709551615 1 1 0 0 0 0 4612 1 1073775864 0 0 0 -1 0 0 0 0 0 0 0 0 0 0 0 0 0 0
695 997 (ConnectivityThr) S 333 333 0 0 -1 1077936192 14080 458235 313 224 247 98 1246 2252 20 0 307 0 5677 2187558912 31126 18446744073709551615 1 1 0 0 0 0 4612 1 1073775864 0 0 0 -1 3 0 0 0 0 0 0 0 0 0 0 0 0 0
695 999 (backup) S 333 333 0 0 -1 1077936192 9 458235 0 224 0 0 1246 2252 30 10 307 0 5678 2187558912 31126 18446744073709551615 1 1 0 0 0 0 4612 1 1073775864 0 0 0 -1 3 0 0 0 0 0 0 0 0 0 0 0 0 0
421 12715 (Binder:421_B) S 1 421 0 0 -1 1077936192 1409 0 1098 0 1121 1276 0 0 20 0 27 0 56183809 100585472 1296 18446744073709551615 1 1 0 0 0 0 0 4096 1073775864 0 0 0 -1 3 0 0 0 0 0 0 0 0 0 0 0 0 0
421 13139 (Binder:421_8) S 1 421 0 0 -1 1077936192 1659 0 1511 0 1220 1477 0 0 20 0 27 0 170936 100585472 1296 18446744073709551615 1 1 0 0 0 0 0 4096 1073775864 0 0 0 -1 1 0 0 0 0 0 0 0 0 0 0 0 0 0
421 1497 (Binder:421_4) S 1 421 0 0 -1 1077936192 1345 0 1625 0 1048 1283 0 0 20 0 27 0 5982 100585472 1296 18446744073709551615 1 1 0 0 0 0 0 4096 1073775864 0 0 0 -1 3 0 0 0 0 0 0 0 0 0 0 0 0 0
421 1755 (Binder:421_5) S 1 421 0 0 -1 1077936192 1183 0 1678 0 940 1123 0 0 20 0 27 0 6211 100585472 1296 18446744073709551615 1 1 0 0 0 0 0 4096 1073775864 0 0 0 -1 0 0 0 0 0 0 0 0 0 0 0 0 0 0
421 20227 (Binder:421_9) S 1 421 0 0 -1 1077936192 1016 0 1196 0 1119 1356 0 0 20 0 27 0 3538829 100585472 1296 18446744073709551615 1 1 0 0 0 0 0 4096 1073775864 0 0 0 -1 2 0 0 0 0 0 0 0 0 0 0 0 0 0
421 2098 (Binder:421_E) S 1 421 0 0 -1 1077936192 1119 0 1302 0 1064 1313 0 0 20 0 27 0 222558174 100585472 1296 18446744073709551615 1 1 0 0 0 0 0 4096 1073775864 0 0 0 -1 2 0 0 0 0 0 0 0 0 0 0 0 0 0
421 2176 (Binder:421_F) S 1 421 0 0 -1 1077936192 1481 0 1721 0 1056 1241 0 0 20 0 27 0 222560643 100585472 1296 18446744073709551615 1 1 0 0 0 0 0 4096 1073775864 0 0 0 -1 2 0 0 0 0 0 0 0 0 0 0 0 0 0
421 22281 (Binder:421_A) S 1 421 0 0 -1 1077936192 1376 0 1725 0 1005 1229 0 0 20 0 27 0 12975899 100585472 1296 18446744073709551615 1 1 0 0 0 0 0 4096 1073775864 0 0 0 -1 2 0 0 0 0 0 0 0 0 0 0 0 0 0
421 2304 (Binder:421_10) S 1 421 0 0 -1 1077936192 1045 0 1315 0 1166 1357 0 0 20 0 27 0 222563395 100585472 1296 18446744073709551615 1 1 0 0 0 0 0 4096 1073775864 0 0 0 -1 2 0 0 0 0 0 0 0 0 0 0 0 0 0
421 2961 (Binder:421_C) S 1 421 0 0 -1 1077936192 956 0 1476 0 809 979 0 0 20 0 27 0 64815230 100585472 1296 18446744073709551615 1 1 0 0 0 0 0 4096 1073775864 0 0 0 -1 3 0 0 0 0 0 0 0 0 0 0 0 0 0
421 30043 (HwBinder:421_3) S 1 421 0 0 -1 1077936192 12 0 11 0 0 0 0 0 20 0 27 0 253212263 100585472 1296 18446744073709551615 1 1 0 0 0 0 0 4096 1073775864 0 0 0 -1 2 0 0 0 0 0 0 0 0 0 0 0 0 0
421 4158 (Binder:421_6) S 1 421 0 0 -1 1077936192 2092 0 2772 0 1132 1324 0 0 20 0 27 0 8659 100585472 1296 18446744073709551615 1 1 0 0 0 0 0 4096 1073775864 0 0 0 -1 3 0 0 0 0 0 0 0 0 0 0 0 0 0
421 421 (audioserver) S 1 421 0 0 -1 1077936384 4956 0 1913 0 1055 1264 0 0 20 0 27 0 859 100585472 1296 18446744073709551615 1 1 0 0 0 0 0 4096 1073775864 0 0 0 17 3 0 0 0 0 0 0 0 0 0 0 0 0 0
421 465 (DeviceEffectMan) S 1 421 0 0 -1 1077936192 40 0 67 0 0 0 0 0 4 -16 27 0 888 100585472 1296 18446744073709551615 1 1 0 0 0 0 0 4096 1073775864 0 0 0 -1 3 0 0 0 0 0 0 0 0 0 0 0 0 0
421 473 (HwBinder:421_1) S 1 421 0 0 -1 1077936192 10 0 8 0 0 0 0 0 20 0 27 0 894 100585472 1296 18446744073709551615 1 1 0 0 0 0 0 4096 1073775864 0 0 0 -1 3 0 0 0 0 0 0 0 0 0 0 0 0 0
421 474 (HwBinder:421_2) S 1 421 0 0 -1 1077936192 30 0 34 0 0 0 0 0 20 0 27 0 894 100585472 1296 18446744073709551615 1 1 0 0 0 0 0 4096 1073775864 0 0 0 -1 3 0 0 0 0 0 0 0 0 0 0 0 0 0
421 6116 (Binder:421_7) S 1 421 0 0 -1 1077936192 1881 0 2432 0 1108 1327 0 0 20 0 27 0 13799 100585472 1296 18446744073709551615 1 1 0 0 0 0 0 4096 1073775864 0 0 0 -1 3 0 0 0 0 0 0 0 0 0 0 0 0 0
421 626 (ApmAudio) S 1 421 0 0 -1 1077936192 220 0 410 0 8 9 0 0 4 -16 27 0 1188 100585472 1296 18446744073709551615 1 1 0 0 0 0 0 4096 1073775864 0 0 0 -1 1 0 0 0 0 0 0 0 0 0 0 0 0 0
421 627 (ApmOutput) S 1 421 0 0 -1 1077936192 1515 0 671 0 1815 709 0 0 4 -16 27 0 1188 100585472 1296 18446744073709551615 1 1 0 0 0 0 0 4096 1073775864 0 0 0 -1 1 0 0 0 0 0 0 0 0 0 0 0 0 0
421 652 (Binder:421_1) S 1 421 0 0 -1 1077936192 1812 0 1890 0 1075 1253 0 0 20 0 27 0 1212 100585472 1296 18446744073709551615 1 1 0 0 0 0 0 4096 1073775864 0 0 0 -1 2 0 0 0 0 0 0 0 0 0 0 0 0 0
421 653 (Binder:421_2) S 1 421 0 0 -1 1077936192 1335 0 1711 0 1074 1343 0 0 20 0 27 0 1212 100585472 1296 18446744073709551615 1 1 0 0 0 0 0 4096 1073775864 0 0 0 -1 2 0 0 0 0 0 0 0 0 0 0 0 0 0
421 683 (AudioOut_D) R 1 421 0 0 -1 1077936192 163809 0 4575 0 1217117 1409987 0 0 1 -19 27 0 1276 100585472 1296 18446744073709551615 1 1 0 0 0 0 0 4096 1073775864 0 0 0 -1 1 0 0 0 0 0 0 0 0 0 0 0 0 0
421 688 (FastMixer) S 1 421 0 0 -1 1077936192 1 0 0 0 0 0 0 0 -4 -19 27 0 1294 100585472 1296 18446744073709551615 1 1 0 0 0 0 0 4096 1073775864 0 0 0 -1 3 3 1 0 0 0 0 0 0 0 0 0 0 0
421 689 (AudioOut_15) S 1 421 0 0 -1 1077936192 1002 0 1920 0 328 326 0 0 1 -19 27 0 1294 100585472 1296 18446744073709551615 1 1 0 0 0 0 0 4096 1073775864 0 0 0 -1 1 0 0 0 0 0 0 0 0 0 0 0 0 0
421 7056 (Binder:421_D) S 1 421 0 0 -1 1077936192 838 0 740 0 957 1097 0 0 20 0 27 0 200307787 100585472 1296 18446744073709551615 1 1 0 0 0 0 0 4096 1073775864 0 0 0 -1 3 0 0 0 0 0 0 0 0 0 0 0 0 0
421 773 (Binder:421_3) S 1 421 0 0 -1 1077936192 1468 0 1603 0 1012 1217 0 0 20 0 27 0 3007 100585472 1296 18446744073709551615 1 1 0 0 0 0 0 4096 1073775864 0 0 0 -1 3 0 0 0 0 0 0 0 0 0 0 0 0 0
421 776 (TimeCheckThread) S 1 421 0 0 -1 1077936192 37 0 42 0 810 2428 0 0 1 -19 27 0 3060 100585472 1296 18446744073709551615 1 1 0 0 0 0 0 4096 1073775864 0 0 0 -1 1 0 0 0 0 0 0 0 0 0 0 0 0 0
388 12955 (HwBinder:388_6) S 1 388 0 0 -1 1077952832 6467 0 832 0 4921 5618 0 0 20 0 14 0 254106422 87240704 804 18446744073709551615 1 1 0 0 0 0 0 0 1073775864 0 0 0 -1 1 0 0 0 0 0 0 0 0 0 0 0 0 0
388 1757 (HwBinder:388_3) S 1 388 0 0 -1 1077936448 13081 0 1118 0 19 18 0 0 20 0 14 0 6213 87240704 804 18446744073709551615 1 1 0 0 0 0 0 0 1073775864 0 0 0 -1 3 0 0 0 0 0 0 0 0 0 0 0 0 0
388 2240 (HwBinder:388_4) S 1 388 0 0 -1 1077952832 26814 0 2290 0 6360 7788 0 0 20 0 14 0 6658 87240704 804 18446744073709551615 1 1 0 0 0 0 0 0 1073775864 0 0 0 -1 2 0 0 0 0 0 0 0 0 0 0 0 0 0
388 388 (audio.service) S 1 388 0 0 -1 1077936384 16348 0 791 0 6707 7748 0 0 20 0 14 0 838 87240704 804 18446744073709551615 1 1 0 0 0 0 0 0 1073775864 0 0 0 17 3 0 0 0 0 0 0 0 0 0 0 0 0 0
388 406 (Binder:388_1) S 1 388 0 0 -1 1077936192 12 0 0 0 0 0 0 0 20 0 14 0 853 87240704 804 18446744073709551615 1 1 0 0 0 0 0 0 1073775864 0 0 0 -1 0 0 0 0 0 0 0 0 0 0 0 0 0 0
388 412 (Binder:388_2) S 1 388 0 0 -1 1077936192 2 0 0 0 0 0 0 0 20 0 14 0 856 87240704 804 18446744073709551615 1 1 0 0 0 0 0 0 1073775864 0 0 0 -1 0 0 0 0 0 0 0 0 0 0 0 0 0 0
388 436 (HwBinder:388_1) S 1 388 0 0 -1 1077936192 18248 0 971 0 2537 3281 0 0 20 0 14 0 869 87240704 804 18446744073709551615 1 1 0 0 0 0 0 0 1073775864 0 0 0 -1 3 0 0 0 0 0 0 0 0 0 0 0 0 0
388 437 (HwBinder:388_2) S 1 388 0 0 -1 1077952832 13506 0 2685 0 2653 3316 0 0 20 0 14 0 869 87240704 804 18446744073709551615 1 1 0 0 0 0 0 0 1073775864 0 0 0 -1 3 0 0 0 0 0 0 0 0 0 0 0 0 0
388 668 (audio.service) S 1 388 0 0 -1 1077936192 0 0 0 0 0 0 0 0 20 0 14 0 1231 87240704 804 18446744073709551615 1 1 0 0 0 0 0 0 1073775864 0 0 0 -1 2 0 0 0 0 0 0 0 0 0 0 0 0 0
388 679 (MS12ConfigThrea) S 1 388 0 0 -1 1077936192 1 0 0 0 0 0 0 0 -3 -19 14 0 1269 87240704 804 18446744073709551615 1 1 0 0 0 0 0 0 1073775864 0 0 0 -1 3 2 1 0 0 0 0 0 0 0 0 0 0 0
388 680 (audio.service) S 1 388 0 0 -1 1077936192 269 0 638 0 1 13 0 0 20 0 14 0 1271 87240704 804 18446744073709551615 1 1 0 0 0 0 0 0 1073775864 0 0 0 -1 1 0 0 0 0 0 0 0 0 0 0 0 0 0
388 687 (MixerThread) S 1 388 0 0 -1 1077936192 1 0 0 0 0 0 0 0 1 -19 14 0 1292 87240704 804 18446744073709551615 1 1 0 0 0 0 0 0 1073775864 0 0 0 -1 3 0 0 0 0 0 0 0 0 0 0 0 0 0
388 783 (writer) R 1 388 0 0 -1 4194624 1275 0 1165 0 1609305 1373351 0 0 1 -19 14 0 3095 87240704 804 18446744073709551615 1 1 0 0 0 0 0 0 1073775864 0 0 0 -1 0 0 0 0 0 0 0 0 0 0 0 0 0 0
388 9833 (HwBinder:388_5) S 1 388 0 0 -1 1077952832 47575 0 4927 0 7315 8709 0 0 20 0 14 0 22494 87240704 804 18446744073709551615 1 1 0 0 0 0 0 0 1073775864 0 0 0 -1 3 0 0 0 0 0 0 0 0 0 0 0 0 0
18025 18025 (.deathride.perf) S 333 333 0 0 -1 1077936448 11991 0 275 0 845 388 0 0 10 -10 57 0 271757369 1538711552 43199 18446744073709551615 1 1 0 0 0 0 4612 1 1073775864 0 0 0 17 2 0 0 0 0 0 0 0 0 0 0 0 0 0
18025 18037 (Signal Catcher) S 333 333 0 0 -1 1077936192 57 0 1 0 0 0 0 0 12 -8 57 0 271757376 1538723840 43199 18446744073709551615 1 1 0 0 0 0 4096 1 1073775864 0 0 0 -1 1 0 0 0 0 0 0 0 0 0 0 0 0 0
18025 18038 (perfetto_hprof_) S 333 333 0 0 -1 4194368 9 0 1 0 0 0 0 0 0 -20 57 0 271757376 1538699264 43199 18446744073709551615 1 1 0 0 0 0 4612 1 1073775864 0 0 0 -1 0 0 0 0 0 0 0 0 0 0 0 0 0 0
18025 18039 (ADB-JDWP Connec) S 333 333 0 0 -1 4194368 9 0 1 0 0 0 0 0 0 -20 57 0 271757376 1538699264 43199 18446744073709551615 1 1 0 0 0 0 4612 1 1073775864 0 0 0 -1 0 0 0 0 0 0 0 0 0 0 0 0 0 0
18025 18040 (Jit thread pool) S 333 333 0 0 -1 1077936192 104696 0 704 0 597 154 0 0 20 0 57 0 271757376 1538699264 43199 18446744073709551615 1 1 0 0 0 0 4612 1 1073775864 0 0 0 -1 3 0 0 0 0 0 0 0 0 0 0 0 0 0
18025 18041 (HeapTaskDaemon) S 333 333 0 0 -1 1077936192 19285 0 0 0 268 60 0 0 24 4 57 0 271757376 1538699264 43202 18446744073709551615 1 1 0 0 0 0 4612 1 1073775864 0 0 0 -1 3 0 0 0 0 0 0 0 0 0 0 0 0 0
18025 18042 (ReferenceQueueD) S 333 333 0 0 -1 1077936192 10 0 0 0 11 0 0 0 24 4 57 0 271757376 1538699264 43202 18446744073709551615 1 1 0 0 0 0 4612 1 1073775864 0 0 0 -1 3 0 0 0 0 0 0 0 0 0 0 0 0 0
18025 18043 (FinalizerDaemon) S 333 333 0 0 -1 1077936192 87 0 0 0 2 0 0 0 24 4 57 0 271757376 1538699264 43204 18446744073709551615 1 1 0 0 0 0 4612 1 1073775864 0 0 0 -1 3 0 0 0 0 0 0 0 0 0 0 0 0 0
18025 18044 (FinalizerWatchd) S 333 333 0 0 -1 1077936192 6 0 0 0 0 0 0 0 24 4 57 0 271757376 1538699264 43203 18446744073709551615 1 1 0 0 0 0 4612 1 1073775864 0 0 0 -1 3 0 0 0 0 0 0 0 0 0 0 0 0 0
18025 18045 (Binder:18025_1) S 333 333 0 0 -1 1077936192 17 0 0 0 0 0 0 0 20 0 57 0 271757377 1538699264 43154 18446744073709551615 1 1 0 0 0 0 4612 1 1073775864 0 0 0 -1 2 0 0 0 0 0 0 0 0 0 0 0 0 0
18025 18046 (Binder:18025_2) S 333 333 0 0 -1 1077936192 129 0 0 0 0 1 0 0 20 0 57 0 271757377 1538723840 43102 18446744073709551615 1 1 0 0 0 0 4612 1 1073775864 0 0 0 -1 2 0 0 0 0 0 0 0 0 0 0 0 0 0
18025 18047 (Binder:18025_3) S 333 333 0 0 -1 1077936192 18 0 0 0 1 1 0 0 20 0 57 0 271757379 1538699264 42916 18446744073709551615 1 1 0 0 0 0 4612 1 1073775864 0 0 0 -1 2 0 0 0 0 0 0 0 0 0 0 0 0 0
18025 18048 (Profile Saver) S 333 333 0 0 -1 1077936192 3024 0 1 0 52 5 0 0 29 9 57 0 271757430 1538711552 42905 18446744073709551615 1 1 0 0 0 0 4612 1 1073775864 0 0 0 -1 2 0 0 0 0 0 0 0 0 0 0 0 0 0
18025 18049 (RenderThread) S 333 333 0 0 -1 1077936192 730 0 2 0 4 1 0 0 10 -10 57 0 271757434 1538699264 42905 18446744073709551615 1 1 0 0 0 0 4612 1 1073775864 0 0 0 -1 2 0 0 0 0 0 0 0 0 0 0 0 0 0
18025 18054 (deathride-cours) S 333 333 0 0 -1 1077936192 7380 0 0 0 844 20 0 0 33 13 57 0 271757531 1538699264 42906 18446744073709551615 1 1 0 0 0 0 4612 1 1073775864 0 0 0 -1 0 0 0 0 0 0 0 0 0 0 0 0 0 0
18025 18058 (AmazonAccMgrCal) S 333 333 0 0 -1 1077936192 6 0 0 0 0 0 0 0 30 10 57 0 271757571 1538699264 42906 18446744073709551615 1 1 0 0 0 0 4612 1 1073775864 0 0 0 -1 0 0 0 0 0 0 0 0 0 0 0 0 0 0
18025 18059 (GLThread 50523) R 333 333 0 0 -1 4194368 551332 0 88 0 17705 3237 0 0 16 -4 57 0 271757572 1538699264 42909 18446744073709551615 1 1 0 0 0 0 4612 1 1073775864 0 0 0 -1 2 0 0 0 0 0 0 0 0 0 0 0 0 0
18025 18061 (Binder:PerfStat) S 333 333 0 0 -1 1077936192 14 0 0 0 0 0 0 0 30 10 57 0 271757582 1538699264 42909 18446744073709551615 1 1 0 0 0 0 4612 1 1073775864 0 0 0 -1 1 0 0 0 0 0 0 0 0 0 0 0 0 0
18025 18062 (hwuiTask0) S 333 333 0 0 -1 1077936192 8 0 0 0 0 0 0 0 18 -2 57 0 271757592 1538699264 42910 18446744073709551615 1 1 0 0 0 0 4612 1 1073775864 0 0 0 -1 3 0 0 0 0 0 0 0 0 0 0 0 0 0
18025 18063 (hwuiTask1) S 333 333 0 0 -1 1077936192 7 0 0 0 0 0 0 0 18 -2 57 0 271757592 1538699264 42910 18446744073709551615 1 1 0 0 0 0 4612 1 1073775864 0 0 0 -1 1 0 0 0 0 0 0 0 0 0 0 0 0 0
18025 18066 (RenderThread) S 333 333 0 0 -1 1077936192 323 0 0 0 441 560 0 0 10 -10 57 0 271757594 1538699264 42910 18446744073709551615 1 1 0 0 0 0 4612 1 1073775864 0 0 0 -1 3 0 0 0 0 0 0 0 0 0 0 0 0 0
18025 18071 (CCodecWatchdog) S 333 333 0 0 -1 1077936192 1 0 0 0 0 0 0 0 20 0 57 0 271757654 1538711552 42910 18446744073709551615 1 1 0 0 0 0 4612 1 1073775864 0 0 0 -1 1 0 0 0 0 0 0 0 0 0 0 0 0 0
18025 18072 (NDK MediaCodec_) S 333 333 0 0 -1 1077936192 7 0 0 0 0 0 0 0 4 -16 57 0 271757654 1538699264 42910 18446744073709551615 1 1 0 0 0 0 4612 1 1073775864 0 0 0 -1 1 0 0 0 0 0 0 0 0 0 0 0 0 0
18025 18073 (NDK MediaCodec_) S 333 333 0 0 -1 1077936192 1 0 0 0 0 0 0 0 4 -16 57 0 271757654 1538699264 42914 18446744073709551615 1 1 0 0 0 0 4612 1 1073775864 0 0 0 -1 3 0 0 0 0 0 0 0 0 0 0 0 0 0
18025 18074 (HwBinder:18025_) S 333 333 0 0 -1 1077936192 61 0 0 0 2 3 0 0 10 -10 57 0 271757654 1538564096 42915 18446744073709551615 1 1 0 0 0 0 4612 1 1073775864 0 0 0 -1 3 0 0 0 0 0 0 0 0 0 0 0 0 0
18025 18080 (Binder:18025_4) S 333 333 0 0 -1 1077936192 6 0 0 0 0 0 0 0 20 0 57 0 271757665 1538699264 42915 18446744073709551615 1 1 0 0 0 0 4612 1 1073775864 0 0 0 -1 2 0 0 0 0 0 0 0 0 0 0 0 0 0
18025 18081 (Binder:18025_5) S 333 333 0 0 -1 1077936192 7 0 0 0 0 1 0 0 20 0 57 0 271757665 1538723840 42915 18446744073709551615 1 1 0 0 0 0 4612 1 1073775864 0 0 0 -1 2 0 0 0 0 0 0 0 0 0 0 0 0 0
18025 18118 (Binder:18025_6) S 333 333 0 0 -1 1077936192 12 0 2 0 0 0 0 0 20 0 57 0 271757698 1538699264 42915 18446744073709551615 1 1 0 0 0 0 4612 1 1073775864 0 0 0 -1 2 0 0 0 0 0 0 0 0 0 0 0 0 0
18025 18119 (deathride-profi) S 333 333 0 0 -1 1077936192 5669 0 0 0 95 20 0 0 33 13 57 0 271757698 1538699264 42918 18446744073709551615 1 1 0 0 0 0 4612 1 1073775864 0 0 0 -1 0 0 0 0 0 0 0 0 0 0 0 0 0 0
18025 18134 (deathride-link-) S 333 333 0 0 -1 1077936192 319 0 0 0 18 7 0 0 33 13 57 0 271757711 1538699264 42918 18446744073709551615 1 1 0 0 0 0 4612 1 1073775864 0 0 0 -1 2 0 0 0 0 0 0 0 0 0 0 0 0 0
18025 18145 (DefaultDispatch) S 333 333 0 0 -1 1077936192 61940 0 2 0 2290 276 0 0 33 13 57 0 271757722 1538699264 42919 18446744073709551615 1 1 0 0 0 0 4612 1 1073775864 0 0 0 -1 1 0 0 0 0 0 0 0 0 0 0 0 0 0
18025 18146 (DefaultDispatch) S 333 333 0 0 -1 1077936192 7671 0 2 0 1039 212 0 0 33 13 57 0 271757722 1538711552 42919 18446744073709551615 1 1 0 0 0 0 4612 1 1073775864 0 0 0 -1 3 0 0 0 0 0 0 0 0 0 0 0 0 0
18025 18147 (DefaultDispatch) S 333 333 0 0 -1 1077936192 9891 0 1 0 1111 247 0 0 33 13 57 0 271757722 1538699264 42919 18446744073709551615 1 1 0 0 0 0 4612 1 1073775864 0 0 0 -1 1 0 0 0 0 0 0 0 0 0 0 0 0 0
18025 18158 (Binder:18025_7) S 333 333 0 0 -1 1077936192 10 0 0 0 0 0 0 0 20 0 57 0 271757731 1538699264 42919 18446744073709551615 1 1 0 0 0 0 4612 1 1073775864 0 0 0 -1 0 0 0 0 0 0 0 0 0 0 0 0 0 0
18025 18271 (DefaultExecutor) S 333 333 0 0 -1 1077936192 169 0 0 0 117 29 0 0 33 13 57 0 271757887 1538699264 42919 18446744073709551615 1 1 0 0 0 0 4612 1 1073775864 0 0 0 -1 2 0 0 0 0 0 0 0 0 0 0 0 0 0
18025 18281 (DefaultDispatch) S 333 333 0 0 -1 1077936192 7880 0 1 0 1029 220 0 0 33 13 57 0 271758361 1538699264 42922 18446744073709551615 1 1 0 0 0 0 4612 1 1073775864 0 0 0 -1 3 0 0 0 0 0 0 0 0 0 0 0 0 0
18025 18282 (DefaultDispatch) S 333 333 0 0 -1 1077936192 8990 0 1 0 1040 235 0 0 33 13 57 0 271758361 1538699264 42922 18446744073709551615 1 1 0 0 0 0 4612 1 1073775864 0 0 0 -1 0 0 0 0 0 0 0 0 0 0 0 0 0 0
18025 18283 (DefaultDispatch) S 333 333 0 0 -1 1077936192 7058 0 1 0 998 211 0 0 33 13 57 0 271758361 1538699264 42924 18446744073709551615 1 1 0 0 0 0 4612 1 1073775864 0 0 0 -1 1 0 0 0 0 0 0 0 0 0 0 0 0 0
18025 18300 (DefaultDispatch) S 333 333 0 0 -1 1077936192 8549 0 0 0 1024 218 0 0 33 13 57 0 271759777 1538711552 42924 18446744073709551615 1 1 0 0 0 0 4612 1 1073775864 0 0 0 -1 2 0 0 0 0 0 0 0 0 0 0 0 0 0
18025 18821 (DefaultDispatch) S 333 333 0 0 -1 1077936192 8638 0 0 0 1028 211 0 0 33 13 57 0 271762168 1538723840 42924 18446744073709551615 1 1 0 0 0 0 4612 1 1073775864 0 0 0 -1 2 0 0 0 0 0 0 0 0 0 0 0 0 0
18025 18831 (DefaultDispatch) S 333 333 0 0 -1 1077936192 6221 0 1 0 978 215 0 0 33 13 57 0 271762335 1538711552 42927 18446744073709551615 1 1 0 0 0 0 4612 1 1073775864 0 0 0 -1 0 0 0 0 0 0 0 0 0 0 0 0 0 0
18025 18839 (DefaultDispatch) S 333 333 0 0 -1 1077936192 9967 0 0 0 1089 234 0 0 33 13 57 0 271762427 1538699264 42927 18446744073709551615 1 1 0 0 0 0 4612 1 1073775864 0 0 0 -1 2 0 0 0 0 0 0 0 0 0 0 0 0 0
18025 18840 (DefaultDispatch) S 333 333 0 0 -1 1077936192 8719 0 0 0 1015 232 0 0 33 13 57 0 271762427 1538699264 42928 18446744073709551615 1 1 0 0 0 0 4612 1 1073775864 0 0 0 -1 1 0 0 0 0 0 0 0 0 0 0 0 0 0
18025 18841 (DefaultDispatch) S 333 333 0 0 -1 1077936192 7377 0 0 0 1023 209 0 0 33 13 57 0 271762428 1538699264 42928 18446744073709551615 1 1 0 0 0 0 4612 1 1073775864 0 0 0 -1 0 0 0 0 0 0 0 0 0 0 0 0 0 0
18025 18842 (DeathRideAudio) S 333 333 0 0 -1 1077936192 1147 0 8 0 405 1265 0 0 20 0 57 0 271762429 1538699264 42928 18446744073709551615 1 1 0 0 0 0 4612 1 1073775864 0 0 0 -1 0 0 0 0 0 0 0 0 0 0 0 0 0 0
18025 18858 (DefaultDispatch) S 333 333 0 0 -1 4194368 7543 0 0 0 999 218 0 0 33 13 57 0 271762859 1538699264 42928 18446744073709551615 1 1 0 0 0 0 4612 1 1073775864 0 0 0 -1 1 0 0 0 0 0 0 0 0 0 0 0 0 0
18025 18883 (DefaultDispatch) S 333 333 0 0 -1 1077936192 10384 0 0 0 1039 215 0 0 33 13 57 0 271763452 1538699264 42928 18446744073709551615 1 1 0 0 0 0 4612 1 1073775864 0 0 0 -1 0 0 0 0 0 0 0 0 0 0 0 0 0 0
18025 19011 (DefaultDispatch) S 333 333 0 0 -1 1077936192 7106 0 0 0 799 189 0 0 33 13 57 0 271769458 1538699264 42928 18446744073709551615 1 1 0 0 0 0 4612 1 1073775864 0 0 0 -1 0 0 0 0 0 0 0 0 0 0 0 0 0 0
18025 19513 (Binder:18025_8) S 333 333 0 0 -1 1077936192 6 0 0 0 0 0 0 0 20 0 57 0 271790694 1538723840 42931 18446744073709551615 1 1 0 0 0 0 4612 1 1073775864 0 0 0 -1 3 0 0 0 0 0 0 0 0 0 0 0 0 0
18025 19682 (AudioTrack) S 333 333 0 0 -1 1077936192 4 0 0 0 0 0 0 0 4 -16 57 0 271796297 1538699264 42931 18446744073709551615 1 1 0 0 0 0 4612 1 1073775864 0 0 0 -1 3 0 0 0 0 0 0 0 0 0 0 0 0 0
18025 19683 (AudioTrack) S 333 333 0 0 -1 1077936192 4 0 0 0 0 0 0 0 4 -16 57 0 271796306 1538699264 42932 18446744073709551615 1 1 0 0 0 0 4612 1 1073775864 0 0 0 -1 3 0 0 0 0 0 0 0 0 0 0 0 0 0
18025 19720 (AudioTrack) S 333 333 0 0 -1 1077936192 5 0 0 0 0 0 0 0 4 -16 57 0 271797261 1538699264 42932 18446744073709551615 1 1 0 0 0 0 4612 1 1073775864 0 0 0 -1 2 0 0 0 0 0 0 0 0 0 0 0 0 0
18025 19763 (AudioTrack) S 333 333 0 0 -1 1077936192 4 0 0 0 0 0 0 0 4 -16 57 0 271798278 1538699264 42932 18446744073709551615 1 1 0 0 0 0 4612 1 1073775864 0 0 0 -1 1 0 0 0 0 0 0 0 0 0 0 0 0 0
18025 19766 (AudioTrack) S 333 333 0 0 -1 1077936192 5 0 0 0 0 0 0 0 4 -16 57 0 271798317 1538699264 42935 18446744073709551615 1 1 0 0 0 0 4612 1 1073775864 0 0 0 -1 0 0 0 0 0 0 0 0 0 0 0 0 0 0
18025 19767 (AudioTrack) S 333 333 0 0 -1 1077936192 5 0 0 0 0 0 0 0 4 -16 57 0 271798375 1538711552 42937 18446744073709551615 1 1 0 0 0 0 4612 1 1073775864 0 0 0 -1 3 0 0 0 0 0 0 0 0 0 0 0 0 0
18025 19784 (AudioTrack) S 333 333 0 0 -1 1077936192 5 0 0 0 0 0 0 0 4 -16 57 0 271798783 1538711552 42937 18446744073709551615 1 1 0 0 0 0 4612 1 1073775864 0 0 0 -1 1 0 0 0 0 0 0 0 0 0 0 0 0 0
18025 19785 (AudioTrack) S 333 333 0 0 -1 1077936192 4 0 0 0 0 0 0 0 4 -16 57 0 271798791 1538723840 42937 18446744073709551615 1 1 0 0 0 0 4612 1 1073775864 0 0 0 -1 3 0 0 0 0 0 0 0 0 0 0 0 0 0
==schedstat
421 12715 23981204588 21057140515 287064
421 13139 26982805433 24660103284 326514
421 1497 23321303641 21091319081 279156
421 1755 20638879200 18215757339 241976
421 20227 24764038275 23015993213 305202
421 2098 23783571211 20012756086 298984
421 2176 22977538451 18937519723 277250
421 22281 22353610725 21258777921 275781
421 2304 25238802398 19995124886 300582
421 2961 17885828154 17110124826 222636
421 30043 2200073 176156 19
421 4158 24563462762 21563008879 290090
421 421 23202475437 21079790993 281127
421 465 3817386 3586000 26
421 473 700538 23077 3
421 474 5513311 1148228 59
421 6116 24359864416 21749047534 299980
421 626 176728151 60724926 2277
421 627 25246777164 4978500821 85099
421 652 23287150541 21228155840 277131
421 653 24180826575 22483898586 295305
421 683 26272006125559 2987733800189 994223397
421 688 116308 0 1
421 689 6546632735 3122869662 83389
421 7056 20554417500 16735468566 251498
421 773 22307065858 19357488894 275037
421 776 32385596147 9349231934 1493927
388 12955 105400353871 29222529898 598565
388 1757 377073144 341846247 2049
388 2240 141486737330 72937742858 784618
388 388 144562165650 41762563321 829721
388 406 467692 30257231 2
388 412 105231 27846 1
388 436 58188772131 50466912943 316935
388 437 59702425187 50572692767 322256
388 668 103846 7787616 1
388 679 171539 71769 1
388 680 147145386 27965081 525
388 687 117308 219846 2
388 783 29827693449170 2886947657860 992054484
388 9833 160259737910 52368514162 921109
18025 18025 12390853577 8591214682 35498
18025 18037 1080615 298000 3
18025 18038 471076 0 1
18025 18039 677154 0 1
18025 18040 7526690969 2837368279 21428
18025 18041 3295047800 1685700297 10295
18025 18042 114165769 44269231 168
18025 18043 27261309 11751538 114
18025 18044 2902074 11276847 53
18025 18045 9323698 19368609 174
18025 18046 25531236 34912764 315
18025 18047 24036688 66124774 510
18025 18048 579982695 315597687 729
18025 18049 58354075 11188156 62
18025 18054 8644781621 2450657563 11805
18025 18058 820616 128615 1
18025 18059 210381344659 35743755942 614456
18025 18061 2150615 508154 2
18025 18062 576538 34592385 5
18025 18063 910385 411768 3
18025 18066 10069763611 1506585536 58091
18025 18071 327541 924923 5
18025 18072 6772073 12049700 74
18025 18073 1087694 99616 15
18025 18074 55222236 43343305 499
18025 18080 7530309 27306842 139
18025 18081 21955001 82354838 483
18025 18118 17033852 63775609 302
18025 18119 1158302638 957059295 8980
18025 18134 256234686 411152704 1540
18025 18145 25670050266 34858996767 112939
18025 18146 12518194845 34296336296 106869
18025 18147 13593199445 33814722648 109976
18025 18158 9295078 17775996 192
18025 18271 1473161094 4669537959 20536
18025 18281 12499849162 33088729867 109604
18025 18282 12766874811 33818260137 108986
18025 18283 12099033916 33335873388 107297
18025 18300 12429574566 34196917874 107749
18025 18821 12396552188 33336352489 104294
18025 18831 11939599218 34219124607 108208
18025 18839 13239336936 34952353937 113529
18025 18840 12487506353 33968081636 110657
18025 18841 12327019756 33681539389 107867
18025 18842 16717977142 8616583972 87466
18025 18858 12176396187 33718328007 106810
18025 18883 12548139939 32334555667 106543
18025 19011 9891771975 26582104707 85931
18025 19513 2987002 7031768 60
18025 19682 1848079 1672382 32
18025 19683 1946770 11508847 48
18025 19720 928154 16829999 13
18025 19763 503001 630308 5
18025 19766 657308 76385 7
18025 19767 1083921 5430310 54
18025 19784 786770 65000 14
18025 19785 721077 13364692 8
==net
Inter-|   Receive                                                |  Transmit
 face |bytes    packets errs drop fifo frame compressed multicast|bytes    packets errs drop fifo colls carrier compressed
    lo: 5116375  132595    0    0    0     0          0         0  5116375  132595    0    0    0     0       0          0
dummy0:       0       0    0    0    0     0          0         0   167547    1110    0    0    0     0       0          0
  ifb0:       0       0    0    0    0     0          0         0        0       0    0    0    0     0       0          0
  ifb1:       0       0    0    0    0     0          0         0        0       0    0    0    0     0       0          0
 tunl0:       0       0    0    0    0     0          0         0        0       0    0    0    0     0       0          0
  gre0:       0       0    0    0    0     0          0         0        0       0    0    0    0     0       0          0
gretap0:       0       0    0    0    0     0          0         0        0       0    0    0    0     0       0          0
erspan0:       0       0    0    0    0     0          0         0        0       0    0    0    0     0       0          0
ip_vti0:       0       0    0    0    0     0          0         0        0       0    0    0    0     0       0          0
ip6_vti0:       0       0    0    0    0     0          0         0        0       0    0    0    0     0       0          0
  sit0:       0       0    0    0    0     0          0         0        0       0    0    0    0     0       0          0
ip6tnl0:       0       0    0    0    0     0          0         0        0       0    0    0    0     0       0          0
ip6gre0:       0       0    0    0    0     0          0         0        0       0    0    0    0     0       0          0
 wlan0: 5365765332 10126431    0    0    0     0          0         0 17519209661 16829351   18    0    0     0       0          0
  p2p0:       0       0    0    0    0     0          0         0        0       0    0    0    0     0       0          0
   ap0:       0       0    0    0    0     0          0         0        0       0    0    0    0     0       0          0
==uptime
2718005.84 9930182.10
