695 1000 (GraphicsStats-d) S 333 333 0 0 -1 1077936448 2590 457972 2822 224 46 240 1245 2251 30 10 307 0 5680 2187878400 29340 18446744073709551615 1 1 0 0 0 0 4612 1 1073775864 0 0 0 -1 0 0 0 0 0 0 0 0 0 0 0 0 0 0
695 10009 (LogRetentionJob) S 333 333 0 0 -1 1077936192 13 457972 6 224 0 0 1245 2251 20 0 307 0 268025958 2187878400 29340 18446744073709551615 1 1 0 0 0 0 4612 1 1073775864 0 0 0 -1 3 0 0 0 0 0 0 0 0 0 0 0 0 0
695 1002 (BlobStore) S 333 333 0 0 -1 1077936192 238 457972 20 224 2 8 1245 2251 20 0 307 0 5681 2187878400 29340 18446744073709551615 1 1 0 0 0 0 4612 1 1073775864 0 0 0 -1 1 0 0 0 0 0 0 0 0 0 0 0 0 0
695 1003 (SessionRecordTh) S 333 333 0 0 -1 1077936192 116 457972 330 224 0 12 1245 2251 20 0 307 0 5681 2187878400 29340 18446744073709551615 1 1 0 0 0 0 4612 1 1073775864 0 0 0 -1 3 0 0 0 0 0 0 0 0 0 0 0 0 0
695 1004 (Hdmi Control Io) S 333 333 0 0 -1 1077936192 1443 457972 159 224 37 35 1245 2251 20 0 307 0 5681 2187878400 29340 18446744073709551615 1 1 0 0 0 0 4612 1 1073775864 0 0 0 -1 0 0 0 0 0 0 0 0 0 0 0 0 0 0
695 1005 (SliceManagerSer) S 333 333 0 0 -1 1077936192 289 457972 64 224 1 0 1245 2251 30 10 307 0 5685 2187878400 29340 18446744073709551615 1 1 0 0 0 0 4612 1 1073775864 0 0 0 -1 1 0 0 0 0 0 0 0 0 0 0 0 0 0
695 1006 (StatsCompanionS) S 333 333 0 0 -1 1077936192 5 457972 0 224 0 0 1245 2251 20 0 307 0 5686 2187878400 29340 18446744073709551615 1 1 0 0 0 0 4612 1 1073775864 0 0 0 -1 3 0 0 0 0 0 0 0 0 0 0 0 0 0
695 1012 (FireTvDeepLinkS) S 333 333 0 0 -1 1077936192 5 457972 0 224 0 0 1245 2251 25 5 307 0 5704 2187878400 29340 18446744073709551615 1 1 0 0 0 0 4612 1 1073775864 0 0 0 -1 2 0 0 0 0 0 0 0 0 0 0 0 0 0
695 10124 (LogRetentionJob) S 333 333 0 0 -1 1077936192 10 457972 0 224 0 0 1245 2251 20 0 307 0 129792585 2187878400 29340 18446744073709551615 1 1 0 0 0 0 4612 1 1073775864 0 0 0 -1 3 0 0 0 0 0 0 0 0 0 0 0 0 0
695 1013 (AmazonInputMana) S 333 333 0 0 -1 1077936192 285 457972 73 224 1 5 1245 2251 25 5 307 0 5704 2187878400 29340 18446744073709551615 1 1 0 0 0 0 4612 1 1073775864 0 0 0 -1 1 0 0 0 0 0 0 0 0 0 0 0 0 0
695 1014 (ArcusHandlerThr) S 333 333 0 0 -1 1077936448 4480 457972 4485 224 144 266 1245 2251 20 0 307 0 5708 2187878400 29340 18446744073709551615 1 1 0 0 0 0 4612 1 1073775864 0 0 0 -1 3 0 0 0 0 0 0 0 0 0 0 0 0 0
695 1015 (LogRetentionJob) S 333 333 0 0 -1 1077936192 18 457972 7 224 0 0 1245 2251 20 0 307 0 5708 2187878400 29340 18446744073709551615 1 1 0 0 0 0 4612 1 1073775864 0 0 0 -1 2 0 0 0 0 0 0 0 0 0 0 0 0 0
695 1016 (AmzWifiDisplayM) S 333 333 0 0 -1 1077936192 6 457972 0 224 0 0 1245 2251 20 0 307 0 5709 2187878400 29340 18446744073709551615 1 1 0 0 0 0 4612 1 1073775864 0 0 0 -1 2 0 0 0 0 0 0 0 0 0 0 0 0 0
695 1017 (AmazonAudioServ) S 333 333 0 0 -1 1077936192 70 457972 5 224 2 0 1245 2251 20 0 307 0 5709 2187878400 29340 18446744073709551615 1 1 0 0 0 0 4612 1 1073775864 0 0 0 -1 1 0 0 0 0 0 0 0 0 0 0 0 0 0
695 1018 (EventHandler) S 333 333 0 0 -1 1077936192 26 457972 0 224 0 0 1245 2251 20 0 307 0 5709 2187878400 29340 18446744073709551615 1 1 0 0 0 0 4612 1 1073775864 0 0 0 -1 1 0 0 0 0 0 0 0 0 0 0 0 0 0
695 1019 (AmazonWifiServi) S 333 333 0 0 -1 1077936192 3373 457972 630 224 164 81 1245 2251 20 0 307 0 5711 2187878400 29340 18446744073709551615 1 1 0 0 0 0 4612 1 1073775864 0 0 0 -1 0 0 0 0 0 0 0 0 0 0 0 0 0 0
695 1020 (AmazonNetworkUn) S 333 333 0 0 -1 1077936192 88 457972 16 224 2 0 1245 2251 20 0 307 0 5712 2187878400 29340 18446744073709551615 1 1 0 0 0 0 4612 1 1073775864 0 0 0 -1 3 0 0 0 0 0 0 0 0 0 0 0 0 0
695 1021 (AmazonProfileSe) S 333 333 0 0 -1 1077936192 3327 457972 462 224 53 35 1245 2251 25 5 307 0 5713 2187878400 29340 18446744073709551615 1 1 0 0 0 0 4612 1 1073775864 0 0 0 -1 1 0 0 0 0 0 0 0 0 0 0 0 0 0
695 1022 (wakeup_thread) S 333 333 0 0 -1 1077936192 6 457972 0 224 0 0 1245 2251 20 0 307 0 5713 2187878400 29340 18446744073709551615 1 1 0 0 0 0 4612 1 1073775864 0 0 0 -1 2 0 0 0 0 0 0 0 0 0 0 0 0 0
695 1023 (PactArcusHelper) S 333 333 0 0 -1 1077936192 145 457972 90 224 1 2 1245 2251 20 0 307 0 5713 2187878400 29340 18446744073709551615 1 1 0 0 0 0 4612 1 1073775864 0 0 0 -1 3 0 0 0 0 0 0 0 0 0 0 0 0 0
695 1025 (APSArcusHelper) S 333 333 0 0 -1 1077936192 145 457972 97 224 3 1 1245 2251 20 0 307 0 5713 2187878400 29340 18446744073709551615 1 1 0 0 0 0 4612 1 1073775864 0 0 0 -1 3 0 0 0 0 0 0 0 0 0 0 0 0 0
695 1026 (DeviceModelInfo) S 333 333 0 0 -1 1077936192 4 457972 0 224 0 0 1245 2251 25 5 307 0 5714 2187878400 29340 18446744073709551615 1 1 0 0 0 0 4612 1 1073775864 0 0 0 -1 1 0 0 0 0 0 0 0 0 0 0 0 0 0
695 1027 (AmazonHdmiServi) S 333 333 0 0 -1 1077936192 355 457972 218 224 7 11 1245 2251 20 0 307 0 5715 2187878400 29340 18446744073709551615 1 1 0 0 0 0 4612 1 1073775864 0 0 0 -1 0 0 0 0 0 0 0 0 0 0 0 0 0 0
695 1028 (AmazonBuellerSh) S 333 333 0 0 -1 1077936192 8 457972 0 224 0 0 1245 2251 20 0 307 0 5715 2187878400 29340 18446744073709551615 1 1 0 0 0 0 4612 1 1073775864 0 0 0 -1 0 0 0 0 0 0 0 0 0 0 0 0 0 0
695 1029 (FireTvLedManage) S 333 333 0 0 -1 1077936192 7 457972 0 224 0 0 1245 2251 20 0 307 0 5722 2187878400 29340 18446744073709551615 1 1 0 0 0 0 4612 1 1073775864 0 0 0 -1 2 0 0 0 0 0 0 0 0 0 0 0 0 0
695 1030 (Timer-0) S 333 333 0 0 -1 1077936192 139779 457972 611 224 1710 1489 1245 2251 20 0 307 0 5724 2187878400 29340 18446744073709551615 1 1 0 0 0 0 4612 1 1073775864 0 0 0 -1 2 0 0 0 0 0 0 0 0 0 0 0 0 0
695 1031 (TemperatureObse) S 333 333 0 0 -1 1077936192 441 457972 77 224 3 2 1245 2251 30 10 307 0 5724 2187878400 29340 18446744073709551615 1 1 0 0 0 0 4612 1 1073775864 0 0 0 -1 1 0 0 0 0 0 0 0 0 0 0 0 0 0
695 1032 (ThermalEventMon) S 333 333 0 0 -1 1077936192 3320 457972 322 224 41 22 1245 2251 30 10 307 0 5725 2187878400 29340 18446744073709551615 1 1 0 0 0 0 4612 1 1073775864 0 0 0 -1 2 0 0 0 0 0 0 0 0 0 0 0 0 0
695 1033 (CloudPairingAma) S 333 333 0 0 -1 1077936192 6 457972 0 224 0 0 1245 2251 20 0 307 0 5727 2187878400 29340 18446744073709551615 1 1 0 0 0 0 4612 1 1073775864 0 0 0 -1 2 0 0 0 0 0 0 0 0 0 0 0 0 0
695 1034 (CirrusThread) S 333 333 0 0 -1 1077936192 53 457972 31 224 0 0 1245 2251 30 10 307 0 5727 2187878400 29340 18446744073709551615 1 1 0 0 0 0 4612 1 1073775864 0 0 0 -1 2 0 0 0 0 0 0 0 0 0 0 0 0 0
695 1035 (RuntimePersiste) S 333 333 0 0 -1 1077936448 3896 457972 264 224 111 71 1245 2251 20 0 307 0 5727 2187878400 29340 18446744073709551615 1 1 0 0 0 0 4612 1 1073775864 0 0 0 -1 2 0 0 0 0 0 0 0 0 0 0 0 0 0
695 1036 (AmazonUsageStat) S 333 333 0 0 -1 1077936192 6841 457972 2640 224 203 158 1245 2251 30 10 307 0 5728 2187878400 29340 18446744073709551615 1 1 0 0 0 0 4612 1 1073775864 0 0 0 -1 3 0 0 0 0 0 0 0 0 0 0 0 0 0
695 1039 (AmaMessageHandl) S 333 333 0 0 -1 1077936192 5 457972 0 224 0 0 1245 2251 20 0 307 0 5730 2187878400 29340 18446744073709551615 1 1 0 0 0 0 4612 1 1073775864 0 0 0 -1 3 0 0 0 0 0 0 0 0 0 0 0 0 0
695 1040 (DfuWorker) S 333 333 0 0 -1 1077936192 7 457972 0 224 0 0 1245 2251 20 0 307 0 5730 2187878400 29340 18446744073709551615 1 1 0 0 0 0 4612 1 1073775864 0 0 0 -1 1 0 0 0 0 0 0 0 0 0 0 0 0 0
695 1041 (DiscoveryWorker) S 333 333 0 0 -1 1077936192 6 457972 0 224 0 0 1245 2251 20 0 307 0 5730 2187878400 29340 18446744073709551615 1 1 0 0 0 0 4612 1 1073775864 0 0 0 -1 0 0 0 0 0 0 0 0 0 0 0 0 0 0
695 1042 (BulkDataWorker) S 333 333 0 0 -1 1077936192 5 457972 0 224 0 0 1245 2251 20 0 307 0 5730 2187878400 29340 18446744073709551615 1 1 0 0 0 0 4612 1 1073775864 0 0 0 -1 3 0 0 0 0 0 0 0 0 0 0 0 0 0
695 1043 (CloudPairingWor) S 333 333 0 0 -1 1077936192 8 457972 0 224 0 0 1245 2251 20 0 307 0 5730 2187878400 29340 18446744073709551615 1 1 0 0 0 0 4612 1 1073775864 0 0 0 -1 1 0 0 0 0 0 0 0 0 0 0 0 0 0
695 1044 (CrashReporterSe) S 333 333 0 0 -1 1077936192 39 457972 1 224 0 0 1245 2251 25 5 307 0 5731 2187878400 29340 18446744073709551615 1 1 0 0 0 0 4612 1 1073775864 0 0 0 -1 0 0 0 0 0 0 0 0 0 0 0 0 0 0
695 1045 (AmazonProtometr) S 333 333 0 0 -1 1077936192 13827 457972 1690 224 323 122 1245 2251 30 10 307 0 5731 2187878400 29340 18446744073709551615 1 1 0 0 0 0 4612 1 1073775864 0 0 0 -1 1 0 0 0 0 0 0 0 0 0 0 0 0 0
695 1047 (MetricsHandler) S 333 333 0 0 -1 1077936192 334 457972 155 224 15 9 1245 2251 20 0 307 0 5732 2187878400 29340 18446744073709551615 1 1 0 0 0 0 4612 1 1073775864 0 0 0 -1 3 0 0 0 0 0 0 0 0 0 0 0 0 0
695 1048 (AccessoryServic) S 333 333 0 0 -1 1077936192 6 457972 0 224 0 0 1245 2251 20 0 307 0 5732 2187878400 29340 18446744073709551615 1 1 0 0 0 0 4612 1 1073775864 0 0 0 -1 3 0 0 0 0 0 0 0 0 0 0 0 0 0
695 1049 (AmazonEmmcConsu) S 333 333 0 0 -1 1077936192 12323 457972 1215 224 305 117 1245 2251 30 10 307 0 5732 2187878400 29340 18446744073709551615 1 1 0 0 0 0 4612 1 1073775864 0 0 0 -1 0 0 0 0 0 0 0 0 0 0 0 0 0 0
695 1050 (ice.EventHelper) S 333 333 0 0 -1 1077936192 6 457972 0 224 0 0 1245 2251 20 0 307 0 5732 2187878400 29340 18446744073709551615 1 1 0 0 0 0 4612 1 1073775864 0 0 0 -1 0 0 0 0 0 0 0 0 0 0 0 0 0 0
695 10507 (AmazonFingerPri) S 333 333 0 0 -1 1077936192 11 457972 3 224 0 0 1245 2251 30 10 307 0 259566254 2187878400 29340 18446744073709551615 1 1 0 0 0 0 4612 1 1073775864 0 0 0 -1 3 0 0 0 0 0 0 0 0 0 0 0 0 0
695 1051 (ice.EventHelper) S 333 333 0 0 -1 1077936192 6 457972 0 224 0 0 1245 2251 20 0 307 0 5732 2187878400 29340 18446744073709551615 1 1 0 0 0 0 4612 1 1073775864 0 0 0 -1 0 0 0 0 0 0 0 0 0 0 0 0 0 0
695 1052 (ice.EventHelper) S 333 333 0 0 -1 1077936192 7 457972 0 224 0 0 1245 2251 20 0 307 0 5733 2187878400 29340 18446744073709551615 1 1 0 0 0 0 4612 1 1073775864 0 0 0 -1 3 0 0 0 0 0 0 0 0 0 0 0 0 0
695 1053 (ice.EventHelper) S 333 333 0 0 -1 1077936192 8 457972 0 224 0 0 1245 2251 20 0 307 0 5733 2187878400 29340 18446744073709551615 1 1 0 0 0 0 4612 1 1073775864 0 0 0 -1 1 0 0 0 0 0 0 0 0 0 0 0 0 0
695 1054 (ice.EventHelper) S 333 333 0 0 -1 1077936192 5 457972 0 224 0 0 1245 2251 20 0 307 0 5733 2187878400 29340 18446744073709551615 1 1 0 0 0 0 4612 1 1073775864 0 0 0 -1 0 0 0 0 0 0 0 0 0 0 0 0 0 0
695 1055 (ice.EventHelper) S 333 333 0 0 -1 1077936192 6 457972 0 224 0 0 1245 2251 20 0 307 0 5733 2187878400 29340 18446744073709551615 1 1 0 0 0 0 4612 1 1073775864 0 0 0 -1 2 0 0 0 0 0 0 0 0 0 0 0 0 0
695 1056 (ice.EventHelper) S 333 333 0 0 -1 1077936192 6 457972 0 224 0 0 1245 2251 20 0 307 0 5733 2187878400 29340 18446744073709551615 1 1 0 0 0 0 4612 1 1073775864 0 0 0 -1 2 0 0 0 0 0 0 0 0 0 0 0 0 0
695 1057 (ice.EventHelper) S 333 333 0 0 -1 1077936192 7 457972 0 224 0 0 1245 2251 20 0 307 0 5733 2187878400 29340 18446744073709551615 1 1 0 0 0 0 4612 1 1073775864 0 0 0 -1 2 0 0 0 0 0 0 0 0 0 0 0 0 0
695 1058 (ice.EventHelper) S 333 333 0 0 -1 1077936192 7 457972 0 224 0 0 1245 2251 20 0 307 0 5733 2187878400 29340 18446744073709551615 1 1 0 0 0 0 4612 1 1073775864 0 0 0 -1 1 0 0 0 0 0 0 0 0 0 0 0 0 0
695 1059 (ice.EventHelper) S 333 333 0 0 -1 1077936192 5 457972 0 224 0 0 1245 2251 20 0 307 0 5733 2187878400 29340 18446744073709551615 1 1 0 0 0 0 4612 1 1073775864 0 0 0 -1 0 0 0 0 0 0 0 0 0 0 0 0 0 0
695 1060 (ice.EventHelper) S 333 333 0 0 -1 1077936192 8 457972 0 224 0 0 1245 2251 20 0 307 0 5733 2187878400 29340 18446744073709551615 1 1 0 0 0 0 4612 1 1073775864 0 0 0 -1 2 0 0 0 0 0 0 0 0 0 0 0 0 0
695 1061 (ice.EventHelper) S 333 333 0 0 -1 1077936192 7 457972 0 224 0 0 1245 2251 20 0 307 0 5733 2187878400 29340 18446744073709551615 1 1 0 0 0 0 4612 1 1073775864 0 0 0 -1 1 0 0 0 0 0 0 0 0 0 0 0 0 0
695 1062 (OomAdjustment H) S 333 333 0 0 -1 1077936192 1077 457972 1140 224 5 135 1245 2251 30 10 307 0 5734 2187878400 29340 18446744073709551615 1 1 0 0 0 0 4612 1 1073775864 0 0 0 -1 1 0 0 0 0 0 0 0 0 0 0 0 0 0
695 1063 (Favorite apps H) S 333 333 0 0 -1 1077936192 7 457972 0 224 0 0 1245 2251 30 10 307 0 5734 2187878400 29340 18446744073709551615 1 1 0 0 0 0 4612 1 1073775864 0 0 0 -1 2 0 0 0 0 0 0 0 0 0 0 0 0 0
695 1064 (Metrics Handler) S 333 333 0 0 -1 1077936192 6 457972 0 224 0 0 1245 2251 30 10 307 0 5734 2187878400 29340 18446744073709551615 1 1 0 0 0 0 4612 1 1073775864 0 0 0 -1 1 0 0 0 0 0 0 0 0 0 0 0 0 0
695 1065 (Prewarm Handler) S 333 333 0 0 -1 1077936192 1903 457972 609 224 78 54 1245 2251 30 10 307 0 5734 2187878400 29340 18446744073709551615 1 1 0 0 0 0 4612 1 1073775864 0 0 0 -1 3 0 0 0 0 0 0 0 0 0 0 0 0 0
695 1066 (AmazonPowerMana) S 333 333 0 0 -1 1077936192 60 457972 22 224 0 0 1245 2251 25 5 307 0 5734 2187878400 29340 18446744073709551615 1 1 0 0 0 0 4612 1 1073775864 0 0 0 -1 2 0 0 0 0 0 0 0 0 0 0 0 0 0
695 1067 (EveThread) S 333 333 0 0 -1 1077936192 122810 457972 10142 224 6367 2895 1245 2251 30 10 307 0 5734 2187878400 29340 18446744073709551615 1 1 0 0 0 0 4612 1 1073775864 0 0 0 -1 3 0 0 0 0 0 0 0 0 0 0 0 0 0
695 1068 (EthernetService) S 333 333 0 0 -1 1077936192 6064 457972 352 224 89 63 1245 2251 20 0 307 0 5744 2187878400 29340 18446744073709551615 1 1 0 0 0 0 4612 1 1073775864 0 0 0 -1 1 0 0 0 0 0 0 0 0 0 0 0 0 0
695 1072 (KeyMapManager) S 333 333 0 0 -1 1077936192 582 457972 0 224 7 1 1245 2251 25 5 307 0 5747 2187878400 29340 18446744073709551615 1 1 0 0 0 0 4612 1 1073775864 0 0 0 -1 2 0 0 0 0 0 0 0 0 0 0 0 0 0
695 1074 (MCL-ArcusHelper) S 333 333 0 0 -1 1077936192 255 457972 113 224 2 6 1245 2251 20 0 307 0 5748 2187878400 29340 18446744073709551615 1 1 0 0 0 0 4612 1 1073775864 0 0 0 -1 0 0 0 0 0 0 0 0 0 0 0 0 0 0
695 1075 (HealthServiceHw) S 333 333 0 0 -1 1077936192 9 457972 0 224 0 0 1245 2251 20 0 307 0 5748 2187878400 29340 18446744073709551615 1 1 0 0 0 0 4612 1 1073775864 0 0 0 -1 2 0 0 0 0 0 0 0 0 0 0 0 0 0
695 1080 (Thread-11) S 333 333 0 0 -1 1077936192 1351283 457972 12361 224 95326 14251 1245 2251 20 0 307 0 5757 2187878400 29340 18446744073709551615 1 1 0 0 0 0 4612 1 1073775864 0 0 0 -1 0 0 0 0 0 0 0 0 0 0 0 0 0 0
695 10809 (LogRetentionJob) S 333 333 0 0 -1 1077936192 12 457972 0 224 0 0 1245 2251 20 0 307 0 60675708 2187878400 29340 18446744073709551615 1 1 0 0 0 0 4612 1 1073775864 0 0 0 -1 1 0 0 0 0 0 0 0 0 0 0 0 0 0
695 1082 (WifiManagerThre) S 333 333 0 0 -1 1077936192 459 457972 13 224 24 3 1245 2251 20 0 307 0 5758 2187878400 29340 18446744073709551615 1 1 0 0 0 0 4612 1 1073775864 0 0 0 -1 0 0 0 0 0 0 0 0 0 0 0 0 0 0
695 1084 (AmazonWifiTherm) S 333 333 0 0 -1 1077936192 130 457972 35 224 0 1 1245 2251 20 0 307 0 5760 2187878400 29340 18446744073709551615 1 1 0 0 0 0 4612 1 1073775864 0 0 0 -1 0 0 0 0 0 0 0 0 0 0 0 0 0 0
695 1085 (AmazonInputMana) S 333 333 0 0 -1 1077936192 15057 457972 258 224 172 16 1245 2251 20 0 307 0 5760 2187878400 29340 18446744073709551615 1 1 0 0 0 0 4612 1 1073775864 0 0 0 -1 1 0 0 0 0 0 0 0 0 0 0 0 0 0
695 1086 (AmazonWifiTherm) S 333 333 0 0 -1 1077936192 5 457972 0 224 0 0 1245 2251 20 0 307 0 5761 2187878400 29340 18446744073709551615 1 1 0 0 0 0 4612 1 1073775864 0 0 0 -1 0 0 0 0 0 0 0 0 0 0 0 0 0 0
695 10866 (Binder:695_1A) S 333 333 0 0 -1 1077936448 213512 457972 7329 224 24859 10862 1245 2251 20 0 307 0 25751 2187878400 29340 18446744073709551615 1 1 0 0 0 4096 4612 1 1073775864 0 0 0 -1 3 0 0 0 0 0 0 0 0 0 0 0 0 0
695 1090 (queued-work-loo) S 333 333 0 0 -1 1077936192 10785 457972 220 224 342 669 1245 2251 18 -2 307 0 5762 2187878400 29340 18446744073709551615 1 1 0 0 0 0 4612 1 1073775864 0 0 0 -1 3 0 0 0 0 0 0 0 0 0 0 0 0 0
695 1092 (GenericAppAdapt) S 333 333 0 0 -1 1077936192 7 457972 0 224 0 0 1245 2251 25 5 307 0 5765 2187878400 29340 18446744073709551615 1 1 0 0 0 0 4612 1 1073775864 0 0 0 -1 2 0 0 0 0 0 0 0 0 0 0 0 0 0
695 1093 (Binder:695_4) S 333 333 0 0 -1 1077936448 116243 457972 5881 224 12517 5504 1245 2251 20 0 307 0 5765 2187878400 29340 18446744073709551615 1 1 0 0 0 0 4612 1 1073775864 0 0 0 -1 2 0 0 0 0 0 0 0 0 0 0 0 0 0
695 1102 (LiveTvAppLaunch) S 333 333 0 0 -1 1077936192 5 457972 0 224 0 0 1245 2251 25 5 307 0 5768 2187878400 29340 18446744073709551615 1 1 0 0 0 0 4612 1 1073775864 0 0 0 -1 3 0 0 0 0 0 0 0 0 0 0 0 0 0
695 1103 (AudioArcusHelpe) S 333 333 0 0 -1 1077936192 7469 457972 153 224 128 10 1245 2251 20 0 307 0 5768 2187878400 29340 18446744073709551615 1 1 0 0 0 0 4612 1 1073775864 0 0 0 -1 0 0 0 0 0 0 0 0 0 0 0 0 0 0
695 1105 (AmazonInputMana) S 333 333 0 0 -1 1077936192 529 457972 138 224 3 3 1245 2251 20 0 307 0 5769 2187878400 29340 18446744073709551615 1 1 0 0 0 0 4612 1 1073775864 0 0 0 -1 3 0 0 0 0 0 0 0 0 0 0 0 0 0
695 1106 (DenyListArcusHe) S 333 333 0 0 -1 1077936192 5 457972 0 224 0 0 1245 2251 20 0 307 0 5769 2187878400 29340 18446744073709551615 1 1 0 0 0 0 4612 1 1073775864 0 0 0 -1 1 0 0 0 0 0 0 0 0 0 0 0 0 0
695 1108 (WifiDiagsQueueT) S 333 333 0 0 -1 1077936192 265168 457972 1759 224 14487 11828 1245 2251 20 0 307 0 5770 2187878400 29340 18446744073709551615 1 1 0 0 0 0 4612 1 1073775864 0 0 0 -1 2 0 0 0 0 0 0 0 0 0 0 0 0 0
695 1110 (NetWatchDogQueu) S 333 333 0 0 -1 1077936192 41 457972 53 224 22 52 1245 2251 20 0 307 0 5771 2187878400 29340 18446744073709551615 1 1 0 0 0 0 4612 1 1073775864 0 0 0 -1 2 0 0 0 0 0 0 0 0 0 0 0 0 0
695 1111 (TimeServiceThre) S 333 333 0 0 -1 1077936448 1488 457972 162 224 29 29 1245 2251 20 0 307 0 5771 2187878400 29340 18446744073709551615 1 1 0 0 0 0 4612 1 1073775864 0 0 0 -1 0 0 0 0 0 0 0 0 0 0 0 0 0 0
695 1112 (TimeServiceNetw) S 333 333 0 0 -1 1077936192 5 457972 0 224 0 0 1245 2251 20 0 307 0 5771 2187878400 29340 18446744073709551615 1 1 0 0 0 0 4612 1 1073775864 0 0 0 -1 3 0 0 0 0 0 0 0 0 0 0 0 0 0
695 1114 (AMA Callback Na) S 333 333 0 0 -1 1077936192 6 457972 0 224 0 0 1245 2251 18 -2 307 0 5772 2187878400 29340 18446744073709551615 1 1 0 0 0 0 4612 1 1073775864 0 0 0 -1 0 0 0 0 0 0 0 0 0 0 0 0 0 0
695 1116 (Binder:695_5) S 333 333 0 0 -1 1077936448 124076 457972 5849 224 14200 6206 1245 2251 20 0 307 0 5772 2187878400 29340 18446744073709551615 1 1 0 0 0 0 4612 1 1073775864 0 0 0 -1 2 0 0 0 0 0 0 0 0 0 0 0 0 0
695 1119 (TestMetricBuffe) S 333 333 0 0 -1 1077936192 5 457972 0 224 0 0 1245 2251 20 0 307 0 5773 2187878400 29340 18446744073709551615 1 1 0 0 0 0 4612 1 1073775864 0 0 0 -1 0 0 0 0 0 0 0 0 0 0 0 0 0 0
695 1121 (BspConsumer) S 333 333 0 0 -1 1077936192 153 457972 3 224 4 5 1245 2251 20 0 307 0 5775 2187878400 29340 18446744073709551615 1 1 0 0 0 0 4612 1 1073775864 0 0 0 -1 2 0 0 0 0 0 0 0 0 0 0 0 0 0
695 1124 (TaskSnapshotPer) S 333 333 0 0 -1 1077936192 763 457972 249 224 18 19 1245 2251 30 10 307 0 5775 2187878400 29340 18446744073709551615 1 1 0 0 0 0 4612 1 1073775864 0 0 0 -1 2 0 0 0 0 0 0 0 0 0 0 0 0 0
695 1125 (PhotonicModulat) S 333 333 0 0 -1 1077936192 326 457972 71 224 12 6 1245 2251 20 0 307 0 5777 2187878400 29340 18446744073709551615 1 1 0 0 0 0 4612 1 1073775864 0 0 0 -1 0 0 0 0 0 0 0 0 0 0 0 0 0 0
695 1130 (ContextualSSArc) S 333 333 0 0 -1 1077936192 163 457972 87 224 2 1 1245 2251 20 0 307 0 5780 2187878400 29340 18446744073709551615 1 1 0 0 0 0 4612 1 1073775864 0 0 0 -1 0 0 0 0 0 0 0 0 0 0 0 0 0 0
695 1132 (HomeLauncherArc) S 333 333 0 0 -1 1077936192 1126 457972 77 224 6 4 1245 2251 20 0 307 0 5782 2187878400 29340 18446744073709551615 1 1 0 0 0 0 4612 1 1073775864 0 0 0 -1 2 0 0 0 0 0 0 0 0 0 0 0 0 0
695 1151 (AmazonPmArcusUt) S 333 333 0 0 -1 1077936192 81 457972 4 224 1 0 1245 2251 20 0 307 0 5834 2187878400 29340 18446744073709551615 1 1 0 0 0 0 4612 1 1073775864 0 0 0 -1 3 0 0 0 0 0 0 0 0 0 0 0 0 0
695 1159 (SyncManager) S 333 333 0 0 -1 1077936448 65256 457972 1331 224 1677 753 1245 2251 30 10 307 0 5844 2187878400 29340 18446744073709551615 1 1 0 0 0 0 4612 1 1073775864 0 0 0 -1 3 0 0 0 0 0 0 0 0 0 0 0 0 0
695 1160 (Binder:695_6) S 333 333 0 0 -1 1077936448 115717 457972 5972 224 13015 5969 1245 2251 20 0 307 0 5848 2187878400 29340 18446744073709551615 1 1 0 0 0 0 4612 1 1073775864 0 0 0 -1 2 0 0 0 0 0 0 0 0 0 0 0 0 0
695 1162 (SyncHandler-0) S 333 333 0 0 -1 1077936192 1593 457972 19 224 12 20 1245 2251 20 0 307 0 5857 2187878400 29340 18446744073709551615 1 1 0 0 0 0 4612 1 1073775864 0 0 0 -1 2 0 0 0 0 0 0 0 0 0 0 0 0 0
695 1184 (UsbService host) S 333 333 0 0 -1 4194368 14 457972 22 224 0 0 1245 2251 20 0 307 0 5872 2187878400 29340 18446744073709551615 1 1 0 0 0 0 4612 1 1073775864 0 0 0 -1 1 0 0 0 0 0 0 0 0 0 0 0 0 0
695 11891 (Binder:695_1B) S 333 333 0 0 -1 1077936448 230783 457972 6153 224 25498 11323 1245 2251 20 0 307 0 31185 2187878400 29340 18446744073709551615 1 1 0 0 0 0 4612 1 1073775864 0 0 0 -1 0 0 0 0 0 0 0 0 0 0 0 0 0 0
695 11941 (Binder:695_1C) S 333 333 0 0 -1 1077936448 219638 457972 7104 224 28103 12839 1245 2251 20 0 307 0 31264 2187878400 29340 18446744073709551615 1 1 0 0 0 0 4612 1 1073775864 0 0 0 -1 0 0 0 0 0 0 0 0 0 0 0 0 0 0
695 12141 (LogRetentionJob) S 333 333 0 0 -1 1077936192 8 457972 0 224 0 0 1245 2251 20 0 307 0 26111907 2187878400 29340 18446744073709551615 1 1 0 0 0 0 4612 1 1073775864 0 0 0 -1 3 0 0 0 0 0 0 0 0 0 0 0 0 0
695 12201 (AmazonFingerPri) S 333 333 0 0 -1 1077936192 7 457972 1 224 0 0 1245 2251 30 10 307 0 268212254 2187878400 29340 18446744073709551615 1 1 0 0 0 0 4612 1 1073775864 0 0 0 -1 2 0 0 0 0 0 0 0 0 0 0 0 0 0
695 12222 (Binder:695_1D) S 333 333 0 0 -1 1077936448 261886 457972 6487 224 32638 14625 1245 2251 20 0 307 0 34633 2187878400 29340 18446744073709551615 1 1 0 0 0 0 4612 1 1073775864 0 0 0 -1 3 0 0 0 0 0 0 0 0 0 0 0 0 0
695 12355 (pool-7-thread-2) S 333 333 0 0 -1 1077936192 36397 457972 963 224 1097 1532 1245 2251 20 0 307 0 37001 2187878400 29340 18446744073709551615 1 1 0 0 0 0 4612 1 1073775864 0 0 0 -1 2 0 0 0 0 0 0 0 0 0 0 0 0 0
695 12456 (AmazonFingerPri) S 333 333 0 0 -1 1077936192 5 457972 0 224 0 0 1245 2251 30 10 307 0 129971582 2187878400 29340 18446744073709551615 1 1 0 0 0 0 4612 1 1073775864 0 0 0 -1 3 0 0 0 0 0 0 0 0 0 0 0 0 0
695 12577 (LogRetentionJob) S 333 333 0 0 -1 1077936192 12 457972 3 224 0 0 1245 2251 20 0 307 0 242105957 2187878400 29340 18446744073709551615 1 1 0 0 0 0 4612 1 1073775864 0 0 0 -1 0 0 0 0 0 0 0 0 0 0 0 0 0 0
695 1258 (Binder:695_7) S 333 333 0 0 -1 1077936448 104872 457972 4854 224 12359 5336 1245 2251 20 0 307 0 5893 2187878400 29340 18446744073709551615 1 1 0 0 0 0 4612 1 1073775864 0 0 0 -1 2 0 0 0 0 0 0 0 0 0 0 0 0 0
695 1261 (Binder:695_8) S 333 333 0 0 -1 1077936448 104636 457972 4367 224 12664 5660 1245 2251 20 0 307 0 5893 2187878400 29340 18446744073709551615 1 1 0 0 0 0 4612 1 1073775864 0 0 0 -1 2 0 0 0 0 0 0 0 0 0 0 0 0 0
695 1262 (Binder:695_9) S 333 333 0 0 -1 1077936448 99121 457972 5899 224 11368 5179 1245 2251 20 0 307 0 5893 2187878400 29340 18446744073709551615 1 1 0 0 0 0 4612 1 1073775864 0 0 0 -1 2 0 0 0 0 0 0 0 0 0 0 0 0 0
695 1263 (Binder:695_A) S 333 333 0 0 -1 1077936448 114089 457972 6673 224 13007 5638 1245 2251 20 0 307 0 5894 2187878400 29340 18446744073709551615 1 1 0 0 0 0 4612 1 1073775864 0 0 0 -1 2 0 0 0 0 0 0 0 0 0 0 0 0 0
695 1264 (Binder:695_B) S 333 333 0 0 -1 1077936448 99058 457972 4014 224 11164 4847 1245 2251 20 0 307 0 5894 2187878400 29340 18446744073709551615 1 1 0 0 0 4096 4612 1 1073775864 0 0 0 -1 2 0 0 0 0 0 0 0 0 0 0 0 0 0
695 1266 (Binder:695_C) S 333 333 0 0 -1 1077936448 106561 457972 6609 224 12489 5617 1245 2251 20 0 307 0 5894 2187878400 29340 18446744073709551615 1 1 0 0 0 0 4612 1 1073775864 0 0 0 -1 2 0 0 0 0 0 0 0 0 0 0 0 0 0
695 1267 (Binder:695_D) S 333 333 0 0 -1 1077936448 107418 457972 6928 224 11358 4813 1245 2251 20 0 307 0 5894 2187878400 29340 18446744073709551615 1 1 0 0 0 4096 4612 1 1073775864 0 0 0 -1 2 0 0 0 0 0 0 0 0 0 0 0 0 0
695 13013 (AmazonFingerPri) S 333 333 0 0 -1 1077936192 6 457972 0 224 0 0 1245 2251 30 10 307 0 60847524 2187878400 29340 18446744073709551615 1 1 0 0 0 0 4612 1 1073775864 0 0 0 -1 0 0 0 0 0 0 0 0 0 0 0 0 0 0
695 13572 (LogRetentionJob) S 333 333 0 0 -1 1077936192 8 457972 3 224 0 0 1245 2251 20 0 307 0 185719 2187878400 29340 18446744073709551615 1 1 0 0 0 0 4612 1 1073775864 0 0 0 -1 2 0 0 0 0 0 0 0 0 0 0 0 0 0
695 1373 (pool-9-thread-1) S 333 333 0 0 -1 1077936192 451 457972 129 224 4 6 1245 2251 20 0 307 0 5926 2187878400 29340 18446744073709551615 1 1 0 0 0 0 4612 1 1073775864 0 0 0 -1 2 0 0 0 0 0 0 0 0 0 0 0 0 0
695 1374 (pool-9-thread-2) S 333 333 0 0 -1 1077936192 416 457972 85 224 4 5 1245 2251 20 0 307 0 5926 2187878400 29340 18446744073709551615 1 1 0 0 0 0 4612 1 1073775864 0 0 0 -1 2 0 0 0 0 0 0 0 0 0 0 0 0 0
695 13746 (LogRetentionJob) S 333 333 0 0 -1 1077936192 9 457972 0 224 0 0 1245 2251 20 0 307 0 164355054 2187878400 29340 18446744073709551615 1 1 0 0 0 0 4612 1 1073775864 0 0 0 -1 0 0 0 0 0 0 0 0 0 0 0 0 0 0
695 13851 (AdbDebuggingMan) S 333 333 0 0 -1 4194368 24 457972 2 224 0 0 1245 2251 20 0 307 0 194105 2187878400 29340 18446744073709551615 1 1 0 0 0 0 4612 1 1073775864 0 0 0 -1 1 0 0 0 0 0 0 0 0 0 0 0 0 0
695 14057 (Binder:695_1E) S 333 333 0 0 -1 1077936448 261231 457972 8053 224 32039 14659 1245 2251 20 0 307 0 204245 2187878400 29340 18446744073709551615 1 1 0 0 0 4096 4612 1 1073775864 0 0 0 -1 2 0 0 0 0 0 0 0 0 0 0 0 0 0
695 1421 (Thread-15) S 333 333 0 0 -1 4194368 6 457972 0 224 0 0 1245 2251 20 0 307 0 5953 2187878400 29340 18446744073709551615 1 1 0 0 0 0 4612 1 1073775864 0 0 0 -1 2 0 0 0 0 0 0 0 0 0 0 0 0 0
695 1429 (NetworkStatsObs) S 333 333 0 0 -1 1077936192 3097 457972 250 224 123 105 1245 2251 20 0 307 0 5956 2187878400 29340 18446744073709551615 1 1 0 0 0 0 4612 1 1073775864 0 0 0 -1 1 0 0 0 0 0 0 0 0 0 0 0 0 0
695 14343 (AmazonFingerPri) S 333 333 0 0 -1 1077936192 5 457972 1 224 0 0 1245 2251 30 10 307 0 26287160 2187878400 29340 18446744073709551615 1 1 0 0 0 0 4612 1 1073775864 0 0 0 -1 0 0 0 0 0 0 0 0 0 0 0 0 0 0
695 14374 (LogRetentionJob) S 333 333 0 0 -1 1077936192 12 457972 1 224 0 0 1245 2251 20 0 307 0 86586829 2187878400 29340 18446744073709551615 1 1 0 0 0 0 4612 1 1073775864 0 0 0 -1 0 0 0 0 0 0 0 0 0 0 0 0 0 0
695 14526 (AudioTrack) S 333 333 0 0 -1 1077936192 5 457972 2 224 0 0 1245 2251 4 -16 307 0 204664830 2187878400 29340 18446744073709551615 1 1 0 0 0 0 4612 1 1073775864 0 0 0 -1 2 0 0 0 0 0 0 0 0 0 0 0 0 0
695 14537 (AudioTrack) S 333 333 0 0 -1 1077936192 5 457972 0 224 0 0 1245 2251 4 -16 307 0 204664908 2187878400 29340 18446744073709551615 1 1 0 0 0 0 4612 1 1073775864 0 0 0 -1 0 0 0 0 0 0 0 0 0 0 0 0 0 0
695 1467 (PerfAnimationAr) S 333 333 0 0 -1 1077936192 111 457972 53 224 2 3 1245 2251 30 10 307 0 5970 2187878400 29340 18446744073709551615 1 1 0 0 0 0 4612 1 1073775864 0 0 0 -1 1 0 0 0 0 0 0 0 0 0 0 0 0 0
695 14742 (AmazonFingerPri) S 333 333 0 0 -1 1077936192 7 457972 3 224 0 0 1245 2251 30 10 307 0 242286254 2187878400 29340 18446744073709551615 1 1 0 0 0 0 4612 1 1073775864 0 0 0 -1 0 0 0 0 0 0 0 0 0 0 0 0 0 0
695 14922 (Binder:695_1F) S 333 333 0 0 -1 1077936448 268779 457972 8721 224 34552 15790 1245 2251 20 0 307 0 223944 2187878400 29340 18446744073709551615 1 1 0 0 0 0 4612 1 1073775864 0 0 0 -1 1 0 0 0 0 0 0 0 0 0 0 0 0 0
695 15088 (Binder:695_20) S 333 333 0 0 -1 1077936448 300374 457972 7451 224 38369 17485 1245 2251 20 0 307 0 224908 2187878400 29340 18446744073709551615 1 1 0 0 0 0 4612 1 1073775864 0 0 0 -1 0 0 0 0 0 0 0 0 0 0 0 0 0 0
695 1525 (pool-2-thread-1) S 333 333 0 0 -1 1077936192 583 457972 165 224 5 4 1245 2251 20 0 307 0 6010 2187878400 29340 18446744073709551615 1 1 0 0 0 0 4612 1 1073775864 0 0 0 -1 1 0 0 0 0 0 0 0 0 0 0 0 0 0
695 15294 (Binder:695_21) S 333 333 0 0 -1 1077936448 333492 457972 6577 224 42137 18765 1245 2251 20 0 307 0 230233 2187878400 29340 18446744073709551615 1 1 0 0 0 0 4612 1 1073775864 0 0 0 -1 2 0 0 0 0 0 0 0 0 0 0 0 0 0
695 15492 (LogRetentionJob) S 333 333 0 0 -1 1077936192 9 457972 0 224 0 0 1245 2251 20 0 307 0 121154176 2187878400 29340 18446744073709551615 1 1 0 0 0 0 4612 1 1073775864 0 0 0 -1 3 0 0 0 0 0 0 0 0 0 0 0 0 0
695 1594 (CCodecWatchdog) S 333 333 0 0 -1 1077936192 1 457972 0 224 0 0 1245 2251 20 0 307 0 6044 2187878400 29340 18446744073709551615 1 1 0 0 0 0 4612 1 1073775864 0 0 0 -1 2 0 0 0 0 0 0 0 0 0 0 0 0 0
695 1596 (NDK MediaCodec_) S 333 333 0 0 -1 1077936192 1 457972 0 224 0 0 1245 2251 4 -16 307 0 6044 2187878400 29340 18446744073709551615 1 1 0 0 0 0 4612 1 1073775864 0 0 0 -1 1 0 0 0 0 0 0 0 0 0 0 0 0 0
695 15969 (AmazonFingerPri) S 333 333 0 0 -1 1077936192 5 457972 0 224 0 0 1245 2251 30 10 307 0 164532139 2187878400 29340 18446744073709551615 1 1 0 0 0 0 4612 1 1073775864 0 0 0 -1 3 0 0 0 0 0 0 0 0 0 0 0 0 0
695 1597 (NDK MediaCodec_) S 333 333 0 0 -1 1077936192 1 457972 0 224 0 0 1245 2251 4 -16 307 0 6044 2187878400 29340 18446744073709551615 1 1 0 0 0 0 4612 1 1073775864 0 0 0 -1 0 0 0 0 0 0 0 0 0 0 0 0 0 0
695 1605 (HwBinder:695_4) S 333 333 0 0 -1 1077936192 5587 457972 291 224 498 149 1245 2251 20 0 307 0 6051 2187878400 29340 18446744073709551615 1 1 0 0 0 0 4612 1 1073775864 0 0 0 -1 2 0 0 0 0 0 0 0 0 0 0 0 0 0
695 1612 (HwBinder:695_5) S 333 333 0 0 -1 1077936192 9391 457972 347 224 797 240 1245 2251 20 0 307 0 6060 2187878400 29340 18446744073709551615 1 1 0 0 0 0 4612 1 1073775864 0 0 0 -1 2 0 0 0 0 0 0 0 0 0 0 0 0 0
695 16757 (AmazonFingerPri) S 333 333 0 0 -1 1077936192 5 457972 0 224 0 0 1245 2251 30 10 307 0 86767127 2187878400 29340 18446744073709551615 1 1 0 0 0 0 4612 1 1073775864 0 0 0 -1 1 0 0 0 0 0 0 0 0 0 0 0 0 0
695 1699 (FireTVKeyPolicy) S 333 333 0 0 -1 1077936192 5 457972 0 224 0 0 1245 2251 18 -2 307 0 6123 2187878400 29340 18446744073709551615 1 1 0 0 0 0 4612 1 1073775864 0 0 0 -1 0 0 0 0 0 0 0 0 0 0 0 0 0 0
695 1752 (Binder:695_E) S 333 333 0 0 -1 1077936448 110456 457972 7376 224 12217 5530 1245 2251 20 0 307 0 6209 2187878400 29340 18446744073709551615 1 1 0 0 0 4096 4612 1 1073775864 0 0 0 -1 2 0 0 0 0 0 0 0 0 0 0 0 0 0
695 1759 (VolumeAliasHand) S 333 333 0 0 -1 1077936192 4 457972 0 224 0 0 1245 2251 20 0 307 0 6215 2187878400 29340 18446744073709551615 1 1 0 0 0 0 4612 1 1073775864 0 0 0 -1 2 0 0 0 0 0 0 0 0 0 0 0 0 0
695 1764 (LeGattConnectio) S 333 333 0 0 -1 1077936192 5 457972 0 224 0 0 1245 2251 20 0 307 0 6226 2187878400 29340 18446744073709551615 1 1 0 0 0 0 4612 1 1073775864 0 0 0 -1 0 0 0 0 0 0 0 0 0 0 0 0 0 0
695 1766 (LeGattScanWorke) S 333 333 0 0 -1 1077936192 5 457972 0 224 0 0 1245 2251 20 0 307 0 6226 2187878400 29340 18446744073709551615 1 1 0 0 0 0 4612 1 1073775864 0 0 0 -1 3 0 0 0 0 0 0 0 0 0 0 0 0 0
695 1767 (LeAdapterReques) S 333 333 0 0 -1 1077936192 5 457972 0 224 0 0 1245 2251 20 0 307 0 6227 2187878400 29340 18446744073709551615 1 1 0 0 0 0 4612 1 1073775864 0 0 0 -1 0 0 0 0 0 0 0 0 0 0 0 0 0 0
695 1773 (RedirectListene) S 333 333 0 0 -1 1077936192 5 457972 0 224 0 0 1245 2251 20 0 307 0 6236 2187878400 29340 18446744073709551615 1 1 0 0 0 0 4612 1 1073775864 0 0 0 -1 0 0 0 0 0 0 0 0 0 0 0 0 0 0
695 1782 (AdvertisingIdAr) S 333 333 0 0 -1 1077936192 9 457972 0 224 0 0 1245 2251 20 0 307 0 6239 2187878400 29340 18446744073709551615 1 1 0 0 0 0 4612 1 1073775864 0 0 0 -1 0 0 0 0 0 0 0 0 0 0 0 0 0 0
695 1794 (AmazonFingerPri) S 333 333 0 0 -1 1077936192 20 457972 6 224 0 0 1245 2251 30 10 307 0 6241 2187878400 29340 18446744073709551615 1 1 0 0 0 0 4612 1 1073775864 0 0 0 -1 1 0 0 0 0 0 0 0 0 0 0 0 0 0
695 1798 (ThreadPriorityB) S 333 333 0 0 -1 1077936448 602 457972 215 224 7 11 1245 2251 20 0 307 0 6242 2187878400 29340 18446744073709551615 1 1 0 0 0 0 4612 1 1073775864 0 0 0 -1 1 0 0 0 0 0 0 0 0 0 0 0 0 0
695 1801 (BtLeManagerThre) S 333 333 0 0 -1 1077936192 97 457972 19 224 0 1 1245 2251 20 0 307 0 6244 2187878400 29340 18446744073709551615 1 1 0 0 0 0 4612 1 1073775864 0 0 0 -1 0 0 0 0 0 0 0 0 0 0 0 0 0 0
695 1802 (pool-8-thread-1) S 333 333 0 0 -1 1077936192 1319 457972 269 224 46 42 1245 2251 20 0 307 0 6247 2187878400 29340 18446744073709551615 1 1 0 0 0 0 4612 1 1073775864 0 0 0 -1 1 0 0 0 0 0 0 0 0 0 0 0 0 0
695 1803 (OsuServerHandle) S 333 333 0 0 -1 1077936192 5 457972 0 224 0 0 1245 2251 20 0 307 0 6250 2187878400 29340 18446744073709551615 1 1 0 0 0 0 4612 1 1073775864 0 0 0 -1 1 0 0 0 0 0 0 0 0 0 0 0 0 0
695 1815 (LogRetentionJob) S 333 333 0 0 -1 1077936192 11 457972 2 224 0 0 1245 2251 20 0 307 0 216185958 2187878400 29340 18446744073709551615 1 1 0 0 0 0 4612 1 1073775864 0 0 0 -1 0 0 0 0 0 0 0 0 0 0 0 0 0 0
695 1828 (PerfArcusLooper) S 333 333 0 0 -1 1077936192 168 457972 67 224 2 1 1245 2251 20 0 307 0 6309 2187878400 29340 18446744073709551615 1 1 0 0 0 0 4612 1 1073775864 0 0 0 -1 1 0 0 0 0 0 0 0 0 0 0 0 0 0
695 1842 (PerfSchedTunerA) S 333 333 0 0 -1 1077936192 127 457972 74 224 1 3 1245 2251 30 10 307 0 6315 2187878400 29340 18446744073709551615 1 1 0 0 0 0 4612 1 1073775864 0 0 0 -1 1 0 0 0 0 0 0 0 0 0 0 0 0 0
695 1855 (SamplingThread) S 333 333 0 0 -1 1077936192 4 457972 0 224 0 0 1245 2251 20 0 307 0 6318 2187878400 29340 18446744073709551615 1 1 0 0 0 0 4612 1 1073775864 0 0 0 -1 3 0 0 0 0 0 0 0 0 0 0 0 0 0
695 18720 (AmazonFingerPri) S 333 333 0 0 -1 1077936192 5 457972 0 224 0 0 1245 2251 30 10 307 0 121327246 2187878400 29340 18446744073709551615 1 1 0 0 0 0 4612 1 1073775864 0 0 0 -1 1 0 0 0 0 0 0 0 0 0 0 0 0 0
695 19126 (LogRetentionJob) S 333 333 0 0 -1 1077936192 9 457972 0 224 0 0 1245 2251 20 0 307 0 52050581 2187878400 29340 18446744073709551615 1 1 0 0 0 0 4612 1 1073775864 0 0 0 -1 1 0 0 0 0 0 0 0 0 0 0 0 0 0
695 19181 (LogRetentionJob) S 333 333 0 0 -1 1077936192 9 457972 0 224 0 0 1245 2251 20 0 307 0 198910962 2187878400 29340 18446744073709551615 1 1 0 0 0 0 4612 1 1073775864 0 0 0 -1 1 0 0 0 0 0 0 0 0 0 0 0 0 0
695 20345 (LogRetentionJob) S 333 333 0 0 -1 1077936192 9 457972 0 224 0 0 1245 2251 20 0 307 0 17483740 2187878400 29340 18446744073709551615 1 1 0 0 0 0 4612 1 1073775864 0 0 0 -1 0 0 0 0 0 0 0 0 0 0 0 0 0 0
695 2100 (LazyTaskWriterT) S 333 333 0 0 -1 1077936192 6802 457972 586 224 125 265 1245 2251 30 10 307 0 6581 2187878400 29340 18446744073709551615 1 1 0 0 0 0 4612 1 1073775864 0 0 0 -1 3 0 0 0 0 0 0 0 0 0 0 0 0 0
695 2102 (StorageUserConn) S 333 333 0 0 -1 1077936192 13 457972 0 224 0 0 1245 2251 20 0 307 0 6583 2187878400 29340 18446744073709551615 1 1 0 0 0 0 4612 1 1073775864 0 0 0 -1 2 0 0 0 0 0 0 0 0 0 0 0 0 0
695 21044 (AmazonFingerPri) S 333 333 0 0 -1 1077936192 5 457972 0 224 0 0 1245 2251 30 10 307 0 52207431 2187878400 29340 18446744073709551615 1 1 0 0 0 0 4612 1 1073775864 0 0 0 -1 3 0 0 0 0 0 0 0 0 0 0 0 0 0
695 21475 (AmazonFingerPri) S 333 333 0 0 -1 1077936192 5 457972 0 224 0 0 1245 2251 30 10 307 0 199091512 2187878400 29340 18446744073709551615 1 1 0 0 0 0 4612 1 1073775864 0 0 0 -1 1 0 0 0 0 0 0 0 0 0 0 0 0 0
695 2211 (AudioPortEventH) S 333 333 0 0 -1 1077936192 603 457972 326 224 3 9 1245 2251 20 0 307 0 6637 2187878400 29340 18446744073709551615 1 1 0 0 0 0 4612 1 1073775864 0 0 0 -1 1 0 0 0 0 0 0 0 0 0 0 0 0 0
695 22517 (AmazonFingerPri) S 333 333 0 0 -1 1077936192 6 457972 0 224 0 0 1245 2251 30 10 307 0 17647085 2187878400 29340 18446744073709551615 1 1 0 0 0 0 4612 1 1073775864 0 0 0 -1 1 0 0 0 0 0 0 0 0 0 0 0 0 0
695 22634 (LogRetentionJob) S 333 333 0 0 -1 1077936192 9 457972 1 224 0 0 1245 2251 20 0 307 0 155716626 2187878400 29340 18446744073709551615 1 1 0 0 0 0 4612 1 1073775864 0 0 0 -1 3 0 0 0 0 0 0 0 0 0 0 0 0 0
695 22653 (LogRetentionJob) S 333 333 0 0 -1 1077936192 11 457972 3 224 0 0 1245 2251 20 0 307 0 207556903 2187878400 29340 18446744073709551615 1 1 0 0 0 0 4612 1 1073775864 0 0 0 -1 2 0 0 0 0 0 0 0 0 0 0 0 0 0
695 2279 (AmazonFingerPri) S 333 333 0 0 -1 1077936192 6 457972 0 224 0 0 1245 2251 30 10 307 0 104047951 2187878400 29340 18446744073709551615 1 1 0 0 0 0 4612 1 1073775864 0 0 0 -1 3 0 0 0 0 0 0 0 0 0 0 0 0 0
695 22974 (LogRetentionJob) S 333 333 0 0 -1 1077936192 9 457972 0 224 0 0 1245 2251 20 0 307 0 112524029 2187878400 29340 18446744073709551615 1 1 0 0 0 0 4612 1 1073775864 0 0 0 -1 1 0 0 0 0 0 0 0 0 0 0 0 0 0
695 24468 (LogRetentionJob) S 333 333 0 0 -1 1077936192 11 457972 8 224 0 0 1245 2251 20 0 307 0 233465958 2187878400 29340 18446744073709551615 1 1 0 0 0 0 4612 1 1073775864 0 0 0 -1 2 0 0 0 0 0 0 0 0 0 0 0 0 0
695 24597 (LogRetentionJob) S 333 333 0 0 -1 1077936192 10 457972 0 224 0 0 1245 2251 20 0 307 0 190274408 2187878400 29340 18446744073709551615 1 1 0 0 0 0 4612 1 1073775864 0 0 0 -1 1 0 0 0 0 0 0 0 0 0 0 0 0 0
695 2489 (pool-7-thread-1) S 333 333 0 0 -1 1077936192 36925 457972 1008 224 1080 1554 1245 2251 20 0 307 0 6947 2187878400 29340 18446744073709551615 1 1 0 0 0 0 4612 1 1073775864 0 0 0 -1 0 0 0 0 0 0 0 0 0 0 0 0 0 0
695 25127 (AmazonFingerPri) S 333 333 0 0 -1 1077936192 5 457972 1 224 0 0 1245 2251 30 10 307 0 112688023 2187878400 29340 18446744073709551615 1 1 0 0 0 0 4612 1 1073775864 0 0 0 -1 1 0 0 0 0 0 0 0 0 0 0 0 0 0
695 25157 (AmazonFingerPri) S 333 333 0 0 -1 1077936192 6 457972 0 224 0 0 1245 2251 30 10 307 0 155892024 2187878400 29340 18446744073709551615 1 1 0 0 0 0 4612 1 1073775864 0 0 0 -1 0 0 0 0 0 0 0 0 0 0 0 0 0 0
695 25397 (AmazonFingerPri) S 333 333 0 0 -1 1077936192 8 457972 0 224 0 0 1245 2251 30 10 307 0 207732746 2187878400 29340 18446744073709551615 1 1 0 0 0 0 4612 1 1073775864 0 0 0 -1 3 0 0 0 0 0 0 0 0 0 0 0 0 0
695 2542 (Okio Watchdog) S 333 333 0 0 -1 1077936192 102 457972 64 224 86 99 1245 2251 20 0 307 0 6967 2187878400 29340 18446744073709551615 1 1 0 0 0 0 4612 1 1073775864 0 0 0 -1 3 0 0 0 0 0 0 0 0 0 0 0 0 0
695 25479 (LogRetentionJob) S 333 333 0 0 -1 1077936192 9 457972 0 224 0 0 1245 2251 20 0 307 0 77960230 2187878400 29340 18446744073709551615 1 1 0 0 0 0 4612 1 1073775864 0 0 0 -1 1 0 0 0 0 0 0 0 0 0 0 0 0 0
695 26957 (AmazonFingerPri) S 333 333 0 0 -1 1077936192 9 457972 2 224 0 0 1245 2251 30 10 307 0 233646255 2187878400 29340 18446744073709551615 1 1 0 0 0 0 4612 1 1073775864 0 0 0 -1 2 0 0 0 0 0 0 0 0 0 0 0 0 0
695 27340 (AmazonFingerPri) S 333 333 0 0 -1 1077936192 5 457972 0 224 0 0 1245 2251 30 10 307 0 190452511 2187878400 29340 18446744073709551615 1 1 0 0 0 0 4612 1 1073775864 0 0 0 -1 3 0 0 0 0 0 0 0 0 0 0 0 0 0
695 27405 (AsyncTask #16) S 333 333 0 0 -1 1077936192 4739 457972 215 224 51 29 1245 2251 30 10 307 0 254950814 2187878400 29340 18446744073709551615 1 1 0 0 0 0 4612 1 1073775864 0 0 0 -1 0 0 0 0 0 0 0 0 0 0 0 0 0 0
695 27645 (AmazonFingerPri) S 333 333 0 0 -1 1077936192 5 457972 1 224 0 0 1245 2251 30 10 307 0 78127720 2187878400 29340 18446744073709551615 1 1 0 0 0 0 4612 1 1073775864 0 0 0 -1 3 0 0 0 0 0 0 0 0 0 0 0 0 0
695 28310 (LogRetentionJob) S 333 333 0 0 -1 1077936192 10 457972 2 224 0 0 1245 2251 20 0 307 0 43395587 2187878400 29340 18446744073709551615 1 1 0 0 0 0 4612 1 1073775864 0 0 0 -1 1 0 0 0 0 0 0 0 0 0 0 0 0 0
695 29014 (LogRetentionJob) S 333 333 0 0 -1 1077936192 8 457972 1 224 0 0 1245 2251 20 0 307 0 8827337 2187878400 29340 18446744073709551615 1 1 0 0 0 0 4612 1 1073775864 0 0 0 -1 1 0 0 0 0 0 0 0 0 0 0 0 0 0
695 29588 (LogRetentionJob) S 333 333 0 0 -1 1077936192 13 457972 4 224 0 0 1245 2251 20 0 307 0 250745958 2187878400 29340 18446744073709551615 1 1 0 0 0 0 4612 1 1073775864 0 0 0 -1 3 0 0 0 0 0 0 0 0 0 0 0 0 0
695 29756 (LogRetentionJob) S 333 333 0 0 -1 1077936192 10 457972 0 224 0 0 1245 2251 20 0 307 0 147084566 2187878400 29340 18446744073709551615 1 1 0 0 0 0 4612 1 1073775864 0 0 0 -1 0 0 0 0 0 0 0 0 0 0 0 0 0 0
695 30600 (LogRetentionJob) S 333 333 0 0 -1 1077936192 12 457972 5 224 0 0 1245 2251 20 0 307 0 259385957 2187878400 29340 18446744073709551615 1 1 0 0 0 0 4612 1 1073775864 0 0 0 -1 0 0 0 0 0 0 0 0 0 0 0 0 0 0
695 30920 (AmazonFingerPri) S 333 333 0 0 -1 1077936192 6 457972 1 224 0 0 1245 2251 30 10 307 0 43567339 2187878400 29340 18446744073709551615 1 1 0 0 0 0 4612 1 1073775864 0 0 0 -1 3 0 0 0 0 0 0 0 0 0 0 0 0 0
695 30945 (AmazonFingerPri) S 333 333 0 0 -1 1077936192 8 457972 4 224 0 0 1245 2251 30 10 307 0 366254 2187878400 29340 18446744073709551615 1 1 0 0 0 0 4612 1 1073775864 0 0 0 -1 2 0 0 0 0 0 0 0 0 0 0 0 0 0
695 31028 (AmazonFingerPri) S 333 333 0 0 -1 1077936192 6 457972 0 224 0 0 1245 2251 30 10 307 0 9006991 2187878400 29340 18446744073709551615 1 1 0 0 0 0 4612 1 1073775864 0 0 0 -1 2 0 0 0 0 0 0 0 0 0 0 0 0 0
695 31588 (LogRetentionJob) S 333 333 0 0 -1 1077936192 10 457972 0 224 0 0 1245 2251 20 0 307 0 103868899 2187878400 29340 18446744073709551615 1 1 0 0 0 0 4612 1 1073775864 0 0 0 -1 1 0 0 0 0 0 0 0 0 0 0 0 0 0
695 31855 (AmazonFingerPri) S 333 333 0 0 -1 1077936192 6 457972 0 224 0 0 1245 2251 30 10 307 0 147251855 2187878400 29340 18446744073709551615 1 1 0 0 0 0 4612 1 1073775864 0 0 0 -1 1 0 0 0 0 0 0 0 0 0 0 0 0 0
695 31983 (AmazonFingerPri) S 333 333 0 0 -1 1077936192 7 457972 0 224 0 0 1245 2251 30 10 307 0 250926254 2187878400 29340 18446744073709551615 1 1 0 0 0 0 4612 1 1073775864 0 0 0 -1 1 0 0 0 0 0 0 0 0 0 0 0 0 0
695 3214 (BtCallback) S 333 333 0 0 -1 1077936192 61 457972 9 224 0 1 1245 2251 20 0 307 0 7572 2187878400 29340 18446744073709551615 1 1 0 0 0 0 4612 1 1073775864 0 0 0 -1 3 0 0 0 0 0 0 0 0 0 0 0 0 0
695 3245 (AmazonFingerPri) S 333 333 0 0 -1 1077936192 7 457972 1 224 0 0 1245 2251 30 10 307 0 69487613 2187878400 29340 18446744073709551615 1 1 0 0 0 0 4612 1 1073775864 0 0 0 -1 0 0 0 0 0 0 0 0 0 0 0 0 0 0
695 32698 (OkHttp Connecti) S 333 333 0 0 -1 1077936192 15 457972 3 224 0 0 1245 2251 20 0 307 0 271464962 2187878400 29340 18446744073709551615 1 1 0 0 0 0 4612 1 1073775864 0 0 0 -1 1 0 0 0 0 0 0 0 0 0 0 0 0 0
695 32725 (LogRetentionJob) S 333 333 0 0 -1 1077936192 9 457972 0 224 0 0 1245 2251 20 0 307 0 69334139 2187878400 29340 18446744073709551615 1 1 0 0 0 0 4612 1 1073775864 0 0 0 -1 0 0 0 0 0 0 0 0 0 0 0 0 0 0
695 3367 (AmazonFingerPri) S 333 333 0 0 -1 1077936192 5 457972 0 224 0 0 1245 2251 30 10 307 0 181812401 2187878400 29340 18446744073709551615 1 1 0 0 0 0 4612 1 1073775864 0 0 0 -1 3 0 0 0 0 0 0 0 0 0 0 0 0 0
695 3390 (LogRetentionJob) S 333 333 0 0 -1 1077936192 10 457972 0 224 0 0 1245 2251 20 0 307 0 138429987 2187878400 29340 18446744073709551615 1 1 0 0 0 0 4612 1 1073775864 0 0 0 -1 0 0 0 0 0 0 0 0 0 0 0 0 0 0
695 353 (LogRetentionJob) S 333 333 0 0 -1 1077936192 9 457972 0 224 0 0 1245 2251 20 0 307 0 181644164 2187878400 29340 18446744073709551615 1 1 0 0 0 0 4612 1 1073775864 0 0 0 -1 3 0 0 0 0 0 0 0 0 0 0 0 0 0
695 4400 (Binder:695_F) S 333 333 0 0 -1 1077936448 104278 457972 6062 224 11585 5068 1245 2251 20 0 307 0 9269 2187878400 29340 18446744073709551615 1 1 0 0 0 0 4612 1 1073775864 0 0 0 -1 2 0 0 0 0 0 0 0 0 0 0 0 0 0
695 4552 (AmazonFingerPri) S 333 333 0 0 -1 1077936192 6 457972 0 224 0 0 1245 2251 30 10 307 0 216366254 2187878400 29340 18446744073709551615 1 1 0 0 0 0 4612 1 1073775864 0 0 0 -1 0 0 0 0 0 0 0 0 0 0 0 0 0 0
695 4634 (AmazonKeyEventL) S 333 333 0 0 -1 1077936192 1175 457972 646 224 51 53 1245 2251 20 0 307 0 9769 2187878400 29340 18446744073709551615 1 1 0 0 0 0 4612 1 1073775864 0 0 0 -1 1 0 0 0 0 0 0 0 0 0 0 0 0 0
695 4882 (Binder:695_10) S 333 333 0 0 -1 1077936448 119382 457972 5492 224 13590 6361 1245 2251 20 0 307 0 10131 2187878400 29340 18446744073709551615 1 1 0 0 0 0 4612 1 1073775864 0 0 0 -1 2 0 0 0 0 0 0 0 0 0 0 0 0 0
695 4949 (LogRetentionJob) S 333 333 0 0 -1 1077936192 12 457972 0 224 0 0 1245 2251 20 0 307 0 34746810 2187878400 29340 18446744073709551615 1 1 0 0 0 0 4612 1 1073775864 0 0 0 -1 3 0 0 0 0 0 0 0 0 0 0 0 0 0
695 5713 (pool-6-thread-1) S 333 333 0 0 -1 1077936192 10935 457972 337 224 652 186 1245 2251 20 0 307 0 12369 2187878400 29340 18446744073709551615 1 1 0 0 0 0 4612 1 1073775864 0 0 0 -1 2 0 0 0 0 0 0 0 0 0 0 0 0 0
695 5832 (AmazonFingerPri) S 333 333 0 0 -1 1077936192 5 457972 0 224 0 0 1245 2251 30 10 307 0 138611723 2187878400 29340 18446744073709551615 1 1 0 0 0 0 4612 1 1073775864 0 0 0 -1 3 0 0 0 0 0 0 0 0 0 0 0 0 0
695 6078 (Binder:695_11) S 333 333 0 0 -1 1077936448 117745 457972 5610 224 13012 5782 1245 2251 20 0 307 0 13684 2187878400 29340 18446744073709551615 1 1 0 0 0 0 4612 1 1073775864 0 0 0 -1 0 0 0 0 0 0 0 0 0 0 0 0 0 0
695 6150 (LogRetentionJob) S 333 333 0 0 -1 1077936192 14 457972 4 224 0 0 1245 2251 20 0 307 0 224825959 2187878400 29340 18446744073709551615 1 1 0 0 0 0 4612 1 1073775864 0 0 0 -1 1 0 0 0 0 0 0 0 0 0 0 0 0 0
695 6304 (Binder:695_12) S 333 333 0 0 -1 1077936448 126110 457972 5713 224 14329 6454 1245 2251 20 0 307 0 14215 2187878400 29340 18446744073709551615 1 1 0 0 0 0 4612 1 1073775864 0 0 0 -1 2 0 0 0 0 0 0 0 0 0 0 0 0 0
695 6513 (LogRetentionJob) S 333 333 0 0 -1 1077936192 9 457972 0 224 0 0 1245 2251 20 0 307 0 173014960 2187878400 29340 18446744073709551615 1 1 0 0 0 0 4612 1 1073775864 0 0 0 -1 3 0 0 0 0 0 0 0 0 0 0 0 0 0
695 6541 (Binder:695_13) S 333 333 0 0 -1 1077936448 124222 457972 7116 224 13564 6077 1245 2251 20 0 307 0 15162 2187878400 29340 18446744073709551615 1 1 0 0 0 0 4612 1 1073775864 0 0 0 -1 2 0 0 0 0 0 0 0 0 0 0 0 0 0
695 6632 (Binder:695_14) S 333 333 0 0 -1 1077936448 158299 457972 6520 224 17442 8030 1245 2251 20 0 307 0 15411 2187878400 29340 18446744073709551615 1 1 0 0 0 0 4612 1 1073775864 0 0 0 -1 2 0 0 0 0 0 0 0 0 0 0 0 0 0
695 6785 (Binder:695_15) S 333 333 0 0 -1 1077936448 141918 457972 5042 224 16104 7038 1245 2251 20 0 307 0 15816 2187878400 29340 18446744073709551615 1 1 0 0 0 0 4612 1 1073775864 0 0 0 -1 2 0 0 0 0 0 0 0 0 0 0 0 0 0
695 695 (Binder:695_3) S 333 333 0 0 -1 1077936448 2791589 457972 44707 224 83056 20514 1245 2251 18 -2 307 0 1304 2187878400 29340 18446744073709551615 1 1 0 0 0 0 4612 1 1073775864 0 0 0 17 2 0 0 0 0 0 0 0 0 0 0 0 0 0
695 701 (Signal Catcher) S 333 333 0 0 -1 1077936192 46 457972 0 224 0 0 1245 2251 0 -20 307 0 1306 2187878400 29340 18446744073709551615 1 1 0 0 0 0 4096 1 1073775864 0 0 0 -1 1 0 0 0 0 0 0 0 0 0 0 0 0 0
695 702 (perfetto_hprof_) S 333 333 0 0 -1 4194368 5 457972 0 224 0 0 1245 2251 0 -20 307 0 1306 2187878400 29340 18446744073709551615 1 1 0 0 0 0 4612 1 1073775864 0 0 0 -1 1 0 0 0 0 0 0 0 0 0 0 0 0 0
695 703 (Jit thread pool) S 333 333 0 0 -1 1077936192 62519 457972 2537 224 387 140 1245 2251 20 0 307 0 1307 2187878400 29340 18446744073709551615 1 1 0 0 0 0 4612 1 1073775864 0 0 0 -1 1 0 0 0 0 0 0 0 0 0 0 0 0 0
695 704 (HeapTaskDaemon) S 333 333 0 0 -1 1077936192 3084683 457972 163106 224 107763 8583 1245 2251 24 4 307 0 1307 2187878400 29340 18446744073709551615 1 1 0 0 0 0 4612 1 1073775864 0 0 0 -1 1 0 0 0 0 0 0 0 0 0 0 0 0 0
695 705 (ReferenceQueueD) S 333 333 0 0 -1 1077936192 2901 457972 2681 224 2097 525 1245 2251 24 4 307 0 1307 2187878400 29340 18446744073709551615 1 1 0 0 0 0 4612 1 1073775864 0 0 0 -1 0 0 0 0 0 0 0 0 0 0 0 0 0 0
695 706 (FinalizerDaemon) S 333 333 0 0 -1 1077936192 7512 457972 1993 224 782 313 1245 2251 24 4 307 0 1307 2187878400 29340 18446744073709551615 1 1 0 0 0 0 4612 1 1073775864 0 0 0 -1 0 0 0 0 0 0 0 0 0 0 0 0 0 0
695 707 (FinalizerWatchd) S 333 333 0 0 -1 1077936192 48 457972 21 224 48 34 1245 2251 24 4 307 0 1307 2187878400 29340 18446744073709551615 1 1 0 0 0 0 4612 1 1073775864 0 0 0 -1 0 0 0 0 0 0 0 0 0 0 0 0 0 0
695 7145 (Timer-43) S 333 333 0 0 -1 1077936192 4 457972 2 224 0 0 1245 2251 20 0 307 0 267852421 2187878400 29340 18446744073709551615 1 1 0 0 0 0 4612 1 1073775864 0 0 0 -1 3 0 0 0 0 0 0 0 0 0 0 0 0 0
695 7260 (AmazonFingerPri) S 333 333 0 0 -1 1077936192 6 457972 1 224 0 0 1245 2251 30 10 307 0 34927250 2187878400 29340 18446744073709551615 1 1 0 0 0 0 4612 1 1073775864 0 0 0 -1 1 0 0 0 0 0 0 0 0 0 0 0 0 0
695 729 (Binder:695_1) S 333 333 0 0 -1 1077936448 138005 457972 4427 224 16626 7203 1245 2251 20 0 307 0 1538 2187878400 29340 18446744073709551615 1 1 0 0 0 0 4612 1 1073775864 0 0 0 -1 2 0 0 0 0 0 0 0 0 0 0 0 0 0
695 730 (Binder:695_2) S 333 333 0 0 -1 1077936448 103056 457972 4559 224 12608 5742 1245 2251 20 0 307 0 1538 2187878400 29340 18446744073709551615 1 1 0 0 0 0 4612 1 1073775864 0 0 0 -1 1 0 0 0 0 0 0 0 0 0 0 0 0 0
695 731 (android.fg) S 333 333 0 0 -1 1077936448 969464 457972 3548 224 24849 18356 1245 2251 20 0 307 0 1579 2187878400 29340 18446744073709551615 1 1 0 0 0 0 4612 1 1073775864 0 0 0 -1 1 0 0 0 0 0 0 0 0 0 0 0 0 0
695 732 (android.ui) S 333 333 0 0 -1 1077936448 11965 457972 2342 224 7181 5705 1245 2251 18 -2 307 0 1579 2187878400 29340 18446744073709551615 1 1 0 0 0 0 4612 1 1073775864 0 0 0 -1 0 0 0 0 0 0 0 0 0 0 0 0 0 0
695 733 (android.io) S 333 333 0 0 -1 1077936192 350743 457972 1179 224 6537 3603 1245 2251 20 0 307 0 1579 2187878400 29340 18446744073709551615 1 1 0 0 0 0 4612 1 1073775864 0 0 0 -1 1 0 0 0 0 0 0 0 0 0 0 0 0 0
695 734 (android.display) S 333 333 0 0 -1 1077936448 41866 457972 6995 224 1544 766 1245 2251 17 -3 307 0 1579 2187878400 29340 18446744073709551615 1 1 0 0 0 0 4612 1 1073775864 0 0 0 -1 1 0 0 0 0 0 0 0 0 0 0 0 0 0
695 735 (android.anim) S 333 333 0 0 -1 1077936192 1595201 457972 13756 224 3440 1710 1245 2251 16 -4 307 0 1579 2187878400 29340 18446744073709551615 1 1 0 0 0 0 4612 1 1073775864 0 0 0 -1 2 0 0 0 0 0 0 0 0 0 0 0 0 0
695 736 (android.anim.lf) S 333 333 0 0 -1 1077936192 1101 457972 753 224 347 259 1245 2251 16 -4 307 0 1579 2187878400 29340 18446744073709551615 1 1 0 0 0 0 4612 1 1073775864 0 0 0 -1 2 0 0 0 0 0 0 0 0 0 0 0 0 0
695 737 (watchdog) S 333 333 0 0 -1 1077936192 8518 457972 172 224 1561 1070 1245 2251 20 0 307 0 1579 2187878400 29340 18446744073709551615 1 1 0 0 0 0 4612 1 1073775864 0 0 0 -1 1 0 0 0 0 0 0 0 0 0 0 0 0 0
695 739 (PackageRecency ) S 333 333 0 0 -1 1077936192 397 457972 149 224 16 9 1245 2251 30 10 307 0 1585 2187878400 29340 18446744073709551615 1 1 0 0 0 0 4612 1 1073775864 0 0 0 -1 1 0 0 0 0 0 0 0 0 0 0 0 0 0
695 740 (android.bg) S 333 333 0 0 -1 1077936448 1059229 457972 32706 224 25593 75116 1245 2251 30 10 307 0 1586 2187878400 29340 18446744073709551615 1 1 0 0 0 0 4612 1 1073775864 0 0 0 -1 1 0 0 0 0 0 0 0 0 0 0 0 0 0
695 741 (ActivityManager) S 333 333 0 0 -1 1077936448 132553 457972 9036 224 14457 33042 1245 2251 18 -2 307 0 1587 2187878400 29340 18446744073709551615 1 1 0 0 0 0 4612 1 1073775864 0 0 0 -1 3 0 0 0 0 0 0 0 0 0 0 0 0 0
695 742 (ActivityManager) S 333 333 0 0 -1 1077936448 53957 457972 1021 224 962 606 1245 2251 18 -2 307 0 1587 2187878400 29340 18446744073709551615 1 1 0 0 0 0 4612 1 1073775864 0 0 0 -1 2 0 0 0 0 0 0 0 0 0 0 0 0 0
695 743 (ActivityManager) S 333 333 0 0 -1 1077936448 4376 457972 2146 224 325 1214 1245 2251 30 10 307 0 1601 2187878400 29340 18446744073709551615 1 1 0 0 0 0 4612 1 1073775864 0 0 0 -1 1 0 0 0 0 0 0 0 0 0 0 0 0 0
695 744 (ActivityManager) S 333 333 0 0 -1 1077936192 3868 457972 1659 224 211 226 1245 2251 30 10 307 0 1601 2187878400 29340 18446744073709551615 1 1 0 0 0 0 4612 1 1073775864 0 0 0 -1 1 0 0 0 0 0 0 0 0 0 0 0 0 0
695 745 (Thread-2) S 333 333 0 0 -1 1077936192 148 457972 290 224 3 200 1245 2251 20 0 307 0 1601 2187878400 29340 18446744073709551615 1 1 0 0 0 0 4612 1 1073775864 0 0 0 -1 0 0 0 0 0 0 0 0 0 0 0 0 0 0
695 746 (OomAdjuster) S 333 333 0 0 -1 1077936448 5214 457972 202 224 8709 35153 1245 2251 10 -10 307 0 1601 2187878400 29340 18446744073709551615 1 1 0 0 0 0 4612 1 1073775864 0 0 0 -1 2 0 0 0 0 0 0 0 0 0 0 0 0 0
695 747 (batterystats-wo) S 333 333 0 0 -1 1077936192 348554 457972 5973 224 4093 3579 1245 2251 20 0 307 0 1604 2187878400 29340 18446744073709551615 1 1 0 0 0 0 4612 1 1073775864 0 0 0 -1 1 0 0 0 0 0 0 0 0 0 0 0 0 0
695 748 (FileObserver) S 333 333 0 0 -1 4194368 83 457972 26 224 0 1 1245 2251 20 0 307 0 1626 2187878400 29340 18446744073709551615 1 1 0 0 0 0 4612 1 1073775864 0 0 0 -1 0 0 0 0 0 0 0 0 0 0 0 0 0 0
695 749 (CpuTracker) S 333 333 0 0 -1 1077936448 7762 457972 421 224 3017 12481 1245 2251 20 0 307 0 1628 2187878400 29340 18446744073709551615 1 1 0 0 0 0 4612 1 1073775864 0 0 0 -1 0 0 0 0 0 0 0 0 0 0 0 0 0 0
695 750 (Thread-3) S 333 333 0 0 -1 1077936192 8 457972 0 224 0 0 1245 2251 18 -2 307 0 1629 2187878400 29340 18446744073709551615 1 1 0 0 0 0 4612 1 1073775864 0 0 0 -1 2 0 0 0 0 0 0 0 0 0 0 0 0 0
695 751 (Thread-4) S 333 333 0 0 -1 1077936192 6 457972 0 224 0 0 1245 2251 18 -2 307 0 1629 2187878400 29340 18446744073709551615 1 1 0 0 0 0 4612 1 1073775864 0 0 0 -1 1 0 0 0 0 0 0 0 0 0 0 0 0 0
695 752 (Thread-5) S 333 333 0 0 -1 1077936192 279 457972 194 224 6078 20542 1245 2251 18 -2 307 0 1629 2187878400 29340 18446744073709551615 1 1 0 0 0 0 4612 1 1073775864 0 0 0 -1 2 0 0 0 0 0 0 0 0 0 0 0 0 0
695 753 (AmazonPowerMana) S 333 333 0 0 -1 1077936192 1192 457972 268 224 102 35 1245 2251 25 5 307 0 1630 2187878400 29340 18446744073709551615 1 1 0 0 0 0 4612 1 1073775864 0 0 0 -1 2 0 0 0 0 0 0 0 0 0 0 0 0 0
695 754 (SuspendToRamVen) S 333 333 0 0 -1 1077936192 46 457972 22 224 0 0 1245 2251 25 5 307 0 1630 2187878400 29340 18446744073709551615 1 1 0 0 0 0 4612 1 1073775864 0 0 0 -1 3 0 0 0 0 0 0 0 0 0 0 0 0 0
695 755 (HomeLauncherCal) S 333 333 0 0 -1 1077936448 208 457972 53 224 8 8 1245 2251 25 5 307 0 1630 2187878400 29340 18446744073709551615 1 1 0 0 0 0 4612 1 1073775864 0 0 0 -1 0 0 0 0 0 0 0 0 0 0 0 0 0 0
695 756 (PowerManagerSer) S 333 333 0 0 -1 1077936448 8853 457972 1299 224 2272 2025 1245 2251 10 -10 307 0 1630 2187878400 29340 18446744073709551615 1 1 0 0 0 0 4612 1 1073775864 0 0 0 -1 1 0 0 0 0 0 0 0 0 0 0 0 0 0
695 757 (HwBinder:695_1) S 333 333 0 0 -1 1077936192 3865 457972 365 224 327 102 1245 2251 20 0 307 0 1631 2187878400 29340 18446744073709551615 1 1 0 0 0 0 4612 1 1073775864 0 0 0 -1 0 0 0 0 0 0 0 0 0 0 0 0 0 0
695 758 (BatteryStats_wa) S 333 333 0 0 -1 1077936192 6 457972 0 224 0 0 1245 2251 18 -2 307 0 1631 2187878400 29340 18446744073709551615 1 1 0 0 0 0 4612 1 1073775864 0 0 0 -1 2 0 0 0 0 0 0 0 0 0 0 0 0 0
695 760 (PackageManager) S 333 333 0 0 -1 1077936192 6 457972 0 224 0 0 1245 2251 30 10 307 0 1639 2187878400 29340 18446744073709551615 1 1 0 0 0 0 4612 1 1073775864 0 0 0 -1 1 0 0 0 0 0 0 0 0 0 0 0 0 0
695 761 (PackageManager) S 333 333 0 0 -1 1077936448 441146 457972 8483 224 13752 4646 1245 2251 30 10 307 0 1652 2187878400 29340 18446744073709551615 1 1 0 0 0 0 4612 1 1073775864 0 0 0 -1 2 0 0 0 0 0 0 0 0 0 0 0 0 0
695 772 (PackageInstalle) S 333 333 0 0 -1 1077936192 181457 457972 4195 224 3260 846 1245 2251 20 0 307 0 2983 2187878400 29340 18446744073709551615 1 1 0 0 0 0 4612 1 1073775864 0 0 0 -1 1 0 0 0 0 0 0 0 0 0 0 0 0 0
695 7739 (Binder:695_16) S 333 333 0 0 -1 1077936448 147538 457972 5732 224 16943 7346 1245 2251 20 0 307 0 18295 2187878400 29340 18446744073709551615 1 1 0 0 0 0 4612 1 1073775864 0 0 0 -1 2 0 0 0 0 0 0 0 0 0 0 0 0 0
695 775 (HealthServiceHw) S 333 333 0 0 -1 1077936192 6 457972 0 224 0 0 1245 2251 20 0 307 0 3058 2187878400 29340 18446744073709551615 1 1 0 0 0 0 4612 1 1073775864 0 0 0 -1 0 0 0 0 0 0 0 0 0 0 0 0 0 0
695 778 (RollbackPackage) S 333 333 0 0 -1 1077936192 9 457972 0 224 0 0 1245 2251 20 0 307 0 3060 2187878400 29340 18446744073709551615 1 1 0 0 0 0 4612 1 1073775864 0 0 0 -1 1 0 0 0 0 0 0 0 0 0 0 0 0 0
695 779 (RollbackManager) S 333 333 0 0 -1 1077936192 1662 457972 327 224 67 43 1245 2251 20 0 307 0 3061 2187878400 29340 18446744073709551615 1 1 0 0 0 0 4612 1 1073775864 0 0 0 -1 3 0 0 0 0 0 0 0 0 0 0 0 0 0
695 7793 (LogRetentionJob) S 333 333 0 0 -1 1077936192 10 457972 1 224 0 0 1245 2251 20 0 307 0 95242888 2187878400 29340 18446744073709551615 1 1 0 0 0 0 4612 1 1073775864 0 0 0 -1 0 0 0 0 0 0 0 0 0 0 0 0 0 0
695 781 (AccountManagerS) S 333 333 0 0 -1 1077936192 2608 457972 1102 224 79 36 1245 2251 18 -2 307 0 3064 2187878400 29340 18446744073709551615 1 1 0 0 0 0 4612 1 1073775864 0 0 0 -1 1 0 0 0 0 0 0 0 0 0 0 0 0 0
695 782 (SettingsProvide) S 333 333 0 0 -1 1077936192 11720 457972 1160 224 604 237 1245 2251 30 10 307 0 3067 2187878400 29340 18446744073709551615 1 1 0 0 0 0 4612 1 1073775864 0 0 0 -1 1 0 0 0 0 0 0 0 0 0 0 0 0 0
695 787 (AlarmManager) S 333 333 0 0 -1 1077936448 20603 457972 881 224 1725 1490 1245 2251 20 0 307 0 3142 2187878400 29340 18446744073709551615 1 1 0 0 0 0 4612 1 1073775864 0 0 0 -1 1 0 0 0 0 0 0 0 0 0 0 0 0 0
695 789 (AmazonAccMgrCal) S 333 333 0 0 -1 1077936192 5 457972 0 224 0 0 1245 2251 30 10 307 0 3150 2187878400 29340 18446744073709551615 1 1 0 0 0 0 4612 1 1073775864 0 0 0 -1 1 0 0 0 0 0 0 0 0 0 0 0 0 0
695 790 (MagnifierSettin) S 333 333 0 0 -1 1077936192 5 457972 0 224 0 0 1245 2251 20 0 307 0 3152 2187878400 29340 18446744073709551615 1 1 0 0 0 0 4612 1 1073775864 0 0 0 -1 2 0 0 0 0 0 0 0 0 0 0 0 0 0
695 792 (CustomAppLaunch) S 333 333 0 0 -1 1077936192 4 457972 0 224 0 0 1245 2251 25 5 307 0 3155 2187878400 29340 18446744073709551615 1 1 0 0 0 0 4612 1 1073775864 0 0 0 -1 2 0 0 0 0 0 0 0 0 0 0 0 0 0
695 793 (UEventObserver) S 333 333 0 0 -1 4194624 730 457972 284 224 30 34 1245 2251 20 0 307 0 3156 2187878400 29340 18446744073709551615 1 1 0 0 0 0 4612 1 1073775864 0 0 0 -1 1 0 0 0 0 0 0 0 0 0 0 0 0 0
695 794 (AmazonWindowMet) S 333 333 0 0 -1 1077936192 6915 457972 1029 224 131 46 1245 2251 20 0 307 0 3157 2187878400 29340 18446744073709551615 1 1 0 0 0 0 4612 1 1073775864 0 0 0 -1 2 0 0 0 0 0 0 0 0 0 0 0 0 0
695 795 (ArcusConfig) S 333 333 0 0 -1 1077936192 151 457972 102 224 2 2 1245 2251 20 0 307 0 3157 2187878400 29340 18446744073709551615 1 1 0 0 0 0 4612 1 1073775864 0 0 0 -1 1 0 0 0 0 0 0 0 0 0 0 0 0 0
695 796 (PipUpdateHandle) S 333 333 0 0 -1 1077936192 5 457972 0 224 0 0 1245 2251 20 0 307 0 3157 2187878400 29340 18446744073709551615 1 1 0 0 0 0 4612 1 1073775864 0 0 0 -1 2 0 0 0 0 0 0 0 0 0 0 0 0 0
695 797 (InputDispatcher) S 333 333 0 0 -1 1077936192 3772 457972 1974 224 487 1152 1245 2251 12 -8 307 0 3157 2187878400 29340 18446744073709551615 1 1 0 0 0 0 4612 1 1073775864 0 0 0 -1 2 0 0 0 0 0 0 0 0 0 0 0 0 0
695 798 (InputReader) S 333 333 0 0 -1 1077936448 10742 457972 1806 224 567 1247 1245 2251 12 -8 307 0 3157 2187878400 29340 18446744073709551615 1 1 0 0 0 0 4612 1 1073775864 0 0 0 -1 0 0 0 0 0 0 0 0 0 0 0 0 0 0
695 800 (NetworkWatchlis) S 333 333 0 0 -1 1077936192 76852 457972 1164 224 2445 1329 1245 2251 30 10 307 0 3160 2187878400 29340 18446744073709551615 1 1 0 0 0 0 4612 1 1073775864 0 0 0 -1 0 0 0 0 0 0 0 0 0 0 0 0 0 0
695 801 (AppIntegrityMan) S 333 333 0 0 -1 1077936448 30655 457972 4591 224 406 216 1245 2251 20 0 307 0 3160 2187878400 29340 18446744073709551615 1 1 0 0 0 0 4612 1 1073775864 0 0 0 -1 0 0 0 0 0 0 0 0 0 0 0 0 0 0
695 802 (StorageManagerS) S 333 333 0 0 -1 1077936192 1314 457972 160 224 17 13 1245 2251 20 0 307 0 3165 2187878400 29340 18446744073709551615 1 1 0 0 0 0 4612 1 1073775864 0 0 0 -1 2 0 0 0 0 0 0 0 0 0 0 0 0 0
695 8454 (AmazonFingerPri) S 333 333 0 0 -1 1077936192 6 457972 6 224 0 1 1245 2251 30 10 307 0 225006254 2187878400 29340 18446744073709551615 1 1 0 0 0 0 4612 1 1073775864 0 0 0 -1 3 0 0 0 0 0 0 0 0 0 0 0 0 0
695 8880 (Binder:695_17) S 333 333 0 0 -1 1077936448 182387 457972 6052 224 20260 9077 1245 2251 20 0 307 0 20691 2187878400 29340 18446744073709551615 1 1 0 0 0 0 4612 1 1073775864 0 0 0 -1 2 0 0 0 0 0 0 0 0 0 0 0 0 0
695 8961 (AmazonFingerPri) S 333 333 0 0 -1 1077936192 5 457972 0 224 0 0 1245 2251 30 10 307 0 173172283 2187878400 29340 18446744073709551615 1 1 0 0 0 0 4612 1 1073775864 0 0 0 -1 0 0 0 0 0 0 0 0 0 0 0 0 0 0
695 9268 (AudioTrack) S 333 333 0 0 -1 1077936192 8 457972 3 224 0 0 1245 2251 4 -16 307 0 200357252 2187878400 29340 18446744073709551615 1 1 0 0 0 0 4612 1 1073775864 0 0 0 -1 2 0 0 0 0 0 0 0 0 0 0 0 0 0
695 9484 (Binder:695_18) S 333 333 0 0 -1 1077936448 186256 457972 7440 224 22470 10084 1245 2251 20 0 307 0 21846 2187878400 29340 18446744073709551615 1 1 0 0 0 4096 4612 1 1073775864 0 0 0 -1 2 0 0 0 0 0 0 0 0 0 0 0 0 0
695 970 (LockSettingsSer) S 333 333 0 0 -1 1077936192 9 457972 0 224 0 0 1245 2251 30 10 307 0 5587 2187878400 29340 18446744073709551615 1 1 0 0 0 0 4612 1 1073775864 0 0 0 -1 0 0 0 0 0 0 0 0 0 0 0 0 0 0
695 973 (NetworkStats) S 333 333 0 0 -1 1077936448 10356142 457972 7629 224 644896 20000 1245 2251 20 0 307 0 5614 2187878400 29340 18446744073709551615 1 1 0 0 0 0 4612 1 1073775864 0 0 0 -1 3 0 0 0 0 0 0 0 0 0 0 0 0 0
695 974 (NetworkPolicy) S 333 333 0 0 -1 1077936192 2922950 457972 763 224 30522 6227 1245 2251 20 0 307 0 5615 2187878400 29340 18446744073709551615 1 1 0 0 0 0 4612 1 1073775864 0 0 0 -1 0 0 0 0 0 0 0 0 0 0 0 0 0 0
695 975 (tworkPolicy.uid) S 333 333 0 0 -1 1077936192 58847 457972 696 224 712 710 1245 2251 18 -2 307 0 5615 2187878400 29340 18446744073709551615 1 1 0 0 0 0 4612 1 1073775864 0 0 0 -1 0 0 0 0 0 0 0 0 0 0 0 0 0 0
695 976 (AsyncChannelHan) S 333 333 0 0 -1 1077936192 6 457972 0 224 0 0 1245 2251 20 0 307 0 5619 2187878400 29340 18446744073709551615 1 1 0 0 0 0 4612 1 1073775864 0 0 0 -1 1 0 0 0 0 0 0 0 0 0 0 0 0 0
695 977 (WifiHandlerThre) S 333 333 0 0 -1 1077936448 2270963 457972 14547 224 63098 21982 1245 2251 20 0 307 0 5619 2187878400 29340 18446744073709551615 1 1 0 0 0 0 4612 1 1073775864 0 0 0 -1 2 0 0 0 0 0 0 0 0 0 0 0 0 0
695 978 (WifiP2pService) S 333 333 0 0 -1 1077936192 1492 457972 493 224 22 23 1245 2251 20 0 307 0 5619 2187878400 29340 18446744073709551615 1 1 0 0 0 0 4612 1 1073775864 0 0 0 -1 2 0 0 0 0 0 0 0 0 0 0 0 0 0
695 979 (PasspointProvis) S 333 333 0 0 -1 1077936192 86 457972 2 224 4 1 1245 2251 20 0 307 0 5619 2187878400 29340 18446744073709551615 1 1 0 0 0 0 4612 1 1073775864 0 0 0 -1 1 0 0 0 0 0 0 0 0 0 0 0 0 0
695 980 (WifiScanningSer) S 333 333 0 0 -1 1077936448 2681 457972 63 224 78 9 1245 2251 20 0 307 0 5643 2187878400 29340 18446744073709551615 1 1 0 0 0 0 4612 1 1073775864 0 0 0 -1 2 0 0 0 0 0 0 0 0 0 0 0 0 0
695 981 (ConnectivitySer) S 333 333 0 0 -1 1077936192 1223346 457972 2996 224 65007 2947 1245 2251 20 0 307 0 5649 2187878400 29340 18446744073709551615 1 1 0 0 0 0 4612 1 1073775864 0 0 0 -1 3 0 0 0 0 0 0 0 0 0 0 0 0 0
695 9814 (AmazonFingerPri) S 333 333 0 0 -1 1077936192 6 457972 0 224 0 0 1245 2251 30 10 307 0 95407880 2187878400 29340 18446744073709551615 1 1 0 0 0 0 4612 1 1073775864 0 0 0 -1 0 0 0 0 0 0 0 0 0 0 0 0 0 0
695 982 (roid.pacmanager) S 333 333 0 0 -1 1077936192 5 457972 0 224 0 0 1245 2251 20 0 307 0 5649 2187878400 29340 18446744073709551615 1 1 0 0 0 0 4612 1 1073775864 0 0 0 -1 1 0 0 0 0 0 0 0 0 0 0 0 0 0
695 983 (NsdService) S 333 333 0 0 -1 1077936192 6 457972 0 224 0 0 1245 2251 20 0 307 0 5651 2187878400 29340 18446744073709551615 1 1 0 0 0 0 4612 1 1073775864 0 0 0 -1 3 0 0 0 0 0 0 0 0 0 0 0 0 0
695 984 (mDnsConnector) S 333 333 0 0 -1 1077936192 6 457972 0 224 0 0 1245 2251 20 0 307 0 5652 2187878400 29340 18446744073709551615 1 1 0 0 0 0 4612 1 1073775864 0 0 0 -1 0 0 0 0 0 0 0 0 0 0 0 0 0 0
695 985 (ranker) S 333 333 0 0 -1 1077936192 106591 457972 346 224 941 169 1245 2251 30 10 307 0 5655 2187878400 29340 18446744073709551615 1 1 0 0 0 0 4612 1 1073775864 0 0 0 -1 1 0 0 0 0 0 0 0 0 0 0 0 0 0
695 986 (notification-sq) S 333 333 0 0 -1 1077936192 7117 457972 4648 224 375 1340 1245 2251 30 10 307 0 5655 2187878400 29340 18446744073709551615 1 1 0 0 0 0 4612 1 1073775864 0 0 0 -1 3 0 0 0 0 0 0 0 0 0 0 0 0 0
695 987 (onProviders.ECP) S 333 333 0 0 -1 1077936448 106 457972 42 224 4 7 1245 2251 30 10 307 0 5655 2187878400 29340 18446744073709551615 1 1 0 0 0 0 4612 1 1073775864 0 0 0 -1 2 0 0 0 0 0 0 0 0 0 0 0 0 0
695 988 (DeviceStorageMo) S 333 333 0 0 -1 1077936192 21081 457972 747 224 3295 3621 1245 2251 30 10 307 0 5658 2187878400 29340 18446744073709551615 1 1 0 0 0 0 4612 1 1073775864 0 0 0 -1 2 0 0 0 0 0 0 0 0 0 0 0 0 0
695 989 (AS.SfxWorker) S 333 333 0 0 -1 1077936192 554 457972 150 224 36 43 1245 2251 20 0 307 0 5659 2187878400 29340 18446744073709551615 1 1 0 0 0 0 4612 1 1073775864 0 0 0 -1 2 0 0 0 0 0 0 0 0 0 0 0 0 0
695 990 (AudioService) S 333 333 0 0 -1 1077936192 684 457972 301 224 20 18 1245 2251 20 0 307 0 5660 2187878400 29340 18446744073709551615 1 1 0 0 0 0 4612 1 1073775864 0 0 0 -1 0 0 0 0 0 0 0 0 0 0 0 0 0 0
695 991 (AudioDeviceBrok) S 333 333 0 0 -1 1077936192 350 457972 236 224 14 9 1245 2251 20 0 307 0 5662 2187878400 29340 18446744073709551615 1 1 0 0 0 0 4612 1 1073775864 0 0 0 -1 3 0 0 0 0 0 0 0 0 0 0 0 0 0
695 992 (Thread-8) S 333 333 0 0 -1 1077936192 8 457972 0 224 0 0 1245 2251 20 0 307 0 5673 2187878400 29340 18446744073709551615 1 1 0 0 0 0 4612 1 1073775864 0 0 0 -1 0 0 0 0 0 0 0 0 0 0 0 0 0 0
695 994 (HwBinder:695_2) S 333 333 0 0 -1 1077936192 3072 457972 275 224 267 83 1245 2251 20 0 307 0 5676 2187878400 29340 18446744073709551615 1 1 0 0 0 0 4612 1 1073775864 0 0 0 -1 2 0 0 0 0 0 0 0 0 0 0 0 0 0
695 995 (HwBinder:695_3) S 333 333 0 0 -1 1077936192 4103 457972 378 224 331 100 1245 2251 20 0 307 0 5676 2187878400 29340 18446744073709551615 1 1 0 0 0 0 4612 1 1073775864 0 0 0 -1 1 0 0 0 0 0 0 0 0 0 0 0 0 0
695 9959 (Binder:695_19) S 333 333 0 0 -1 1077936448 172269 457972 6421 224 19665 8586 1245 2251 20 0 307 0 22768 2187878400 29340 18446744073709551615 1 1 0 0 0 0 4612 1 1073775864 0 0 0 -1 0 0 0 0 0 0 0 0 0 0 0 0 0 0
695 997 (ConnectivityThr) S 333 333 0 0 -1 1077936192 14080 457972 313 224 247 98 1245 2251 20 0 307 0 5677 2187878400 29340 18446744073709551615 1 1 0 0 0 0 4612 1 1073775864 0 0 0 -1 3 0 0 0 0 0 0 0 0 0 0 0 0 0
695 999 (backup) S 333 333 0 0 -1 1077936192 9 457972 0 224 0 0 1245 2251 30 10 307 0 5678 2187878400 29340 18446744073709551615 1 1 0 0 0 0 4612 1 1073775864 0 0 0 -1 3 0 0 0 0 0 0 0 0 0 0 0 0 0
421 12715 (Binder:421_B) S 1 421 0 0 -1 1077936192 1405 0 1093 0 1119 1273 0 0 20 0 27 0 56183809 99450880 1359 18446744073709551615 1 1 0 0 0 0 0 4096 1073775864 0 0 0 -1 3 0 0 0 0 0 0 0 0 0 0 0 0 0
421 13139 (Binder:421_8) S 1 421 0 0 -1 1077936192 1653 0 1506 0 1211 1469 0 0 20 0 27 0 170936 99450880 1359 18446744073709551615 1 1 0 0 0 0 0 4096 1073775864 0 0 0 -1 0 0 0 0 0 0 0 0 0 0 0 0 0 0
421 1497 (Binder:421_4) S 1 421 0 0 -1 1077936192 1345 0 1625 0 1048 1283 0 0 20 0 27 0 5982 99450880 1359 18446744073709551615 1 1 0 0 0 0 0 4096 1073775864 0 0 0 -1 0 0 0 0 0 0 0 0 0 0 0 0 0 0
421 1755 (Binder:421_5) S 1 421 0 0 -1 1077936192 1180 0 1668 0 930 1111 0 0 20 0 27 0 6211 99450880 1359 18446744073709551615 1 1 0 0 0 0 0 4096 1073775864 0 0 0 -1 0 0 0 0 0 0 0 0 0 0 0 0 0 0
421 20227 (Binder:421_9) S 1 421 0 0 -1 1077936192 1004 0 1190 0 1102 1333 0 0 20 0 27 0 3538829 99450880 1359 18446744073709551615 1 1 0 0 0 0 0 4096 1073775864 0 0 0 -1 0 0 0 0 0 0 0 0 0 0 0 0 0 0
421 2098 (Binder:421_E) S 1 421 0 0 -1 1077936192 1112 0 1287 0 1052 1296 0 0 20 0 27 0 222558174 99450880 1359 18446744073709551615 1 1 0 0 0 0 0 4096 1073775864 0 0 0 -1 0 0 0 0 0 0 0 0 0 0 0 0 0 0
421 2176 (Binder:421_F) S 1 421 0 0 -1 1077936192 1477 0 1716 0 1042 1216 0 0 20 0 27 0 222560643 99450880 1359 18446744073709551615 1 1 0 0 0 0 0 4096 1073775864 0 0 0 -1 2 0 0 0 0 0 0 0 0 0 0 0 0 0
421 22281 (Binder:421_A) S 1 421 0 0 -1 1077936192 1374 0 1701 0 1001 1220 0 0 20 0 27 0 12975899 99450880 1359 18446744073709551615 1 1 0 0 0 0 0 4096 1073775864 0 0 0 -1 1 0 0 0 0 0 0 0 0 0 0 0 0 0
421 2304 (Binder:421_10) S 1 421 0 0 -1 1077936192 1043 0 1313 0 1162 1347 0 0 20 0 27 0 222563395 99450880 1359 18446744073709551615 1 1 0 0 0 0 0 4096 1073775864 0 0 0 -1 0 0 0 0 0 0 0 0 0 0 0 0 0 0
421 2961 (Binder:421_C) S 1 421 0 0 -1 1077936192 955 0 1470 0 806 974 0 0 20 0 27 0 64815230 99450880 1359 18446744073709551615 1 1 0 0 0 0 0 4096 1073775864 0 0 0 -1 0 0 0 0 0 0 0 0 0 0 0 0 0 0
421 30043 (HwBinder:421_3) S 1 421 0 0 -1 1077936192 12 0 11 0 0 0 0 0 20 0 27 0 253212263 99450880 1359 18446744073709551615 1 1 0 0 0 0 0 4096 1073775864 0 0 0 -1 2 0 0 0 0 0 0 0 0 0 0 0 0 0
421 4158 (Binder:421_6) S 1 421 0 0 -1 1077936192 2088 0 2771 0 1117 1312 0 0 20 0 27 0 8659 99450880 1359 18446744073709551615 1 1 0 0 0 0 0 4096 1073775864 0 0 0 -1 1 0 0 0 0 0 0 0 0 0 0 0 0 0
421 421 (audioserver) S 1 421 0 0 -1 1077936384 4954 0 1908 0 1052 1261 0 0 20 0 27 0 859 99450880 1359 18446744073709551615 1 1 0 0 0 0 0 4096 1073775864 0 0 0 17 2 0 0 0 0 0 0 0 0 0 0 0 0 0
421 465 (DeviceEffectMan) S 1 421 0 0 -1 1077936192 40 0 67 0 0 0 0 0 4 -16 27 0 888 99450880 1359 18446744073709551615 1 1 0 0 0 0 0 4096 1073775864 0 0 0 -1 3 0 0 0 0 0 0 0 0 0 0 0 0 0
421 473 (HwBinder:421_1) S 1 421 0 0 -1 1077936192 10 0 8 0 0 0 0 0 20 0 27 0 894 99450880 1359 18446744073709551615 1 1 0 0 0 0 0 4096 1073775864 0 0 0 -1 3 0 0 0 0 0 0 0 0 0 0 0 0 0
421 474 (HwBinder:421_2) S 1 421 0 0 -1 1077936192 30 0 34 0 0 0 0 0 20 0 27 0 894 99450880 1359 18446744073709551615 1 1 0 0 0 0 0 4096 1073775864 0 0 0 -1 3 0 0 0 0 0 0 0 0 0 0 0 0 0
421 6116 (Binder:421_7) S 1 421 0 0 -1 1077936192 1881 0 2432 0 1108 1327 0 0 20 0 27 0 13799 99450880 1359 18446744073709551615 1 1 0 0 0 0 0 4096 1073775864 0 0 0 -1 0 0 0 0 0 0 0 0 0 0 0 0 0 0
421 626 (ApmAudio) S 1 421 0 0 -1 1077936192 220 0 410 0 8 9 0 0 4 -16 27 0 1188 99450880 1359 18446744073709551615 1 1 0 0 0 0 0 4096 1073775864 0 0 0 -1 1 0 0 0 0 0 0 0 0 0 0 0 0 0
421 627 (ApmOutput) S 1 421 0 0 -1 1077936192 1514 0 670 0 1803 706 0 0 4 -16 27 0 1188 99450880 1359 18446744073709551615 1 1 0 0 0 0 0 4096 1073775864 0 0 0 -1 0 0 0 0 0 0 0 0 0 0 0 0 0 0
421 652 (Binder:421_1) S 1 421 0 0 -1 1077936192 1810 0 1890 0 1067 1243 0 0 20 0 27 0 1212 99450880 1359 18446744073709551615 1 1 0 0 0 0 0 4096 1073775864 0 0 0 -1 0 0 0 0 0 0 0 0 0 0 0 0 0 0
421 653 (Binder:421_2) S 1 421 0 0 -1 1077936192 1330 0 1698 0 1060 1325 0 0 20 0 27 0 1212 99450880 1359 18446744073709551615 1 1 0 0 0 0 0 4096 1073775864 0 0 0 -1 0 0 0 0 0 0 0 0 0 0 0 0 0 0
421 683 (AudioOut_D) R 1 421 0 0 -1 4194368 163448 0 4563 0 1208204 1399095 0 0 1 -19 27 0 1276 99450880 1359 18446744073709551615 1 1 0 0 0 0 0 4096 1073775864 0 0 0 -1 1 0 0 0 0 0 0 0 0 0 0 0 0 0
421 688 (FastMixer) S 1 421 0 0 -1 1077936192 1 0 0 0 0 0 0 0 -4 -19 27 0 1294 99450880 1359 18446744073709551615 1 1 0 0 0 0 0 4096 1073775864 0 0 0 -1 3 3 1 0 0 0 0 0 0 0 0 0 0 0
421 689 (AudioOut_15) S 1 421 0 0 -1 1077936192 1000 0 1915 0 327 324 0 0 1 -19 27 0 1294 99450880 1359 18446744073709551615 1 1 0 0 0 0 0 4096 1073775864 0 0 0 -1 0 0 0 0 0 0 0 0 0 0 0 0 0 0
421 7056 (Binder:421_D) S 1 421 0 0 -1 1077936192 834 0 737 0 948 1085 0 0 20 0 27 0 200307787 99450880 1359 18446744073709551615 1 1 0 0 0 0 0 4096 1073775864 0 0 0 -1 2 0 0 0 0 0 0 0 0 0 0 0 0 0
421 773 (Binder:421_3) S 1 421 0 0 -1 1077936192 1468 0 1601 0 1011 1213 0 0 20 0 27 0 3007 99450880 1359 18446744073709551615 1 1 0 0 0 0 0 4096 1073775864 0 0 0 -1 0 0 0 0 0 0 0 0 0 0 0 0 0 0
421 776 (TimeCheckThread) S 1 421 0 0 -1 1077936192 37 0 42 0 803 2408 0 0 1 -19 27 0 3060 99450880 1359 18446744073709551615 1 1 0 0 0 0 0 4096 1073775864 0 0 0 -1 2 0 0 0 0 0 0 0 0 0 0 0 0 0
388 12955 (HwBinder:388_6) S 1 388 0 0 -1 1077952832 6467 0 832 0 4921 5618 0 0 20 0 14 0 254106422 87240704 630 18446744073709551615 1 1 0 0 0 0 0 0 1073775864 0 0 0 -1 1 0 0 0 0 0 0 0 0 0 0 0 0 0
388 1757 (HwBinder:388_3) S 1 388 0 0 -1 1077936448 13081 0 1118 0 19 18 0 0 20 0 14 0 6213 87240704 630 18446744073709551615 1 1 0 0 0 0 0 0 1073775864 0 0 0 -1 3 0 0 0 0 0 0 0 0 0 0 0 0 0
388 2240 (HwBinder:388_4) S 1 388 0 0 -1 1077952832 26812 0 2277 0 6337 7768 0 0 20 0 14 0 6658 87240704 630 18446744073709551615 1 1 0 0 0 0 0 0 1073775864 0 0 0 -1 2 0 0 0 0 0 0 0 0 0 0 0 0 0
388 388 (audio.service) S 1 388 0 0 -1 1077936384 16347 0 790 0 6579 7615 0 0 20 0 14 0 838 87240704 630 18446744073709551615 1 1 0 0 0 0 0 0 1073775864 0 0 0 17 1 0 0 0 0 0 0 0 0 0 0 0 0 0
388 406 (Binder:388_1) S 1 388 0 0 -1 1077936192 12 0 0 0 0 0 0 0 20 0 14 0 853 87240704 630 18446744073709551615 1 1 0 0 0 0 0 0 1073775864 0 0 0 -1 0 0 0 0 0 0 0 0 0 0 0 0 0 0
388 412 (Binder:388_2) S 1 388 0 0 -1 1077936192 2 0 0 0 0 0 0 0 20 0 14 0 856 87240704 630 18446744073709551615 1 1 0 0 0 0 0 0 1073775864 0 0 0 -1 0 0 0 0 0 0 0 0 0 0 0 0 0 0
388 436 (HwBinder:388_1) S 1 388 0 0 -1 1077936192 18248 0 971 0 2537 3281 0 0 20 0 14 0 869 87240704 630 18446744073709551615 1 1 0 0 0 0 0 0 1073775864 0 0 0 -1 3 0 0 0 0 0 0 0 0 0 0 0 0 0
388 437 (HwBinder:388_2) S 1 388 0 0 -1 1077952832 13506 0 2685 0 2653 3316 0 0 20 0 14 0 869 87240704 630 18446744073709551615 1 1 0 0 0 0 0 0 1073775864 0 0 0 -1 3 0 0 0 0 0 0 0 0 0 0 0 0 0
388 668 (audio.service) S 1 388 0 0 -1 1077936192 0 0 0 0 0 0 0 0 20 0 14 0 1231 87240704 630 18446744073709551615 1 1 0 0 0 0 0 0 1073775864 0 0 0 -1 2 0 0 0 0 0 0 0 0 0 0 0 0 0
388 679 (MS12ConfigThrea) S 1 388 0 0 -1 1077936192 1 0 0 0 0 0 0 0 -3 -19 14 0 1269 87240704 630 18446744073709551615 1 1 0 0 0 0 0 0 1073775864 0 0 0 -1 3 2 1 0 0 0 0 0 0 0 0 0 0 0
388 680 (audio.service) S 1 388 0 0 -1 1077936192 269 0 638 0 1 13 0 0 20 0 14 0 1271 87240704 630 18446744073709551615 1 1 0 0 0 0 0 0 1073775864 0 0 0 -1 1 0 0 0 0 0 0 0 0 0 0 0 0 0
388 687 (MixerThread) S 1 388 0 0 -1 1077936192 1 0 0 0 0 0 0 0 1 -19 14 0 1292 87240704 630 18446744073709551615 1 1 0 0 0 0 0 0 1073775864 0 0 0 -1 3 0 0 0 0 0 0 0 0 0 0 0 0 0
388 783 (writer) R 1 388 0 0 -1 4194624 1275 0 1164 0 1597116 1363047 0 0 1 -19 14 0 3095 87240704 630 18446744073709551615 1 1 0 0 0 0 0 0 1073775864 0 0 0 -1 2 0 0 0 0 0 0 0 0 0 0 0 0 0
388 9833 (HwBinder:388_5) S 1 388 0 0 -1 1077952832 47572 0 4920 0 7149 8508 0 0 20 0 14 0 22494 87240704 630 18446744073709551615 1 1 0 0 0 0 0 0 1073775864 0 0 0 -1 2 0 0 0 0 0 0 0 0 0 0 0 0 0
15242 15242 (.deathride.perf) S 333 333 0 0 -1 1077936448 12214 0 39 0 779 363 0 0 10 -10 59 0 271710398 1535410176 35463 18446744073709551615 1 1 0 0 0 0 4612 1 1073775864 0 0 0 17 0 0 0 0 0 0 0 0 0 0 0 0 0 0
15242 15252 (Signal Catcher) S 333 333 0 0 -1 1077936192 58 0 0 0 0 0 0 0 12 -8 59 0 271710404 1535410176 35463 18446744073709551615 1 1 0 0 0 0 4096 1 1073775864 0 0 0 -1 1 0 0 0 0 0 0 0 0 0 0 0 0 0
15242 15253 (perfetto_hprof_) S 333 333 0 0 -1 4194368 10 0 0 0 0 0 0 0 0 -20 59 0 271710404 1535361024 35463 18446744073709551615 1 1 0 0 0 0 4612 1 1073775864 0 0 0 -1 0 0 0 0 0 0 0 0 0 0 0 0 0 0
15242 15254 (ADB-JDWP Connec) S 333 333 0 0 -1 4194368 10 0 0 0 0 0 0 0 0 -20 59 0 271710404 1535410176 35463 18446744073709551615 1 1 0 0 0 0 4612 1 1073775864 0 0 0 -1 1 0 0 0 0 0 0 0 0 0 0 0 0 0
15242 15255 (Jit thread pool) S 333 333 0 0 -1 1077936192 103980 0 700 0 596 147 0 0 20 0 59 0 271710405 1535422464 35466 18446744073709551615 1 1 0 0 0 0 4612 1 1073775864 0 0 0 -1 3 0 0 0 0 0 0 0 0 0 0 0 0 0
15242 15256 (HeapTaskDaemon) S 333 333 0 0 -1 1077936192 18935 0 0 0 257 65 0 0 24 4 59 0 271710405 1535410176 35467 18446744073709551615 1 1 0 0 0 0 4612 1 1073775864 0 0 0 -1 2 0 0 0 0 0 0 0 0 0 0 0 0 0
15242 15257 (ReferenceQueueD) S 333 333 0 0 -1 1077936192 10 0 0 0 12 0 0 0 24 4 59 0 271710405 1535361024 35467 18446744073709551615 1 1 0 0 0 0 4612 1 1073775864 0 0 0 -1 3 0 0 0 0 0 0 0 0 0 0 0 0 0
15242 15258 (FinalizerDaemon) S 333 333 0 0 -1 1077936192 79 0 0 0 2 0 0 0 24 4 59 0 271710405 1535410176 35467 18446744073709551615 1 1 0 0 0 0 4612 1 1073775864 0 0 0 -1 1 0 0 0 0 0 0 0 0 0 0 0 0 0
15242 15259 (FinalizerWatchd) S 333 333 0 0 -1 1077936192 6 0 0 0 0 0 0 0 24 4 59 0 271710405 1535361024 35467 18446744073709551615 1 1 0 0 0 0 4612 1 1073775864 0 0 0 -1 1 0 0 0 0 0 0 0 0 0 0 0 0 0
15242 15260 (Binder:15242_1) S 333 333 0 0 -1 1077936192 49 0 0 0 1 0 0 0 20 0 59 0 271710405 1535410176 35467 18446744073709551615 1 1 0 0 0 0 4612 1 1073775864 0 0 0 -1 3 0 0 0 0 0 0 0 0 0 0 0 0 0
15242 15261 (Binder:15242_2) S 333 333 0 0 -1 1077936192 97 0 0 0 2 0 0 0 20 0 59 0 271710405 1535410176 35470 18446744073709551615 1 1 0 0 0 0 4612 1 1073775864 0 0 0 -1 1 0 0 0 0 0 0 0 0 0 0 0 0 0
15242 15262 (Binder:15242_3) S 333 333 0 0 -1 1077936192 11 0 0 0 0 0 0 0 20 0 59 0 271710407 1535238144 35471 18446744073709551615 1 1 0 0 0 0 4612 1 1073775864 0 0 0 -1 0 0 0 0 0 0 0 0 0 0 0 0 0 0
15242 15263 (Binder:15242_4) S 333 333 0 0 -1 1077936192 16 0 0 0 0 1 0 0 20 0 59 0 271710408 1535422464 35471 18446744073709551615 1 1 0 0 0 0 4612 1 1073775864 0 0 0 -1 3 0 0 0 0 0 0 0 0 0 0 0 0 0
15242 15267 (Profile Saver) S 333 333 0 0 -1 1077936192 2991 0 2 0 51 3 0 0 29 9 59 0 271710460 1535410176 35471 18446744073709551615 1 1 0 0 0 0 4612 1 1073775864 0 0 0 -1 3 0 0 0 0 0 0 0 0 0 0 0 0 0
15242 15268 (RenderThread) S 333 333 0 0 -1 1077936192 552 0 5 0 4 0 0 0 10 -10 59 0 271710466 1535410176 35471 18446744073709551615 1 1 0 0 0 0 4612 1 1073775864 0 0 0 -1 2 0 0 0 0 0 0 0 0 0 0 0 0 0
15242 15278 (deathride-cours) S 333 333 0 0 -1 1077936192 7346 0 6 0 852 16 0 0 33 13 59 0 271710564 1535361024 35475 18446744073709551615 1 1 0 0 0 0 4612 1 1073775864 0 0 0 -1 1 0 0 0 0 0 0 0 0 0 0 0 0 0
15242 15279 (AmazonAccMgrCal) S 333 333 0 0 -1 1077936192 6 0 0 0 0 0 0 0 30 10 59 0 271710602 1535410176 35475 18446744073709551615 1 1 0 0 0 0 4612 1 1073775864 0 0 0 -1 0 0 0 0 0 0 0 0 0 0 0 0 0 0
15242 15280 (GLThread 50499) S 333 333 0 0 -1 1077936192 583602 0 52 0 17594 2955 0 0 16 -4 59 0 271710603 1535361024 35476 18446744073709551615 1 1 0 0 0 0 4612 1 1073775864 0 0 0 -1 1 0 0 0 0 0 0 0 0 0 0 0 0 0
15242 15281 (Binder:PerfStat) S 333 333 0 0 -1 1077936192 11 0 0 0 0 0 0 0 30 10 59 0 271710611 1535410176 35476 18446744073709551615 1 1 0 0 0 0 4612 1 1073775864 0 0 0 -1 3 0 0 0 0 0 0 0 0 0 0 0 0 0
15242 15282 (hwuiTask0) S 333 333 0 0 -1 1077936192 4 0 0 0 0 0 0 0 18 -2 59 0 271710620 1535410176 35476 18446744073709551615 1 1 0 0 0 0 4612 1 1073775864 0 0 0 -1 0 0 0 0 0 0 0 0 0 0 0 0 0 0
15242 15283 (hwuiTask1) S 333 333 0 0 -1 1077936192 13 0 0 0 0 0 0 0 18 -2 59 0 271710620 1535422464 35479 18446744073709551615 1 1 0 0 0 0 4612 1 1073775864 0 0 0 -1 0 0 0 0 0 0 0 0 0 0 0 0 0 0
15242 15286 (RenderThread) S 333 333 0 0 -1 1077936192 301 0 0 0 440 446 0 0 10 -10 59 0 271710623 1535361024 35479 18446744073709551615 1 1 0 0 0 0 4612 1 1073775864 0 0 0 -1 1 0 0 0 0 0 0 0 0 0 0 0 0 0
15242 15297 (CCodecWatchdog) S 333 333 0 0 -1 1077936192 1 0 0 0 0 0 0 0 20 0 59 0 271710700 1535410176 35480 18446744073709551615 1 1 0 0 0 0 4612 1 1073775864 0 0 0 -1 0 0 0 0 0 0 0 0 0 0 0 0 0 0
15242 15298 (NDK MediaCodec_) S 333 333 0 0 -1 1077936192 3 0 0 0 0 0 0 0 4 -16 59 0 271710700 1535410176 35480 18446744073709551615 1 1 0 0 0 0 4612 1 1073775864 0 0 0 -1 3 0 0 0 0 0 0 0 0 0 0 0 0 0
15242 15299 (NDK MediaCodec_) S 333 333 0 0 -1 1077936192 1 0 0 0 0 0 0 0 4 -16 59 0 271710700 1535361024 35480 18446744073709551615 1 1 0 0 0 0 4612 1 1073775864 0 0 0 -1 1 0 0 0 0 0 0 0 0 0 0 0 0 0
15242 15300 (HwBinder:15242_) S 333 333 0 0 -1 1077936192 113 0 0 0 3 1 0 0 10 -10 59 0 271710700 1535410176 35484 18446744073709551615 1 1 0 0 0 0 4612 1 1073775864 0 0 0 -1 1 0 0 0 0 0 0 0 0 0 0 0 0 0
15242 15312 (Binder:15242_5) S 333 333 0 0 -1 1077936192 3 0 0 0 0 1 0 0 20 0 59 0 271710714 1535422464 35484 18446744073709551615 1 1 0 0 0 0 4612 1 1073775864 0 0 0 -1 0 0 0 0 0 0 0 0 0 0 0 0 0 0
15242 15324 (Binder:15242_6) S 333 333 0 0 -1 1077936192 6 0 0 0 0 0 0 0 20 0 59 0 271710724 1535422464 35485 18446744073709551615 1 1 0 0 0 0 4612 1 1073775864 0 0 0 -1 1 0 0 0 0 0 0 0 0 0 0 0 0 0
15242 15338 (deathride-profi) S 333 333 0 0 -1 1077936192 5680 0 3 0 121 21 0 0 33 13 59 0 271710734 1535422464 35485 18446744073709551615 1 1 0 0 0 0 4612 1 1073775864 0 0 0 -1 2 0 0 0 0 0 0 0 0 0 0 0 0 0
15242 15346 (deathride-link-) S 333 333 0 0 -1 1077936192 320 0 0 0 18 6 0 0 33 13 59 0 271710741 1535422464 35485 18446744073709551615 1 1 0 0 0 0 4612 1 1073775864 0 0 0 -1 3 0 0 0 0 0 0 0 0 0 0 0 0 0
15242 15353 (DefaultDispatch) S 333 333 0 0 -1 1077936192 6484 0 0 0 936 235 0 0 33 13 59 0 271710747 1535361024 35485 18446744073709551615 1 1 0 0 0 0 4612 1 1073775864 0 0 0 -1 3 0 0 0 0 0 0 0 0 0 0 0 0 0
15242 15354 (DefaultDispatch) S 333 333 0 0 -1 1077936192 7669 0 1 0 980 216 0 0 33 13 59 0 271710747 1535410176 35485 18446744073709551615 1 1 0 0 0 0 4612 1 1073775864 0 0 0 -1 3 0 0 0 0 0 0 0 0 0 0 0 0 0
15242 15355 (DefaultDispatch) S 333 333 0 0 -1 1077936192 6523 0 0 0 964 208 0 0 33 13 59 0 271710747 1535410176 35488 18446744073709551615 1 1 0 0 0 0 4612 1 1073775864 0 0 0 -1 2 0 0 0 0 0 0 0 0 0 0 0 0 0
15242 15365 (Binder:15242_7) S 333 333 0 0 -1 1077936192 9 0 0 0 2 0 0 0 20 0 59 0 271710757 1535422464 35489 18446744073709551615 1 1 0 0 0 0 4612 1 1073775864 0 0 0 -1 0 0 0 0 0 0 0 0 0 0 0 0 0 0
15242 15417 (DefaultExecutor) S 333 333 0 0 -1 1077936192 162 0 0 0 98 41 0 0 33 13 59 0 271710805 1535410176 35489 18446744073709551615 1 1 0 0 0 0 4612 1 1073775864 0 0 0 -1 0 0 0 0 0 0 0 0 0 0 0 0 0 0
15242 15475 (Binder:15242_8) S 333 333 0 0 -1 1077936192 6 0 0 0 0 0 0 0 20 0 59 0 271710874 1535422464 35489 18446744073709551615 1 1 0 0 0 0 4612 1 1073775864 0 0 0 -1 0 0 0 0 0 0 0 0 0 0 0 0 0 0
15242 15499 (DefaultDispatch) S 333 333 0 0 -1 1077936192 10799 0 4 0 1049 223 0 0 33 13 59 0 271710903 1535373312 35489 18446744073709551615 1 1 0 0 0 0 4612 1 1073775864 0 0 0 -1 3 0 0 0 0 0 0 0 0 0 0 0 0 0
15242 15500 (DefaultDispatch) S 333 333 0 0 -1 1077936192 7663 0 11 0 1000 216 0 0 33 13 59 0 271710904 1535410176 35489 18446744073709551615 1 1 0 0 0 0 4612 1 1073775864 0 0 0 -1 0 0 0 0 0 0 0 0 0 0 0 0 0 0
15242 15501 (DefaultDispatch) S 333 333 0 0 -1 1077936192 7501 0 1 0 978 196 0 0 33 13 59 0 271710904 1535410176 35492 18446744073709551615 1 1 0 0 0 0 4612 1 1073775864 0 0 0 -1 3 0 0 0 0 0 0 0 0 0 0 0 0 0
15242 15506 (DefaultDispatch) S 333 333 0 0 -1 1077936192 63717 0 4 0 2422 285 0 0 33 13 59 0 271710994 1535361024 35492 18446744073709551615 1 1 0 0 0 0 4612 1 1073775864 0 0 0 -1 3 0 0 0 0 0 0 0 0 0 0 0 0 0
15242 15537 (DefaultDispatch) S 333 333 0 0 -1 1077936192 9138 0 1 0 1035 218 0 0 33 13 59 0 271712875 1535410176 35494 18446744073709551615 1 1 0 0 0 0 4612 1 1073775864 0 0 0 -1 0 0 0 0 0 0 0 0 0 0 0 0 0 0
15242 16111 (DefaultDispatch) S 333 333 0 0 -1 1077936192 7994 0 5 0 933 228 0 0 33 13 59 0 271714879 1535410176 35494 18446744073709551615 1 1 0 0 0 0 4612 1 1073775864 0 0 0 -1 1 0 0 0 0 0 0 0 0 0 0 0 0 0
15242 16112 (DefaultDispatch) S 333 333 0 0 -1 1077936192 9045 0 0 0 971 214 0 0 33 13 59 0 271714879 1535361024 35494 18446744073709551615 1 1 0 0 0 0 4612 1 1073775864 0 0 0 -1 3 0 0 0 0 0 0 0 0 0 0 0 0 0
15242 16114 (DefaultDispatch) S 333 333 0 0 -1 1077936192 6827 0 5 0 929 198 0 0 33 13 59 0 271714879 1535422464 35497 18446744073709551615 1 1 0 0 0 0 4612 1 1073775864 0 0 0 -1 1 0 0 0 0 0 0 0 0 0 0 0 0 0
15242 16115 (DefaultDispatch) S 333 333 0 0 -1 1077936192 9888 0 6 0 1009 227 0 0 33 13 59 0 271714879 1535422464 35497 18446744073709551615 1 1 0 0 0 0 4612 1 1073775864 0 0 0 -1 1 0 0 0 0 0 0 0 0 0 0 0 0 0
15242 16116 (DeathRideAudio) S 333 333 0 0 -1 1077936192 1300 0 2 0 408 1423 0 0 20 0 59 0 271714881 1535410176 35498 18446744073709551615 1 1 0 0 0 0 4612 1 1073775864 0 0 0 -1 3 0 0 0 0 0 0 0 0 0 0 0 0 0
15242 16118 (DefaultDispatch) S 333 333 0 0 -1 1077936192 8829 0 7 0 979 195 0 0 33 13 59 0 271714887 1535361024 35498 18446744073709551615 1 1 0 0 0 0 4612 1 1073775864 0 0 0 -1 2 0 0 0 0 0 0 0 0 0 0 0 0 0
15242 16119 (DefaultDispatch) S 333 333 0 0 -1 1077936192 7287 0 1 0 948 209 0 0 33 13 59 0 271714887 1535410176 35498 18446744073709551615 1 1 0 0 0 0 4612 1 1073775864 0 0 0 -1 0 0 0 0 0 0 0 0 0 0 0 0 0 0
15242 16128 (AudioTrack) S 333 333 0 0 -1 1077936192 5 0 0 0 0 0 0 0 4 -16 59 0 271715240 1535361024 35498 18446744073709551615 1 1 0 0 0 0 4612 1 1073775864 0 0 0 -1 2 0 0 0 0 0 0 0 0 0 0 0 0 0
15242 16337 (Binder:15242_9) S 333 333 0 0 -1 1077936192 3 0 0 0 1 0 0 0 20 0 59 0 271722688 1535410176 35501 18446744073709551615 1 1 0 0 0 0 4612 1 1073775864 0 0 0 -1 3 0 0 0 0 0 0 0 0 0 0 0 0 0
15242 16458 (DefaultDispatch) S 333 333 0 0 -1 1077936192 4869 0 2 0 640 132 0 0 33 13 59 0 271725773 1535422464 35501 18446744073709551615 1 1 0 0 0 0 4612 1 1073775864 0 0 0 -1 0 0 0 0 0 0 0 0 0 0 0 0 0 0
15242 16641 (DefaultDispatch) S 333 333 0 0 -1 4194368 4129 0 8 0 427 101 0 0 33 13 59 0 271733523 1535373312 35502 18446744073709551615 1 1 0 0 0 0 4612 1 1073775864 0 0 0 -1 0 0 0 0 0 0 0 0 0 0 0 0 0 0
15242 17145 (AudioTrack) S 333 333 0 0 -1 1077936192 5 0 0 0 0 0 0 0 4 -16 59 0 271745594 1535410176 35502 18446744073709551615 1 1 0 0 0 0 4612 1 1073775864 0 0 0 -1 3 0 0 0 0 0 0 0 0 0 0 0 0 0
15242 17244 (AudioTrack) S 333 333 0 0 -1 1077936192 5 0 0 0 0 0 0 0 4 -16 59 0 271749642 1535422464 35502 18446744073709551615 1 1 0 0 0 0 4612 1 1073775864 0 0 0 -1 3 0 0 0 0 0 0 0 0 0 0 0 0 0
15242 17291 (AudioTrack) S 333 333 0 0 -1 1077936192 4 0 0 0 0 0 0 0 4 -16 59 0 271751010 1535410176 35503 18446744073709551615 1 1 0 0 0 0 4612 1 1073775864 0 0 0 -1 1 0 0 0 0 0 0 0 0 0 0 0 0 0
15242 17305 (AudioTrack) S 333 333 0 0 -1 1077936192 5 0 0 0 0 0 0 0 4 -16 59 0 271751321 1535361024 35506 18446744073709551615 1 1 0 0 0 0 4612 1 1073775864 0 0 0 -1 0 0 0 0 0 0 0 0 0 0 0 0 0 0
15242 17308 (AudioTrack) S 333 333 0 0 -1 1077936192 4 0 0 0 0 0 0 0 4 -16 59 0 271751347 1535410176 35506 18446744073709551615 1 1 0 0 0 0 4612 1 1073775864 0 0 0 -1 2 0 0 0 0 0 0 0 0 0 0 0 0 0
15242 17312 (AudioTrack) S 333 333 0 0 -1 1077936192 5 0 0 0 0 0 0 0 4 -16 59 0 271751488 1535361024 35507 18446744073709551615 1 1 0 0 0 0 4612 1 1073775864 0 0 0 -1 3 0 0 0 0 0 0 0 0 0 0 0 0 0
15242 17313 (AudioTrack) S 333 333 0 0 -1 1077936192 4 0 0 0 0 0 0 0 4 -16 59 0 271751513 1535373312 35507 18446744073709551615 1 1 0 0 0 0 4612 1 1073775864 0 0 0 -1 3 0 0 0 0 0 0 0 0 0 0 0 0 0
==schedstat
421 12715 23922840595 20994067286 286332
421 13139 26817535809 24497287663 324167
421 1497 23320614872 21074000694 279133
421 1755 20420125663 18006996645 238880
421 20227 24363132441 22587852843 299170
421 2098 23484933604 19718259266 294775
421 2176 22591929618 18577831568 271572
421 22281 22213663280 21141697748 273960
421 2304 25105561251 19876385252 298727
421 2961 17811715696 17010960587 221423
421 30043 2200073 176156 19
421 4158 24291742097 21276654855 285899
421 421 23139915960 20994119622 280133
421 465 3817386 3586000 26
421 473 700538 23077 3
421 474 5513311 1148228 59
421 6116 24359586342 21732927149 299965
421 626 176728151 60724926 2277
421 627 25101627785 4939033670 84574
421 652 23110796067 21076917621 274443
421 653 23858077851 22143907525 290128
421 683 26073943105472 2957329880237 986677030
421 688 116308 0 1
421 689 6525218893 3116605431 83090
421 7056 20338058996 16524738251 247955
421 773 22250075154 19288702372 274149
421 776 32120554712 9252440000 1480706
388 12955 105400353871 29222529898 598565
388 1757 377073144 341846247 2049
388 2240 141059672007 72804280183 782032
388 388 141948084236 40930853493 814565
388 406 467692 30257231 2
388 412 105231 27846 1
388 436 58188772131 50466912943 316935
388 437 59702425187 50572692767 322256
388 668 103846 7787616 1
388 679 171539 71769 1
388 680 147145386 27965081 525
388 687 117308 219846 2
388 783 29602801742530 2858026767723 984532761
388 9833 156577838289 51159942322 900108
15242 15242 11485348581 8593852744 33901
15242 15252 932077 304615 2
15242 15253 355692 0 1
15242 15254 582307 0 1
15242 15255 7439444232 2430467633 20274
15242 15256 3236532884 1688693038 12449
15242 15257 130744544 85985304 189
15242 15258 25486921 2712154 77
15242 15259 3650766 17794156 76
15242 15260 16683845 35632393 252
15242 15261 24094383 48886619 339
15242 15262 12755461 45683387 260
15242 15263 18664468 40146851 378
15242 15267 548431303 246451924 533
15242 15268 55335386 6715462 67
15242 15278 8683038085 2104802404 10785
15242 15279 811076 30539 2
15242 15280 206354552908 37040153041 621040
15242 15281 2040999 515616 2
15242 15282 492846 28290308 2
15242 15283 1106154 1401231 3
15242 15286 8911225709 1563773903 57693
15242 15297 353769 305770 4
15242 15298 5628382 10270465 63
15242 15299 966538 5002924 10
15242 15300 54344154 35670310 479
15242 15312 16546769 53512152 363
15242 15324 1867847 5765615 25
15242 15338 1428681015 1200978384 10533
15242 15346 254285010 415140608 1232
15242 15353 11724377702 33881872673 101318
15242 15354 11967805591 35237534282 104809
15242 15355 11731458126 33919378490 105041
15242 15365 21113996 72514450 457
15242 15417 1390284563 4691301395 19607
15242 15475 5727220 12633234 114
15242 15499 12728952971 34676024457 110947
15242 15500 12164425588 34050174406 104472
15242 15501 11751868509 34365442002 103968
15242 15506 27076788832 36043707270 116111
15242 15537 12542900335 34242751029 100216
15242 16111 11623155298 33864883266 105296
15242 16112 11851264685 33199378818 103406
15242 16114 11278890537 33983104131 104660
15242 16115 12377408384 34232330515 105284
15242 16116 18330610218 10000614722 92595
15242 16118 11740965979 33862021986 100785
15242 16119 11573990902 34391087269 103886
15242 16128 2563618 71925 51
15242 16337 12527924 31239301 279
15242 16458 7724273413 23862824625 72441
15242 16641 5294992165 16098260160 46648
15242 17145 1223229 17548540 45
15242 17244 1818379 12159616 42
15242 17291 621694 31615 6
15242 17305 836538 5233615 11
15242 17308 857690 1497231 34
15242 17312 634464 6615 7
15242 17313 469616 108231 3
==net
Inter-|   Receive                                                |  Transmit
 face |bytes    packets errs drop fifo frame compressed multicast|bytes    packets errs drop fifo colls carrier compressed
    lo: 5115815  132575    0    0    0     0          0         0  5115815  132575    0    0    0     0       0          0
dummy0:       0       0    0    0    0     0          0         0   167547    1110    0    0    0     0       0          0
  ifb0:       0       0    0    0    0     0          0         0        0       0    0    0    0     0       0          0
  ifb1:       0       0    0    0    0     0          0         0        0       0    0    0    0     0       0          0
 tunl0:       0       0    0    0    0     0          0         0        0       0    0    0    0     0       0          0
  gre0:       0       0    0    0    0     0          0         0        0       0    0    0    0     0       0          0
gretap0:       0       0    0    0    0     0          0         0        0       0    0    0    0     0       0          0
erspan0:       0       0    0    0    0     0          0         0        0       0    0    0    0     0       0          0
ip_vti0:       0       0    0    0    0     0          0         0        0       0    0    0    0     0       0          0
ip6_vti0:       0       0    0    0    0     0          0         0        0       0    0    0    0     0       0          0
  sit0:       0       0    0    0    0     0          0         0        0       0    0    0    0     0       0          0
ip6tnl0:       0       0    0    0    0     0          0         0        0       0    0    0    0     0       0          0
ip6gre0:       0       0    0    0    0     0          0         0        0       0    0    0    0     0       0          0
 wlan0: 5314971124 10044771    0    0    0     0          0         0 17319460531 16645400   18    0    0     0       0          0
  p2p0:       0       0    0    0    0     0          0         0        0       0    0    0    0     0       0          0
   ap0:       0       0    0    0    0     0          0         0        0       0    0    0    0     0       0          0
==uptime
2717534.02 9929446.64
