695 1000 (GraphicsStats-d) S 333 333 0 0 -1 1077936448 2492 450442 2658 220 45 235 1229 2211 30 10 307 0 5680 2170253312 25180 18446744073709551615 1 1 0 0 0 0 4612 1 1073775864 0 0 0 -1 0 0 0 0 0 0 0 0 0 0 0 0 0 0
695 10009 (LogRetentionJob) S 333 333 0 0 -1 1077936192 13 450442 6 220 0 0 1229 2211 20 0 307 0 268025958 2170253312 25180 18446744073709551615 1 1 0 0 0 0 4612 1 1073775864 0 0 0 -1 3 0 0 0 0 0 0 0 0 0 0 0 0 0
695 1002 (BlobStore) S 333 333 0 0 -1 1077936192 238 450442 20 220 2 8 1229 2211 20 0 307 0 5681 2170253312 25180 18446744073709551615 1 1 0 0 0 0 4612 1 1073775864 0 0 0 -1 1 0 0 0 0 0 0 0 0 0 0 0 0 0
695 1003 (SessionRecordTh) S 333 333 0 0 -1 1077936192 116 450442 330 220 0 12 1229 2211 20 0 307 0 5681 2170253312 25180 18446744073709551615 1 1 0 0 0 0 4612 1 1073775864 0 0 0 -1 3 0 0 0 0 0 0 0 0 0 0 0 0 0
695 1004 (Hdmi Control Io) S 333 333 0 0 -1 1077936192 1443 450442 159 220 37 35 1229 2211 20 0 307 0 5681 2170253312 25180 18446744073709551615 1 1 0 0 0 0 4612 1 1073775864 0 0 0 -1 0 0 0 0 0 0 0 0 0 0 0 0 0 0
695 1005 (SliceManagerSer) S 333 333 0 0 -1 1077936192 261 450442 54 220 1 0 1229 2211 30 10 307 0 5685 2170691584 25296 18446744073709551615 1 1 0 0 0 0 4612 1 1073775864 0 0 0 -1 3 0 0 0 0 0 0 0 0 0 0 0 0 0
695 1006 (StatsCompanionS) S 333 333 0 0 -1 1077936192 5 450442 0 220 0 0 1229 2211 20 0 307 0 5686 2171785216 25539 18446744073709551615 1 1 0 0 0 0 4612 1 1073775864 0 0 0 -1 3 0 0 0 0 0 0 0 0 0 0 0 0 0
695 1012 (FireTvDeepLinkS) S 333 333 0 0 -1 1077936192 5 450442 0 220 0 0 1229 2211 25 5 307 0 5704 2172223488 25662 18446744073709551615 1 1 0 0 0 0 4612 1 1073775864 0 0 0 -1 2 0 0 0 0 0 0 0 0 0 0 0 0 0
695 10124 (LogRetentionJob) S 333 333 0 0 -1 1077936192 10 450442 0 220 0 0 1229 2211 20 0 307 0 129792585 2172223488 25662 18446744073709551615 1 1 0 0 0 0 4612 1 1073775864 0 0 0 -1 3 0 0 0 0 0 0 0 0 0 0 0 0 0
695 1013 (AmazonInputMana) S 333 333 0 0 -1 1077936192 255 450442 64 220 1 5 1229 2211 25 5 307 0 5704 2172223488 25662 18446744073709551615 1 1 0 0 0 0 4612 1 1073775864 0 0 0 -1 1 0 0 0 0 0 0 0 0 0 0 0 0 0
695 1014 (ArcusHandlerThr) S 333 333 0 0 -1 1077936448 4422 450442 4449 220 141 264 1229 2211 20 0 307 0 5708 2172223488 25662 18446744073709551615 1 1 0 0 0 0 4612 1 1073775864 0 0 0 -1 3 0 0 0 0 0 0 0 0 0 0 0 0 0
695 1015 (LogRetentionJob) S 333 333 0 0 -1 1077936192 18 450442 7 220 0 0 1229 2211 20 0 307 0 5708 2172223488 25662 18446744073709551615 1 1 0 0 0 0 4612 1 1073775864 0 0 0 -1 2 0 0 0 0 0 0 0 0 0 0 0 0 0
695 1016 (AmzWifiDisplayM) S 333 333 0 0 -1 1077936192 6 450442 0 220 0 0 1229 2211 20 0 307 0 5709 2172223488 25662 18446744073709551615 1 1 0 0 0 0 4612 1 1073775864 0 0 0 -1 2 0 0 0 0 0 0 0 0 0 0 0 0 0
695 1017 (AmazonAudioServ) S 333 333 0 0 -1 1077936192 70 450442 5 220 2 0 1229 2211 20 0 307 0 5709 2172223488 25662 18446744073709551615 1 1 0 0 0 0 4612 1 1073775864 0 0 0 -1 1 0 0 0 0 0 0 0 0 0 0 0 0 0
695 1018 (EventHandler) S 333 333 0 0 -1 1077936192 26 450442 0 220 0 0 1229 2211 20 0 307 0 5709 2172223488 25662 18446744073709551615 1 1 0 0 0 0 4612 1 1073775864 0 0 0 -1 1 0 0 0 0 0 0 0 0 0 0 0 0 0
695 1019 (AmazonWifiServi) S 333 333 0 0 -1 1077936192 3304 450442 610 220 163 80 1229 2211 20 0 307 0 5711 2172223488 25662 18446744073709551615 1 1 0 0 0 0 4612 1 1073775864 0 0 0 -1 1 0 0 0 0 0 0 0 0 0 0 0 0 0
695 1020 (AmazonNetworkUn) S 333 333 0 0 -1 1077936192 88 450442 16 220 2 0 1229 2211 20 0 307 0 5712 2172223488 25662 18446744073709551615 1 1 0 0 0 0 4612 1 1073775864 0 0 0 -1 3 0 0 0 0 0 0 0 0 0 0 0 0 0
695 1021 (AmazonProfileSe) S 333 333 0 0 -1 1077936192 3289 450442 453 220 53 35 1229 2211 25 5 307 0 5713 2172223488 25662 18446744073709551615 1 1 0 0 0 0 4612 1 1073775864 0 0 0 -1 2 0 0 0 0 0 0 0 0 0 0 0 0 0
695 1022 (wakeup_thread) S 333 333 0 0 -1 1077936192 6 450442 0 220 0 0 1229 2211 20 0 307 0 5713 2172223488 25662 18446744073709551615 1 1 0 0 0 0 4612 1 1073775864 0 0 0 -1 2 0 0 0 0 0 0 0 0 0 0 0 0 0
695 1023 (PactArcusHelper) S 333 333 0 0 -1 1077936192 145 450442 90 220 1 2 1229 2211 20 0 307 0 5713 2172223488 25662 18446744073709551615 1 1 0 0 0 0 4612 1 1073775864 0 0 0 -1 3 0 0 0 0 0 0 0 0 0 0 0 0 0
695 1025 (APSArcusHelper) S 333 333 0 0 -1 1077936192 145 450442 97 220 3 1 1229 2211 20 0 307 0 5713 2172223488 25662 18446744073709551615 1 1 0 0 0 0 4612 1 1073775864 0 0 0 -1 3 0 0 0 0 0 0 0 0 0 0 0 0 0
695 1026 (DeviceModelInfo) S 333 333 0 0 -1 1077936192 4 450442 0 220 0 0 1229 2211 25 5 307 0 5714 2172223488 25662 18446744073709551615 1 1 0 0 0 0 4612 1 1073775864 0 0 0 -1 1 0 0 0 0 0 0 0 0 0 0 0 0 0
695 1027 (AmazonHdmiServi) S 333 333 0 0 -1 1077936192 355 450442 218 220 7 11 1229 2211 20 0 307 0 5715 2172223488 25662 18446744073709551615 1 1 0 0 0 0 4612 1 1073775864 0 0 0 -1 0 0 0 0 0 0 0 0 0 0 0 0 0 0
695 1028 (AmazonBuellerSh) S 333 333 0 0 -1 1077936192 8 450442 0 220 0 0 1229 2211 20 0 307 0 5715 2172223488 25662 18446744073709551615 1 1 0 0 0 0 4612 1 1073775864 0 0 0 -1 0 0 0 0 0 0 0 0 0 0 0 0 0 0
695 1029 (FireTvLedManage) S 333 333 0 0 -1 1077936192 7 450442 0 220 0 0 1229 2211 20 0 307 0 5722 2172223488 25662 18446744073709551615 1 1 0 0 0 0 4612 1 1073775864 0 0 0 -1 2 0 0 0 0 0 0 0 0 0 0 0 0 0
695 1030 (Timer-0) S 333 333 0 0 -1 1077936192 138531 450442 557 220 1700 1474 1229 2211 20 0 307 0 5724 2172223488 25662 18446744073709551615 1 1 0 0 0 0 4612 1 1073775864 0 0 0 -1 0 0 0 0 0 0 0 0 0 0 0 0 0 0
695 1031 (TemperatureObse) S 333 333 0 0 -1 1077936192 441 450442 77 220 3 2 1229 2211 30 10 307 0 5724 2172223488 25662 18446744073709551615 1 1 0 0 0 0 4612 1 1073775864 0 0 0 -1 1 0 0 0 0 0 0 0 0 0 0 0 0 0
695 1032 (ThermalEventMon) S 333 333 0 0 -1 1077936192 3113 450442 295 220 38 21 1229 2211 30 10 307 0 5725 2172223488 25662 18446744073709551615 1 1 0 0 0 0 4612 1 1073775864 0 0 0 -1 1 0 0 0 0 0 0 0 0 0 0 0 0 0
695 1033 (CloudPairingAma) S 333 333 0 0 -1 1077936192 6 450442 0 220 0 0 1229 2211 20 0 307 0 5727 2172223488 25662 18446744073709551615 1 1 0 0 0 0 4612 1 1073775864 0 0 0 -1 2 0 0 0 0 0 0 0 0 0 0 0 0 0
695 1034 (CirrusThread) S 333 333 0 0 -1 1077936192 53 450442 31 220 0 0 1229 2211 30 10 307 0 5727 2172223488 25662 18446744073709551615 1 1 0 0 0 0 4612 1 1073775864 0 0 0 -1 2 0 0 0 0 0 0 0 0 0 0 0 0 0
695 1035 (RuntimePersiste) S 333 333 0 0 -1 1077936448 3841 450442 261 220 111 70 1229 2211 20 0 307 0 5727 2172223488 25662 18446744073709551615 1 1 0 0 0 0 4612 1 1073775864 0 0 0 -1 0 0 0 0 0 0 0 0 0 0 0 0 0 0
695 1036 (AmazonUsageStat) S 333 333 0 0 -1 1077936192 6578 450442 2532 220 193 153 1229 2211 30 10 307 0 5728 2172223488 25662 18446744073709551615 1 1 0 0 0 0 4612 1 1073775864 0 0 0 -1 1 0 0 0 0 0 0 0 0 0 0 0 0 0
695 1039 (AmaMessageHandl) S 333 333 0 0 -1 1077936192 5 450442 0 220 0 0 1229 2211 20 0 307 0 5730 2172223488 25662 18446744073709551615 1 1 0 0 0 0 4612 1 1073775864 0 0 0 -1 3 0 0 0 0 0 0 0 0 0 0 0 0 0
695 1040 (DfuWorker) S 333 333 0 0 -1 1077936192 7 450442 0 220 0 0 1229 2211 20 0 307 0 5730 2172223488 25662 18446744073709551615 1 1 0 0 0 0 4612 1 1073775864 0 0 0 -1 1 0 0 0 0 0 0 0 0 0 0 0 0 0
695 1041 (DiscoveryWorker) S 333 333 0 0 -1 1077936192 6 450442 0 220 0 0 1229 2211 20 0 307 0 5730 2172223488 25662 18446744073709551615 1 1 0 0 0 0 4612 1 1073775864 0 0 0 -1 0 0 0 0 0 0 0 0 0 0 0 0 0 0
695 1042 (BulkDataWorker) S 333 333 0 0 -1 1077936192 5 450442 0 220 0 0 1229 2211 20 0 307 0 5730 2172223488 25662 18446744073709551615 1 1 0 0 0 0 4612 1 1073775864 0 0 0 -1 3 0 0 0 0 0 0 0 0 0 0 0 0 0
695 1043 (CloudPairingWor) S 333 333 0 0 -1 1077936192 8 450442 0 220 0 0 1229 2211 20 0 307 0 5730 2172223488 25662 18446744073709551615 1 1 0 0 0 0 4612 1 1073775864 0 0 0 -1 1 0 0 0 0 0 0 0 0 0 0 0 0 0
695 1044 (CrashReporterSe) S 333 333 0 0 -1 1077936192 39 450442 1 220 0 0 1229 2211 25 5 307 0 5731 2172223488 25662 18446744073709551615 1 1 0 0 0 0 4612 1 1073775864 0 0 0 -1 0 0 0 0 0 0 0 0 0 0 0 0 0 0
695 1045 (AmazonProtometr) S 333 333 0 0 -1 1077936192 13109 450442 1565 220 307 114 1229 2211 30 10 307 0 5731 2172223488 25662 18446744073709551615 1 1 0 0 0 0 4612 1 1073775864 0 0 0 -1 1 0 0 0 0 0 0 0 0 0 0 0 0 0
695 1047 (MetricsHandler) S 333 333 0 0 -1 1077936192 334 450442 155 220 15 9 1229 2211 20 0 307 0 5732 2172223488 25662 18446744073709551615 1 1 0 0 0 0 4612 1 1073775864 0 0 0 -1 3 0 0 0 0 0 0 0 0 0 0 0 0 0
695 1048 (AccessoryServic) S 333 333 0 0 -1 1077936192 6 450442 0 220 0 0 1229 2211 20 0 307 0 5732 2172223488 25662 18446744073709551615 1 1 0 0 0 0 4612 1 1073775864 0 0 0 -1 3 0 0 0 0 0 0 0 0 0 0 0 0 0
695 1049 (AmazonEmmcConsu) S 333 333 0 0 -1 1077936192 12175 450442 1178 220 301 116 1229 2211 30 10 307 0 5732 2172223488 25662 18446744073709551615 1 1 0 0 0 0 4612 1 1073775864 0 0 0 -1 0 0 0 0 0 0 0 0 0 0 0 0 0 0
695 1050 (ice.EventHelper) S 333 333 0 0 -1 1077936192 6 450442 0 220 0 0 1229 2211 20 0 307 0 5732 2172223488 25662 18446744073709551615 1 1 0 0 0 0 4612 1 1073775864 0 0 0 -1 0 0 0 0 0 0 0 0 0 0 0 0 0 0
695 10507 (AmazonFingerPri) S 333 333 0 0 -1 1077936192 11 450442 3 220 0 0 1229 2211 30 10 307 0 259566254 2172223488 25662 18446744073709551615 1 1 0 0 0 0 4612 1 1073775864 0 0 0 -1 3 0 0 0 0 0 0 0 0 0 0 0 0 0
695 1051 (ice.EventHelper) S 333 333 0 0 -1 1077936192 6 450442 0 220 0 0 1229 2211 20 0 307 0 5732 2172223488 25662 18446744073709551615 1 1 0 0 0 0 4612 1 1073775864 0 0 0 -1 0 0 0 0 0 0 0 0 0 0 0 0 0 0
695 1052 (ice.EventHelper) S 333 333 0 0 -1 1077936192 7 450442 0 220 0 0 1229 2211 20 0 307 0 5733 2172223488 25662 18446744073709551615 1 1 0 0 0 0 4612 1 1073775864 0 0 0 -1 3 0 0 0 0 0 0 0 0 0 0 0 0 0
695 1053 (ice.EventHelper) S 333 333 0 0 -1 1077936192 8 450442 0 220 0 0 1229 2211 20 0 307 0 5733 2172223488 25662 18446744073709551615 1 1 0 0 0 0 4612 1 1073775864 0 0 0 -1 1 0 0 0 0 0 0 0 0 0 0 0 0 0
695 1054 (ice.EventHelper) S 333 333 0 0 -1 1077936192 5 450442 0 220 0 0 1229 2211 20 0 307 0 5733 2172223488 25662 18446744073709551615 1 1 0 0 0 0 4612 1 1073775864 0 0 0 -1 0 0 0 0 0 0 0 0 0 0 0 0 0 0
695 1055 (ice.EventHelper) S 333 333 0 0 -1 1077936192 6 450442 0 220 0 0 1229 2211 20 0 307 0 5733 2172223488 25662 18446744073709551615 1 1 0 0 0 0 4612 1 1073775864 0 0 0 -1 2 0 0 0 0 0 0 0 0 0 0 0 0 0
695 1056 (ice.EventHelper) S 333 333 0 0 -1 1077936192 6 450442 0 220 0 0 1229 2211 20 0 307 0 5733 2172223488 25662 18446744073709551615 1 1 0 0 0 0 4612 1 1073775864 0 0 0 -1 2 0 0 0 0 0 0 0 0 0 0 0 0 0
695 1057 (ice.EventHelper) S 333 333 0 0 -1 1077936192 7 450442 0 220 0 0 1229 2211 20 0 307 0 5733 2172223488 25662 18446744073709551615 1 1 0 0 0 0 4612 1 1073775864 0 0 0 -1 2 0 0 0 0 0 0 0 0 0 0 0 0 0
695 1058 (ice.EventHelper) S 333 333 0 0 -1 1077936192 7 450442 0 220 0 0 1229 2211 20 0 307 0 5733 2172223488 25662 18446744073709551615 1 1 0 0 0 0 4612 1 1073775864 0 0 0 -1 1 0 0 0 0 0 0 0 0 0 0 0 0 0
695 1059 (ice.EventHelper) S 333 333 0 0 -1 1077936192 5 450442 0 220 0 0 1229 2211 20 0 307 0 5733 2172223488 25662 18446744073709551615 1 1 0 0 0 0 4612 1 1073775864 0 0 0 -1 0 0 0 0 0 0 0 0 0 0 0 0 0 0
695 1060 (ice.EventHelper) S 333 333 0 0 -1 1077936192 8 450442 0 220 0 0 1229 2211 20 0 307 0 5733 2172223488 25662 18446744073709551615 1 1 0 0 0 0 4612 1 1073775864 0 0 0 -1 2 0 0 0 0 0 0 0 0 0 0 0 0 0
695 1061 (ice.EventHelper) S 333 333 0 0 -1 1077936192 7 450442 0 220 0 0 1229 2211 20 0 307 0 5733 2172223488 25662 18446744073709551615 1 1 0 0 0 0 4612 1 1073775864 0 0 0 -1 1 0 0 0 0 0 0 0 0 0 0 0 0 0
695 1062 (OomAdjustment H) S 333 333 0 0 -1 1077936192 1046 450442 1121 220 4 134 1229 2211 30 10 307 0 5734 2172223488 25662 18446744073709551615 1 1 0 0 0 0 4612 1 1073775864 0 0 0 -1 0 0 0 0 0 0 0 0 0 0 0 0 0 0
695 1063 (Favorite apps H) S 333 333 0 0 -1 1077936192 7 450442 0 220 0 0 1229 2211 30 10 307 0 5734 2172223488 25662 18446744073709551615 1 1 0 0 0 0 4612 1 1073775864 0 0 0 -1 2 0 0 0 0 0 0 0 0 0 0 0 0 0
695 1064 (Metrics Handler) S 333 333 0 0 -1 1077936192 6 450442 0 220 0 0 1229 2211 30 10 307 0 5734 2172223488 25662 18446744073709551615 1 1 0 0 0 0 4612 1 1073775864 0 0 0 -1 1 0 0 0 0 0 0 0 0 0 0 0 0 0
695 1065 (Prewarm Handler) S 333 333 0 0 -1 1077936192 1766 450442 550 220 71 50 1229 2211 30 10 307 0 5734 2172223488 25662 18446744073709551615 1 1 0 0 0 0 4612 1 1073775864 0 0 0 -1 1 0 0 0 0 0 0 0 0 0 0 0 0 0
695 1066 (AmazonPowerMana) S 333 333 0 0 -1 1077936192 60 450442 22 220 0 0 1229 2211 25 5 307 0 5734 2172223488 25662 18446744073709551615 1 1 0 0 0 0 4612 1 1073775864 0 0 0 -1 2 0 0 0 0 0 0 0 0 0 0 0 0 0
695 1067 (EveThread) S 333 333 0 0 -1 1077936192 121413 450442 10085 220 6309 2871 1229 2211 30 10 307 0 5734 2172223488 25662 18446744073709551615 1 1 0 0 0 0 4612 1 1073775864 0 0 0 -1 2 0 0 0 0 0 0 0 0 0 0 0 0 0
695 1068 (EthernetService) S 333 333 0 0 -1 1077936192 5984 450442 336 220 89 62 1229 2211 20 0 307 0 5744 2172223488 25662 18446744073709551615 1 1 0 0 0 0 4612 1 1073775864 0 0 0 -1 0 0 0 0 0 0 0 0 0 0 0 0 0 0
695 1072 (KeyMapManager) S 333 333 0 0 -1 1077936192 582 450442 0 220 7 1 1229 2211 25 5 307 0 5747 2172223488 25662 18446744073709551615 1 1 0 0 0 0 4612 1 1073775864 0 0 0 -1 2 0 0 0 0 0 0 0 0 0 0 0 0 0
695 1074 (MCL-ArcusHelper) S 333 333 0 0 -1 1077936192 255 450442 113 220 2 6 1229 2211 20 0 307 0 5748 2172223488 25662 18446744073709551615 1 1 0 0 0 0 4612 1 1073775864 0 0 0 -1 0 0 0 0 0 0 0 0 0 0 0 0 0 0
695 1075 (HealthServiceHw) S 333 333 0 0 -1 1077936192 9 450442 0 220 0 0 1229 2211 20 0 307 0 5748 2172223488 25662 18446744073709551615 1 1 0 0 0 0 4612 1 1073775864 0 0 0 -1 2 0 0 0 0 0 0 0 0 0 0 0 0 0
695 1080 (Thread-11) S 333 333 0 0 -1 1077936192 1329460 450442 11519 220 93806 14004 1229 2211 20 0 307 0 5757 2172223488 25662 18446744073709551615 1 1 0 0 0 0 4612 1 1073775864 0 0 0 -1 1 0 0 0 0 0 0 0 0 0 0 0 0 0
695 10809 (LogRetentionJob) S 333 333 0 0 -1 1077936192 12 450442 0 220 0 0 1229 2211 20 0 307 0 60675708 2172223488 25662 18446744073709551615 1 1 0 0 0 0 4612 1 1073775864 0 0 0 -1 1 0 0 0 0 0 0 0 0 0 0 0 0 0
695 1082 (WifiManagerThre) S 333 333 0 0 -1 1077936192 459 450442 13 220 24 3 1229 2211 20 0 307 0 5758 2172223488 25662 18446744073709551615 1 1 0 0 0 0 4612 1 1073775864 0 0 0 -1 0 0 0 0 0 0 0 0 0 0 0 0 0 0
695 1084 (AmazonWifiTherm) S 333 333 0 0 -1 1077936192 130 450442 35 220 0 1 1229 2211 20 0 307 0 5760 2172223488 25662 18446744073709551615 1 1 0 0 0 0 4612 1 1073775864 0 0 0 -1 0 0 0 0 0 0 0 0 0 0 0 0 0 0
695 1085 (AmazonInputMana) S 333 333 0 0 -1 1077936192 15057 450442 258 220 172 16 1229 2211 20 0 307 0 5760 2172223488 25662 18446744073709551615 1 1 0 0 0 0 4612 1 1073775864 0 0 0 -1 1 0 0 0 0 0 0 0 0 0 0 0 0 0
695 1086 (AmazonWifiTherm) S 333 333 0 0 -1 1077936192 5 450442 0 220 0 0 1229 2211 20 0 307 0 5761 2172223488 25662 18446744073709551615 1 1 0 0 0 0 4612 1 1073775864 0 0 0 -1 0 0 0 0 0 0 0 0 0 0 0 0 0 0
695 10866 (Binder:695_1A) S 333 333 0 0 -1 1077936448 210107 450442 6825 220 24374 10653 1229 2211 20 0 307 0 25751 2172223488 25662 18446744073709551615 1 1 0 0 0 4096 4612 1 1073775864 0 0 0 -1 0 0 0 0 0 0 0 0 0 0 0 0 0 0
695 1090 (queued-work-loo) S 333 333 0 0 -1 1077936192 10454 450442 206 220 334 649 1229 2211 18 -2 307 0 5762 2172223488 25662 18446744073709551615 1 1 0 0 0 0 4612 1 1073775864 0 0 0 -1 1 0 0 0 0 0 0 0 0 0 0 0 0 0
695 1092 (GenericAppAdapt) S 333 333 0 0 -1 1077936192 7 450442 0 220 0 0 1229 2211 25 5 307 0 5765 2172223488 25662 18446744073709551615 1 1 0 0 0 0 4612 1 1073775864 0 0 0 -1 2 0 0 0 0 0 0 0 0 0 0 0 0 0
695 1093 (Binder:695_4) S 333 333 0 0 -1 1077936448 115572 450442 5725 220 12429 5464 1229 2211 20 0 307 0 5765 2172223488 25662 18446744073709551615 1 1 0 0 0 0 4612 1 1073775864 0 0 0 -1 0 0 0 0 0 0 0 0 0 0 0 0 0 0
695 1102 (LiveTvAppLaunch) S 333 333 0 0 -1 1077936192 5 450442 0 220 0 0 1229 2211 25 5 307 0 5768 2172223488 25662 18446744073709551615 1 1 0 0 0 0 4612 1 1073775864 0 0 0 -1 3 0 0 0 0 0 0 0 0 0 0 0 0 0
695 1103 (AudioArcusHelpe) S 333 333 0 0 -1 1077936192 7469 450442 153 220 128 10 1229 2211 20 0 307 0 5768 2172223488 25662 18446744073709551615 1 1 0 0 0 0 4612 1 1073775864 0 0 0 -1 0 0 0 0 0 0 0 0 0 0 0 0 0 0
695 1105 (AmazonInputMana) S 333 333 0 0 -1 1077936192 529 450442 138 220 3 3 1229 2211 20 0 307 0 5769 2172223488 25662 18446744073709551615 1 1 0 0 0 0 4612 1 1073775864 0 0 0 -1 3 0 0 0 0 0 0 0 0 0 0 0 0 0
695 1106 (DenyListArcusHe) S 333 333 0 0 -1 1077936192 5 450442 0 220 0 0 1229 2211 20 0 307 0 5769 2172223488 25662 18446744073709551615 1 1 0 0 0 0 4612 1 1073775864 0 0 0 -1 1 0 0 0 0 0 0 0 0 0 0 0 0 0
695 1108 (WifiDiagsQueueT) S 333 333 0 0 -1 1077936192 262585 450442 1577 220 14381 11737 1229 2211 20 0 307 0 5770 2172223488 25662 18446744073709551615 1 1 0 0 0 0 4612 1 1073775864 0 0 0 -1 2 0 0 0 0 0 0 0 0 0 0 0 0 0
695 1110 (NetWatchDogQueu) S 333 333 0 0 -1 1077936192 40 450442 48 220 22 52 1229 2211 20 0 307 0 5771 2172223488 25662 18446744073709551615 1 1 0 0 0 0 4612 1 1073775864 0 0 0 -1 0 0 0 0 0 0 0 0 0 0 0 0 0 0
695 1111 (TimeServiceThre) S 333 333 0 0 -1 1077936448 1472 450442 154 220 28 29 1229 2211 20 0 307 0 5771 2172223488 25662 18446744073709551615 1 1 0 0 0 0 4612 1 1073775864 0 0 0 -1 0 0 0 0 0 0 0 0 0 0 0 0 0 0
695 1112 (TimeServiceNetw) S 333 333 0 0 -1 1077936192 5 450442 0 220 0 0 1229 2211 20 0 307 0 5771 2172223488 25662 18446744073709551615 1 1 0 0 0 0 4612 1 1073775864 0 0 0 -1 3 0 0 0 0 0 0 0 0 0 0 0 0 0
695 1114 (AMA Callback Na) S 333 333 0 0 -1 1077936192 6 450442 0 220 0 0 1229 2211 18 -2 307 0 5772 2172223488 25662 18446744073709551615 1 1 0 0 0 0 4612 1 1073775864 0 0 0 -1 0 0 0 0 0 0 0 0 0 0 0 0 0 0
695 1116 (Binder:695_5) S 333 333 0 0 -1 1077936448 123104 450442 5752 220 14043 6131 1229 2211 20 0 307 0 5772 2172223488 25662 18446744073709551615 1 1 0 0 0 0 4612 1 1073775864 0 0 0 -1 2 0 0 0 0 0 0 0 0 0 0 0 0 0
695 1119 (TestMetricBuffe) S 333 333 0 0 -1 1077936192 5 450442 0 220 0 0 1229 2211 20 0 307 0 5773 2172223488 25662 18446744073709551615 1 1 0 0 0 0 4612 1 1073775864 0 0 0 -1 0 0 0 0 0 0 0 0 0 0 0 0 0 0
695 1121 (BspConsumer) S 333 333 0 0 -1 1077936192 151 450442 3 220 4 5 1229 2211 20 0 307 0 5775 2172223488 25662 18446744073709551615 1 1 0 0 0 0 4612 1 1073775864 0 0 0 -1 1 0 0 0 0 0 0 0 0 0 0 0 0 0
695 1124 (TaskSnapshotPer) S 333 333 0 0 -1 1077936192 716 450442 224 220 17 18 1229 2211 30 10 307 0 5775 2172223488 25662 18446744073709551615 1 1 0 0 0 0 4612 1 1073775864 0 0 0 -1 0 0 0 0 0 0 0 0 0 0 0 0 0 0
695 1125 (PhotonicModulat) S 333 333 0 0 -1 1077936192 326 450442 71 220 12 6 1229 2211 20 0 307 0 5777 2172223488 25662 18446744073709551615 1 1 0 0 0 0 4612 1 1073775864 0 0 0 -1 0 0 0 0 0 0 0 0 0 0 0 0 0 0
695 1130 (ContextualSSArc) S 333 333 0 0 -1 1077936192 163 450442 87 220 2 1 1229 2211 20 0 307 0 5780 2172223488 25662 18446744073709551615 1 1 0 0 0 0 4612 1 1073775864 0 0 0 -1 0 0 0 0 0 0 0 0 0 0 0 0 0 0
695 1132 (HomeLauncherArc) S 333 333 0 0 -1 1077936192 1126 450442 77 220 6 4 1229 2211 20 0 307 0 5782 2172223488 25662 18446744073709551615 1 1 0 0 0 0 4612 1 1073775864 0 0 0 -1 2 0 0 0 0 0 0 0 0 0 0 0 0 0
695 1151 (AmazonPmArcusUt) S 333 333 0 0 -1 1077936192 81 450442 4 220 1 0 1229 2211 20 0 307 0 5834 2172223488 25662 18446744073709551615 1 1 0 0 0 0 4612 1 1073775864 0 0 0 -1 3 0 0 0 0 0 0 0 0 0 0 0 0 0
695 1159 (SyncManager) S 333 333 0 0 -1 1077936448 64763 450442 1247 220 1667 742 1229 2211 30 10 307 0 5844 2172223488 25662 18446744073709551615 1 1 0 0 0 0 4612 1 1073775864 0 0 0 -1 3 0 0 0 0 0 0 0 0 0 0 0 0 0
695 1160 (Binder:695_6) S 333 333 0 0 -1 1077936448 114988 450442 5715 220 12924 5915 1229 2211 20 0 307 0 5848 2172223488 25662 18446744073709551615 1 1 0 0 0 0 4612 1 1073775864 0 0 0 -1 0 0 0 0 0 0 0 0 0 0 0 0 0 0
695 1162 (SyncHandler-0) S 333 333 0 0 -1 1077936192 1575 450442 19 220 12 20 1229 2211 20 0 307 0 5857 2172223488 25662 18446744073709551615 1 1 0 0 0 0 4612 1 1073775864 0 0 0 -1 2 0 0 0 0 0 0 0 0 0 0 0 0 0
695 1184 (UsbService host) S 333 333 0 0 -1 4194368 14 450442 22 220 0 0 1229 2211 20 0 307 0 5872 2172223488 25662 18446744073709551615 1 1 0 0 0 0 4612 1 1073775864 0 0 0 -1 1 0 0 0 0 0 0 0 0 0 0 0 0 0
695 11891 (Binder:695_1B) S 333 333 0 0 -1 1077936448 227266 450442 5684 220 24967 11092 1229 2211 20 0 307 0 31185 2172223488 25662 18446744073709551615 1 1 0 0 0 0 4612 1 1073775864 0 0 0 -1 0 0 0 0 0 0 0 0 0 0 0 0 0 0
695 11941 (Binder:695_1C) S 333 333 0 0 -1 1077936448 216908 450442 6817 220 27709 12667 1229 2211 20 0 307 0 31264 2172223488 25662 18446744073709551615 1 1 0 0 0 0 4612 1 1073775864 0 0 0 -1 0 0 0 0 0 0 0 0 0 0 0 0 0 0
695 12141 (LogRetentionJob) S 333 333 0 0 -1 1077936192 8 450442 0 220 0 0 1229 2211 20 0 307 0 26111907 2172223488 25662 18446744073709551615 1 1 0 0 0 0 4612 1 1073775864 0 0 0 -1 3 0 0 0 0 0 0 0 0 0 0 0 0 0
695 12201 (AmazonFingerPri) S 333 333 0 0 -1 1077936192 7 450442 1 220 0 0 1229 2211 30 10 307 0 268212254 2172223488 25662 18446744073709551615 1 1 0 0 0 0 4612 1 1073775864 0 0 0 -1 2 0 0 0 0 0 0 0 0 0 0 0 0 0
695 12222 (Binder:695_1D) S 333 333 0 0 -1 1077936448 259772 450442 6220 220 32234 14458 1229 2211 20 0 307 0 34633 2172223488 25662 18446744073709551615 1 1 0 0 0 0 4612 1 1073775864 0 0 0 -1 0 0 0 0 0 0 0 0 0 0 0 0 0 0
695 12355 (pool-7-thread-2) S 333 333 0 0 -1 1077936192 36045 450442 858 220 1089 1521 1229 2211 20 0 307 0 37001 2172223488 25662 18446744073709551615 1 1 0 0 0 0 4612 1 1073775864 0 0 0 -1 2 0 0 0 0 0 0 0 0 0 0 0 0 0
695 12456 (AmazonFingerPri) S 333 333 0 0 -1 1077936192 5 450442 0 220 0 0 1229 2211 30 10 307 0 129971582 2172223488 25662 18446744073709551615 1 1 0 0 0 0 4612 1 1073775864 0 0 0 -1 3 0 0 0 0 0 0 0 0 0 0 0 0 0
695 12577 (LogRetentionJob) S 333 333 0 0 -1 1077936192 12 450442 3 220 0 0 1229 2211 20 0 307 0 242105957 2172223488 25662 18446744073709551615 1 1 0 0 0 0 4612 1 1073775864 0 0 0 -1 0 0 0 0 0 0 0 0 0 0 0 0 0 0
695 1258 (Binder:695_7) S 333 333 0 0 -1 1077936448 103928 450442 4694 220 12244 5279 1229 2211 20 0 307 0 5893 2172223488 25662 18446744073709551615 1 1 0 0 0 0 4612 1 1073775864 0 0 0 -1 2 0 0 0 0 0 0 0 0 0 0 0 0 0
695 1261 (Binder:695_8) S 333 333 0 0 -1 1077936448 103258 450442 4089 220 12473 5568 1229 2211 20 0 307 0 5893 2172223488 25662 18446744073709551615 1 1 0 0 0 0 4612 1 1073775864 0 0 0 -1 0 0 0 0 0 0 0 0 0 0 0 0 0 0
695 1262 (Binder:695_9) S 333 333 0 0 -1 1077936448 98012 450442 5681 220 11238 5126 1229 2211 20 0 307 0 5893 2172223488 25662 18446744073709551615 1 1 0 0 0 0 4612 1 1073775864 0 0 0 -1 0 0 0 0 0 0 0 0 0 0 0 0 0 0
695 1263 (Binder:695_A) S 333 333 0 0 -1 1077936448 113012 450442 6383 220 12839 5555 1229 2211 20 0 307 0 5894 2172223488 25662 18446744073709551615 1 1 0 0 0 0 4612 1 1073775864 0 0 0 -1 2 0 0 0 0 0 0 0 0 0 0 0 0 0
695 1264 (Binder:695_B) S 333 333 0 0 -1 1077936448 98330 450442 3811 220 11098 4817 1229 2211 20 0 307 0 5894 2172223488 25662 18446744073709551615 1 1 0 0 0 4096 4612 1 1073775864 0 0 0 -1 3 0 0 0 0 0 0 0 0 0 0 0 0 0
695 1266 (Binder:695_C) S 333 333 0 0 -1 1077936448 105423 450442 6435 220 12352 5545 1229 2211 20 0 307 0 5894 2172223488 25662 18446744073709551615 1 1 0 0 0 0 4612 1 1073775864 0 0 0 -1 3 0 0 0 0 0 0 0 0 0 0 0 0 0
695 1267 (Binder:695_D) S 333 333 0 0 -1 1077936448 106805 450442 6760 220 11278 4774 1229 2211 20 0 307 0 5894 2172223488 25662 18446744073709551615 1 1 0 0 0 4096 4612 1 1073775864 0 0 0 -1 0 0 0 0 0 0 0 0 0 0 0 0 0 0
695 13013 (AmazonFingerPri) S 333 333 0 0 -1 1077936192 6 450442 0 220 0 0 1229 2211 30 10 307 0 60847524 2172223488 25662 18446744073709551615 1 1 0 0 0 0 4612 1 1073775864 0 0 0 -1 0 0 0 0 0 0 0 0 0 0 0 0 0 0
695 13572 (LogRetentionJob) S 333 333 0 0 -1 1077936192 8 450442 3 220 0 0 1229 2211 20 0 307 0 185719 2172223488 25662 18446744073709551615 1 1 0 0 0 0 4612 1 1073775864 0 0 0 -1 2 0 0 0 0 0 0 0 0 0 0 0 0 0
695 1373 (pool-9-thread-1) S 333 333 0 0 -1 1077936192 444 450442 126 220 4 6 1229 2211 20 0 307 0 5926 2172223488 25662 18446744073709551615 1 1 0 0 0 0 4612 1 1073775864 0 0 0 -1 2 0 0 0 0 0 0 0 0 0 0 0 0 0
695 1374 (pool-9-thread-2) S 333 333 0 0 -1 1077936192 408 450442 82 220 4 5 1229 2211 20 0 307 0 5926 2172223488 25662 18446744073709551615 1 1 0 0 0 0 4612 1 1073775864 0 0 0 -1 2 0 0 0 0 0 0 0 0 0 0 0 0 0
695 13746 (LogRetentionJob) S 333 333 0 0 -1 1077936192 9 450442 0 220 0 0 1229 2211 20 0 307 0 164355054 2172223488 25662 18446744073709551615 1 1 0 0 0 0 4612 1 1073775864 0 0 0 -1 0 0 0 0 0 0 0 0 0 0 0 0 0 0
695 13851 (AdbDebuggingMan) S 333 333 0 0 -1 4194368 24 450442 2 220 0 0 1229 2211 20 0 307 0 194105 2172223488 25662 18446744073709551615 1 1 0 0 0 0 4612 1 1073775864 0 0 0 -1 1 0 0 0 0 0 0 0 0 0 0 0 0 0
695 14057 (Binder:695_1E) S 333 333 0 0 -1 1077936448 258702 450442 7751 220 31706 14520 1229 2211 20 0 307 0 204245 2172223488 25662 18446744073709551615 1 1 0 0 0 4096 4612 1 1073775864 0 0 0 -1 3 0 0 0 0 0 0 0 0 0 0 0 0 0
695 1421 (Thread-15) S 333 333 0 0 -1 4194368 6 450442 0 220 0 0 1229 2211 20 0 307 0 5953 2172223488 25662 18446744073709551615 1 1 0 0 0 0 4612 1 1073775864 0 0 0 -1 2 0 0 0 0 0 0 0 0 0 0 0 0 0
695 1429 (NetworkStatsObs) S 333 333 0 0 -1 1077936192 3011 450442 228 220 117 98 1229 2211 20 0 307 0 5956 2172223488 25662 18446744073709551615 1 1 0 0 0 0 4612 1 1073775864 0 0 0 -1 0 0 0 0 0 0 0 0 0 0 0 0 0 0
695 14343 (AmazonFingerPri) S 333 333 0 0 -1 1077936192 5 450442 1 220 0 0 1229 2211 30 10 307 0 26287160 2172223488 25662 18446744073709551615 1 1 0 0 0 0 4612 1 1073775864 0 0 0 -1 0 0 0 0 0 0 0 0 0 0 0 0 0 0
695 14374 (LogRetentionJob) S 333 333 0 0 -1 1077936192 12 450442 1 220 0 0 1229 2211 20 0 307 0 86586829 2172223488 25662 18446744073709551615 1 1 0 0 0 0 4612 1 1073775864 0 0 0 -1 0 0 0 0 0 0 0 0 0 0 0 0 0 0
695 14526 (AudioTrack) S 333 333 0 0 -1 1077936192 5 450442 2 220 0 0 1229 2211 4 -16 307 0 204664830 2172223488 25662 18446744073709551615 1 1 0 0 0 0 4612 1 1073775864 0 0 0 -1 2 0 0 0 0 0 0 0 0 0 0 0 0 0
695 14537 (AudioTrack) S 333 333 0 0 -1 1077936192 5 450442 0 220 0 0 1229 2211 4 -16 307 0 204664908 2172223488 25662 18446744073709551615 1 1 0 0 0 0 4612 1 1073775864 0 0 0 -1 0 0 0 0 0 0 0 0 0 0 0 0 0 0
695 1467 (PerfAnimationAr) S 333 333 0 0 -1 1077936192 111 450442 53 220 2 3 1229 2211 30 10 307 0 5970 2172223488 25662 18446744073709551615 1 1 0 0 0 0 4612 1 1073775864 0 0 0 -1 1 0 0 0 0 0 0 0 0 0 0 0 0 0
695 14742 (AmazonFingerPri) S 333 333 0 0 -1 1077936192 7 450442 3 220 0 0 1229 2211 30 10 307 0 242286254 2172223488 25662 18446744073709551615 1 1 0 0 0 0 4612 1 1073775864 0 0 0 -1 0 0 0 0 0 0 0 0 0 0 0 0 0 0
695 14922 (Binder:695_1F) S 333 333 0 0 -1 1077936448 266326 450442 8246 220 34183 15616 1229 2211 20 0 307 0 223944 2172223488 25662 18446744073709551615 1 1 0 0 0 0 4612 1 1073775864 0 0 0 -1 0 0 0 0 0 0 0 0 0 0 0 0 0 0
695 15088 (Binder:695_20) S 333 333 0 0 -1 1077936448 297598 450442 7127 220 37986 17313 1229 2211 20 0 307 0 224908 2172223488 25662 18446744073709551615 1 1 0 0 0 0 4612 1 1073775864 0 0 0 -1 1 0 0 0 0 0 0 0 0 0 0 0 0 0
695 1525 (pool-2-thread-1) S 333 333 0 0 -1 1077936192 546 450442 151 220 5 4 1229 2211 20 0 307 0 6010 2172223488 25662 18446744073709551615 1 1 0 0 0 0 4612 1 1073775864 0 0 0 -1 0 0 0 0 0 0 0 0 0 0 0 0 0 0
695 15294 (Binder:695_21) S 333 333 0 0 -1 1077936448 328894 450442 6180 220 41485 18505 1229 2211 20 0 307 0 230233 2172223488 25662 18446744073709551615 1 1 0 0 0 0 4612 1 1073775864 0 0 0 -1 0 0 0 0 0 0 0 0 0 0 0 0 0 0
695 15492 (LogRetentionJob) S 333 333 0 0 -1 1077936192 9 450442 0 220 0 0 1229 2211 20 0 307 0 121154176 2172223488 25662 18446744073709551615 1 1 0 0 0 0 4612 1 1073775864 0 0 0 -1 3 0 0 0 0 0 0 0 0 0 0 0 0 0
695 1594 (CCodecWatchdog) S 333 333 0 0 -1 1077936192 1 450442 0 220 0 0 1229 2211 20 0 307 0 6044 2172223488 25662 18446744073709551615 1 1 0 0 0 0 4612 1 1073775864 0 0 0 -1 2 0 0 0 0 0 0 0 0 0 0 0 0 0
695 1596 (NDK MediaCodec_) S 333 333 0 0 -1 1077936192 1 450442 0 220 0 0 1229 2211 4 -16 307 0 6044 2172223488 25662 18446744073709551615 1 1 0 0 0 0 4612 1 1073775864 0 0 0 -1 1 0 0 0 0 0 0 0 0 0 0 0 0 0
695 15969 (AmazonFingerPri) S 333 333 0 0 -1 1077936192 5 450442 0 220 0 0 1229 2211 30 10 307 0 164532139 2172223488 25662 18446744073709551615 1 1 0 0 0 0 4612 1 1073775864 0 0 0 -1 3 0 0 0 0 0 0 0 0 0 0 0 0 0
695 1597 (NDK MediaCodec_) S 333 333 0 0 -1 1077936192 1 450442 0 220 0 0 1229 2211 4 -16 307 0 6044 2172223488 25662 18446744073709551615 1 1 0 0 0 0 4612 1 1073775864 0 0 0 -1 0 0 0 0 0 0 0 0 0 0 0 0 0 0
695 1605 (HwBinder:695_4) S 333 333 0 0 -1 1077936192 5540 450442 274 220 497 149 1229 2211 20 0 307 0 6051 2172223488 25662 18446744073709551615 1 1 0 0 0 0 4612 1 1073775864 0 0 0 -1 0 0 0 0 0 0 0 0 0 0 0 0 0 0
695 1612 (HwBinder:695_5) S 333 333 0 0 -1 1077936192 9183 450442 324 220 791 240 1229 2211 20 0 307 0 6060 2172223488 25662 18446744073709551615 1 1 0 0 0 0 4612 1 1073775864 0 0 0 -1 3 0 0 0 0 0 0 0 0 0 0 0 0 0
695 16757 (AmazonFingerPri) S 333 333 0 0 -1 1077936192 5 450442 0 220 0 0 1229 2211 30 10 307 0 86767127 2172223488 25662 18446744073709551615 1 1 0 0 0 0 4612 1 1073775864 0 0 0 -1 1 0 0 0 0 0 0 0 0 0 0 0 0 0
695 1699 (FireTVKeyPolicy) S 333 333 0 0 -1 1077936192 5 450442 0 220 0 0 1229 2211 18 -2 307 0 6123 2172223488 25662 18446744073709551615 1 1 0 0 0 0 4612 1 1073775864 0 0 0 -1 0 0 0 0 0 0 0 0 0 0 0 0 0 0
695 1752 (Binder:695_E) S 333 333 0 0 -1 1077936448 109708 450442 7163 220 12134 5482 1229 2211 20 0 307 0 6209 2172223488 25662 18446744073709551615 1 1 0 0 0 4096 4612 1 1073775864 0 0 0 -1 0 0 0 0 0 0 0 0 0 0 0 0 0 0
695 1759 (VolumeAliasHand) S 333 333 0 0 -1 1077936192 4 450442 0 220 0 0 1229 2211 20 0 307 0 6215 2172223488 25662 18446744073709551615 1 1 0 0 0 0 4612 1 1073775864 0 0 0 -1 2 0 0 0 0 0 0 0 0 0 0 0 0 0
695 1764 (LeGattConnectio) S 333 333 0 0 -1 1077936192 5 450442 0 220 0 0 1229 2211 20 0 307 0 6226 2172223488 25662 18446744073709551615 1 1 0 0 0 0 4612 1 1073775864 0 0 0 -1 0 0 0 0 0 0 0 0 0 0 0 0 0 0
695 1766 (LeGattScanWorke) S 333 333 0 0 -1 1077936192 5 450442 0 220 0 0 1229 2211 20 0 307 0 6226 2172223488 25662 18446744073709551615 1 1 0 0 0 0 4612 1 1073775864 0 0 0 -1 3 0 0 0 0 0 0 0 0 0 0 0 0 0
695 1767 (LeAdapterReques) S 333 333 0 0 -1 1077936192 5 450442 0 220 0 0 1229 2211 20 0 307 0 6227 2172223488 25662 18446744073709551615 1 1 0 0 0 0 4612 1 1073775864 0 0 0 -1 0 0 0 0 0 0 0 0 0 0 0 0 0 0
695 1773 (RedirectListene) S 333 333 0 0 -1 1077936192 5 450442 0 220 0 0 1229 2211 20 0 307 0 6236 2172223488 25662 18446744073709551615 1 1 0 0 0 0 4612 1 1073775864 0 0 0 -1 0 0 0 0 0 0 0 0 0 0 0 0 0 0
695 1782 (AdvertisingIdAr) S 333 333 0 0 -1 1077936192 9 450442 0 220 0 0 1229 2211 20 0 307 0 6239 2172223488 25662 18446744073709551615 1 1 0 0 0 0 4612 1 1073775864 0 0 0 -1 0 0 0 0 0 0 0 0 0 0 0 0 0 0
695 1794 (AmazonFingerPri) S 333 333 0 0 -1 1077936192 20 450442 6 220 0 0 1229 2211 30 10 307 0 6241 2172223488 25662 18446744073709551615 1 1 0 0 0 0 4612 1 1073775864 0 0 0 -1 1 0 0 0 0 0 0 0 0 0 0 0 0 0
695 1798 (ThreadPriorityB) S 333 333 0 0 -1 1077936448 564 450442 202 220 6 11 1229 2211 20 0 307 0 6242 2172223488 25662 18446744073709551615 1 1 0 0 0 0 4612 1 1073775864 0 0 0 -1 0 0 0 0 0 0 0 0 0 0 0 0 0 0
695 1801 (BtLeManagerThre) S 333 333 0 0 -1 1077936192 97 450442 19 220 0 1 1229 2211 20 0 307 0 6244 2172223488 25662 18446744073709551615 1 1 0 0 0 0 4612 1 1073775864 0 0 0 -1 0 0 0 0 0 0 0 0 0 0 0 0 0 0
695 1802 (pool-8-thread-1) S 333 333 0 0 -1 1077936192 1301 450442 263 220 46 41 1229 2211 20 0 307 0 6247 2172223488 25662 18446744073709551615 1 1 0 0 0 0 4612 1 1073775864 0 0 0 -1 3 0 0 0 0 0 0 0 0 0 0 0 0 0
695 1803 (OsuServerHandle) S 333 333 0 0 -1 1077936192 5 450442 0 220 0 0 1229 2211 20 0 307 0 6250 2172223488 25662 18446744073709551615 1 1 0 0 0 0 4612 1 1073775864 0 0 0 -1 1 0 0 0 0 0 0 0 0 0 0 0 0 0
695 1815 (LogRetentionJob) S 333 333 0 0 -1 1077936192 11 450442 2 220 0 0 1229 2211 20 0 307 0 216185958 2172223488 25662 18446744073709551615 1 1 0 0 0 0 4612 1 1073775864 0 0 0 -1 0 0 0 0 0 0 0 0 0 0 0 0 0 0
695 1828 (PerfArcusLooper) S 333 333 0 0 -1 1077936192 168 450442 67 220 2 1 1229 2211 20 0 307 0 6309 2172223488 25662 18446744073709551615 1 1 0 0 0 0 4612 1 1073775864 0 0 0 -1 1 0 0 0 0 0 0 0 0 0 0 0 0 0
695 1842 (PerfSchedTunerA) S 333 333 0 0 -1 1077936192 127 450442 74 220 1 3 1229 2211 30 10 307 0 6315 2172223488 25662 18446744073709551615 1 1 0 0 0 0 4612 1 1073775864 0 0 0 -1 1 0 0 0 0 0 0 0 0 0 0 0 0 0
695 1855 (SamplingThread) S 333 333 0 0 -1 1077936192 4 450442 0 220 0 0 1229 2211 20 0 307 0 6318 2172223488 25662 18446744073709551615 1 1 0 0 0 0 4612 1 1073775864 0 0 0 -1 3 0 0 0 0 0 0 0 0 0 0 0 0 0
695 18720 (AmazonFingerPri) S 333 333 0 0 -1 1077936192 5 450442 0 220 0 0 1229 2211 30 10 307 0 121327246 2172223488 25662 18446744073709551615 1 1 0 0 0 0 4612 1 1073775864 0 0 0 -1 1 0 0 0 0 0 0 0 0 0 0 0 0 0
695 19126 (LogRetentionJob) S 333 333 0 0 -1 1077936192 9 450442 0 220 0 0 1229 2211 20 0 307 0 52050581 2172223488 25662 18446744073709551615 1 1 0 0 0 0 4612 1 1073775864 0 0 0 -1 1 0 0 0 0 0 0 0 0 0 0 0 0 0
695 19181 (LogRetentionJob) S 333 333 0 0 -1 1077936192 9 450442 0 220 0 0 1229 2211 20 0 307 0 198910962 2172223488 25662 18446744073709551615 1 1 0 0 0 0 4612 1 1073775864 0 0 0 -1 1 0 0 0 0 0 0 0 0 0 0 0 0 0
695 20345 (LogRetentionJob) S 333 333 0 0 -1 1077936192 9 450442 0 220 0 0 1229 2211 20 0 307 0 17483740 2172223488 25662 18446744073709551615 1 1 0 0 0 0 4612 1 1073775864 0 0 0 -1 0 0 0 0 0 0 0 0 0 0 0 0 0 0
695 2100 (LazyTaskWriterT) S 333 333 0 0 -1 1077936192 6335 450442 529 220 113 249 1229 2211 30 10 307 0 6581 2172223488 25662 18446744073709551615 1 1 0 0 0 0 4612 1 1073775864 0 0 0 -1 3 0 0 0 0 0 0 0 0 0 0 0 0 0
695 2102 (StorageUserConn) S 333 333 0 0 -1 1077936192 13 450442 0 220 0 0 1229 2211 20 0 307 0 6583 2172223488 25662 18446744073709551615 1 1 0 0 0 0 4612 1 1073775864 0 0 0 -1 2 0 0 0 0 0 0 0 0 0 0 0 0 0
695 21044 (AmazonFingerPri) S 333 333 0 0 -1 1077936192 5 450442 0 220 0 0 1229 2211 30 10 307 0 52207431 2172223488 25662 18446744073709551615 1 1 0 0 0 0 4612 1 1073775864 0 0 0 -1 3 0 0 0 0 0 0 0 0 0 0 0 0 0
695 21475 (AmazonFingerPri) S 333 333 0 0 -1 1077936192 5 450442 0 220 0 0 1229 2211 30 10 307 0 199091512 2172223488 25662 18446744073709551615 1 1 0 0 0 0 4612 1 1073775864 0 0 0 -1 1 0 0 0 0 0 0 0 0 0 0 0 0 0
695 2211 (AudioPortEventH) S 333 333 0 0 -1 1077936192 603 450442 326 220 3 9 1229 2211 20 0 307 0 6637 2172223488 25662 18446744073709551615 1 1 0 0 0 0 4612 1 1073775864 0 0 0 -1 1 0 0 0 0 0 0 0 0 0 0 0 0 0
695 22517 (AmazonFingerPri) S 333 333 0 0 -1 1077936192 6 450442 0 220 0 0 1229 2211 30 10 307 0 17647085 2172223488 25662 18446744073709551615 1 1 0 0 0 0 4612 1 1073775864 0 0 0 -1 1 0 0 0 0 0 0 0 0 0 0 0 0 0
695 22634 (LogRetentionJob) S 333 333 0 0 -1 1077936192 9 450442 1 220 0 0 1229 2211 20 0 307 0 155716626 2172223488 25662 18446744073709551615 1 1 0 0 0 0 4612 1 1073775864 0 0 0 -1 3 0 0 0 0 0 0 0 0 0 0 0 0 0
695 22653 (LogRetentionJob) S 333 333 0 0 -1 1077936192 11 450442 3 220 0 0 1229 2211 20 0 307 0 207556903 2172223488 25662 18446744073709551615 1 1 0 0 0 0 4612 1 1073775864 0 0 0 -1 2 0 0 0 0 0 0 0 0 0 0 0 0 0
695 2279 (AmazonFingerPri) S 333 333 0 0 -1 1077936192 6 450442 0 220 0 0 1229 2211 30 10 307 0 104047951 2172223488 25662 18446744073709551615 1 1 0 0 0 0 4612 1 1073775864 0 0 0 -1 3 0 0 0 0 0 0 0 0 0 0 0 0 0
695 22974 (LogRetentionJob) S 333 333 0 0 -1 1077936192 9 450442 0 220 0 0 1229 2211 20 0 307 0 112524029 2172223488 25662 18446744073709551615 1 1 0 0 0 0 4612 1 1073775864 0 0 0 -1 1 0 0 0 0 0 0 0 0 0 0 0 0 0
695 24468 (LogRetentionJob) S 333 333 0 0 -1 1077936192 11 450442 8 220 0 0 1229 2211 20 0 307 0 233465958 2172223488 25662 18446744073709551615 1 1 0 0 0 0 4612 1 1073775864 0 0 0 -1 2 0 0 0 0 0 0 0 0 0 0 0 0 0
695 24597 (LogRetentionJob) S 333 333 0 0 -1 1077936192 10 450442 0 220 0 0 1229 2211 20 0 307 0 190274408 2172223488 25662 18446744073709551615 1 1 0 0 0 0 4612 1 1073775864 0 0 0 -1 1 0 0 0 0 0 0 0 0 0 0 0 0 0
695 2489 (pool-7-thread-1) S 333 333 0 0 -1 1077936192 36590 450442 938 220 1074 1542 1229 2211 20 0 307 0 6947 2172223488 25662 18446744073709551615 1 1 0 0 0 0 4612 1 1073775864 0 0 0 -1 1 0 0 0 0 0 0 0 0 0 0 0 0 0
695 25127 (AmazonFingerPri) S 333 333 0 0 -1 1077936192 5 450442 1 220 0 0 1229 2211 30 10 307 0 112688023 2172223488 25662 18446744073709551615 1 1 0 0 0 0 4612 1 1073775864 0 0 0 -1 1 0 0 0 0 0 0 0 0 0 0 0 0 0
695 25157 (AmazonFingerPri) S 333 333 0 0 -1 1077936192 6 450442 0 220 0 0 1229 2211 30 10 307 0 155892024 2172223488 25662 18446744073709551615 1 1 0 0 0 0 4612 1 1073775864 0 0 0 -1 0 0 0 0 0 0 0 0 0 0 0 0 0 0
695 25397 (AmazonFingerPri) S 333 333 0 0 -1 1077936192 8 450442 0 220 0 0 1229 2211 30 10 307 0 207732746 2172223488 25662 18446744073709551615 1 1 0 0 0 0 4612 1 1073775864 0 0 0 -1 3 0 0 0 0 0 0 0 0 0 0 0 0 0
695 2542 (Okio Watchdog) S 333 333 0 0 -1 1077936192 96 450442 58 220 85 99 1229 2211 20 0 307 0 6967 2172223488 25662 18446744073709551615 1 1 0 0 0 0 4612 1 1073775864 0 0 0 -1 1 0 0 0 0 0 0 0 0 0 0 0 0 0
695 25479 (LogRetentionJob) S 333 333 0 0 -1 1077936192 9 450442 0 220 0 0 1229 2211 20 0 307 0 77960230 2172223488 25662 18446744073709551615 1 1 0 0 0 0 4612 1 1073775864 0 0 0 -1 1 0 0 0 0 0 0 0 0 0 0 0 0 0
695 26957 (AmazonFingerPri) S 333 333 0 0 -1 1077936192 9 450442 2 220 0 0 1229 2211 30 10 307 0 233646255 2172223488 25662 18446744073709551615 1 1 0 0 0 0 4612 1 1073775864 0 0 0 -1 2 0 0 0 0 0 0 0 0 0 0 0 0 0
695 27340 (AmazonFingerPri) S 333 333 0 0 -1 1077936192 5 450442 0 220 0 0 1229 2211 30 10 307 0 190452511 2172223488 25662 18446744073709551615 1 1 0 0 0 0 4612 1 1073775864 0 0 0 -1 3 0 0 0 0 0 0 0 0 0 0 0 0 0
695 27405 (AsyncTask #16) S 333 333 0 0 -1 1077936192 4125 450442 167 220 44 24 1229 2211 30 10 307 0 254950814 2172223488 25662 18446744073709551615 1 1 0 0 0 0 4612 1 1073775864 0 0 0 -1 0 0 0 0 0 0 0 0 0 0 0 0 0 0
695 27645 (AmazonFingerPri) S 333 333 0 0 -1 1077936192 5 450442 1 220 0 0 1229 2211 30 10 307 0 78127720 2172223488 25662 18446744073709551615 1 1 0 0 0 0 4612 1 1073775864 0 0 0 -1 3 0 0 0 0 0 0 0 0 0 0 0 0 0
695 28310 (LogRetentionJob) S 333 333 0 0 -1 1077936192 10 450442 2 220 0 0 1229 2211 20 0 307 0 43395587 2172223488 25662 18446744073709551615 1 1 0 0 0 0 4612 1 1073775864 0 0 0 -1 1 0 0 0 0 0 0 0 0 0 0 0 0 0
695 29014 (LogRetentionJob) S 333 333 0 0 -1 1077936192 8 450442 1 220 0 0 1229 2211 20 0 307 0 8827337 2172223488 25662 18446744073709551615 1 1 0 0 0 0 4612 1 1073775864 0 0 0 -1 1 0 0 0 0 0 0 0 0 0 0 0 0 0
695 29588 (LogRetentionJob) S 333 333 0 0 -1 1077936192 13 450442 4 220 0 0 1229 2211 20 0 307 0 250745958 2172223488 25662 18446744073709551615 1 1 0 0 0 0 4612 1 1073775864 0 0 0 -1 3 0 0 0 0 0 0 0 0 0 0 0 0 0
695 29756 (LogRetentionJob) S 333 333 0 0 -1 1077936192 10 450442 0 220 0 0 1229 2211 20 0 307 0 147084566 2172223488 25662 18446744073709551615 1 1 0 0 0 0 4612 1 1073775864 0 0 0 -1 0 0 0 0 0 0 0 0 0 0 0 0 0 0
695 30600 (LogRetentionJob) S 333 333 0 0 -1 1077936192 12 450442 5 220 0 0 1229 2211 20 0 307 0 259385957 2172223488 25662 18446744073709551615 1 1 0 0 0 0 4612 1 1073775864 0 0 0 -1 0 0 0 0 0 0 0 0 0 0 0 0 0 0
695 30920 (AmazonFingerPri) S 333 333 0 0 -1 1077936192 6 450442 1 220 0 0 1229 2211 30 10 307 0 43567339 2172223488 25662 18446744073709551615 1 1 0 0 0 0 4612 1 1073775864 0 0 0 -1 3 0 0 0 0 0 0 0 0 0 0 0 0 0
695 30945 (AmazonFingerPri) S 333 333 0 0 -1 1077936192 8 450442 4 220 0 0 1229 2211 30 10 307 0 366254 2172223488 25662 18446744073709551615 1 1 0 0 0 0 4612 1 1073775864 0 0 0 -1 2 0 0 0 0 0 0 0 0 0 0 0 0 0
695 31028 (AmazonFingerPri) S 333 333 0 0 -1 1077936192 6 450442 0 220 0 0 1229 2211 30 10 307 0 9006991 2172223488 25662 18446744073709551615 1 1 0 0 0 0 4612 1 1073775864 0 0 0 -1 2 0 0 0 0 0 0 0 0 0 0 0 0 0
695 31588 (LogRetentionJob) S 333 333 0 0 -1 1077936192 10 450442 0 220 0 0 1229 2211 20 0 307 0 103868899 2172223488 25662 18446744073709551615 1 1 0 0 0 0 4612 1 1073775864 0 0 0 -1 1 0 0 0 0 0 0 0 0 0 0 0 0 0
695 31855 (AmazonFingerPri) S 333 333 0 0 -1 1077936192 6 450442 0 220 0 0 1229 2211 30 10 307 0 147251855 2172223488 25662 18446744073709551615 1 1 0 0 0 0 4612 1 1073775864 0 0 0 -1 1 0 0 0 0 0 0 0 0 0 0 0 0 0
695 31983 (AmazonFingerPri) S 333 333 0 0 -1 1077936192 7 450442 0 220 0 0 1229 2211 30 10 307 0 250926254 2172223488 25662 18446744073709551615 1 1 0 0 0 0 4612 1 1073775864 0 0 0 -1 1 0 0 0 0 0 0 0 0 0 0 0 0 0
695 3214 (BtCallback) S 333 333 0 0 -1 1077936192 61 450442 9 220 0 1 1229 2211 20 0 307 0 7572 2172223488 25662 18446744073709551615 1 1 0 0 0 0 4612 1 1073775864 0 0 0 -1 3 0 0 0 0 0 0 0 0 0 0 0 0 0
695 32234 (OkHttp Connecti) S 333 333 0 0 -1 1077936192 10 450442 1 220 0 0 1229 2211 20 0 307 0 269301060 2172223488 25662 18446744073709551615 1 1 0 0 0 0 4612 1 1073775864 0 0 0 -1 1 0 0 0 0 0 0 0 0 0 0 0 0 0
695 3245 (AmazonFingerPri) S 333 333 0 0 -1 1077936192 7 450442 1 220 0 0 1229 2211 30 10 307 0 69487613 2172223488 25662 18446744073709551615 1 1 0 0 0 0 4612 1 1073775864 0 0 0 -1 0 0 0 0 0 0 0 0 0 0 0 0 0 0
695 32725 (LogRetentionJob) S 333 333 0 0 -1 1077936192 9 450442 0 220 0 0 1229 2211 20 0 307 0 69334139 2172223488 25662 18446744073709551615 1 1 0 0 0 0 4612 1 1073775864 0 0 0 -1 0 0 0 0 0 0 0 0 0 0 0 0 0 0
695 3367 (AmazonFingerPri) S 333 333 0 0 -1 1077936192 5 450442 0 220 0 0 1229 2211 30 10 307 0 181812401 2172223488 25662 18446744073709551615 1 1 0 0 0 0 4612 1 1073775864 0 0 0 -1 3 0 0 0 0 0 0 0 0 0 0 0 0 0
695 3390 (LogRetentionJob) S 333 333 0 0 -1 1077936192 10 450442 0 220 0 0 1229 2211 20 0 307 0 138429987 2172223488 25662 18446744073709551615 1 1 0 0 0 0 4612 1 1073775864 0 0 0 -1 0 0 0 0 0 0 0 0 0 0 0 0 0 0
695 353 (LogRetentionJob) S 333 333 0 0 -1 1077936192 9 450442 0 220 0 0 1229 2211 20 0 307 0 181644164 2172223488 25662 18446744073709551615 1 1 0 0 0 0 4612 1 1073775864 0 0 0 -1 3 0 0 0 0 0 0 0 0 0 0 0 0 0
695 4400 (Binder:695_F) S 333 333 0 0 -1 1077936448 103539 450442 5924 220 11502 5028 1229 2211 20 0 307 0 9269 2172223488 25662 18446744073709551615 1 1 0 0 0 0 4612 1 1073775864 0 0 0 -1 0 0 0 0 0 0 0 0 0 0 0 0 0 0
695 4552 (AmazonFingerPri) S 333 333 0 0 -1 1077936192 6 450442 0 220 0 0 1229 2211 30 10 307 0 216366254 2172223488 25662 18446744073709551615 1 1 0 0 0 0 4612 1 1073775864 0 0 0 -1 0 0 0 0 0 0 0 0 0 0 0 0 0 0
695 4634 (AmazonKeyEventL) S 333 333 0 0 -1 1077936192 1126 450442 586 220 51 52 1229 2211 20 0 307 0 9769 2172223488 25662 18446744073709551615 1 1 0 0 0 0 4612 1 1073775864 0 0 0 -1 1 0 0 0 0 0 0 0 0 0 0 0 0 0
695 4882 (Binder:695_10) S 333 333 0 0 -1 1077936448 118908 450442 5345 220 13553 6342 1229 2211 20 0 307 0 10131 2172223488 25662 18446744073709551615 1 1 0 0 0 0 4612 1 1073775864 0 0 0 -1 0 0 0 0 0 0 0 0 0 0 0 0 0 0
695 4949 (LogRetentionJob) S 333 333 0 0 -1 1077936192 12 450442 0 220 0 0 1229 2211 20 0 307 0 34746810 2172223488 25662 18446744073709551615 1 1 0 0 0 0 4612 1 1073775864 0 0 0 -1 3 0 0 0 0 0 0 0 0 0 0 0 0 0
695 5713 (pool-6-thread-1) S 333 333 0 0 -1 1077936192 10825 450442 303 220 648 183 1229 2211 20 0 307 0 12369 2172223488 25662 18446744073709551615 1 1 0 0 0 0 4612 1 1073775864 0 0 0 -1 0 0 0 0 0 0 0 0 0 0 0 0 0 0
695 5832 (AmazonFingerPri) S 333 333 0 0 -1 1077936192 5 450442 0 220 0 0 1229 2211 30 10 307 0 138611723 2172223488 25662 18446744073709551615 1 1 0 0 0 0 4612 1 1073775864 0 0 0 -1 3 0 0 0 0 0 0 0 0 0 0 0 0 0
695 6078 (Binder:695_11) S 333 333 0 0 -1 1077936448 115744 450442 5306 220 12738 5674 1229 2211 20 0 307 0 13684 2172223488 25662 18446744073709551615 1 1 0 0 0 0 4612 1 1073775864 0 0 0 -1 0 0 0 0 0 0 0 0 0 0 0 0 0 0
695 6150 (LogRetentionJob) S 333 333 0 0 -1 1077936192 14 450442 4 220 0 0 1229 2211 20 0 307 0 224825959 2172223488 25662 18446744073709551615 1 1 0 0 0 0 4612 1 1073775864 0 0 0 -1 1 0 0 0 0 0 0 0 0 0 0 0 0 0
695 6304 (Binder:695_12) S 333 333 0 0 -1 1077936448 125146 450442 5517 220 14226 6411 1229 2211 20 0 307 0 14215 2172223488 25662 18446744073709551615 1 1 0 0 0 0 4612 1 1073775864 0 0 0 -1 2 0 0 0 0 0 0 0 0 0 0 0 0 0
695 6513 (LogRetentionJob) S 333 333 0 0 -1 1077936192 9 450442 0 220 0 0 1229 2211 20 0 307 0 173014960 2172223488 25662 18446744073709551615 1 1 0 0 0 0 4612 1 1073775864 0 0 0 -1 3 0 0 0 0 0 0 0 0 0 0 0 0 0
695 6541 (Binder:695_13) S 333 333 0 0 -1 1077936448 122503 450442 6775 220 13382 5987 1229 2211 20 0 307 0 15162 2172223488 25662 18446744073709551615 1 1 0 0 0 0 4612 1 1073775864 0 0 0 -1 1 0 0 0 0 0 0 0 0 0 0 0 0 0
695 6632 (Binder:695_14) S 333 333 0 0 -1 1077936448 155258 450442 5941 220 17114 7838 1229 2211 20 0 307 0 15411 2172223488 25662 18446744073709551615 1 1 0 0 0 0 4612 1 1073775864 0 0 0 -1 2 0 0 0 0 0 0 0 0 0 0 0 0 0
695 6785 (Binder:695_15) S 333 333 0 0 -1 1077936448 140070 450442 4785 220 15880 6946 1229 2211 20 0 307 0 15816 2172223488 25662 18446744073709551615 1 1 0 0 0 0 4612 1 1073775864 0 0 0 -1 0 0 0 0 0 0 0 0 0 0 0 0 0 0
695 695 (Binder:695_3) S 333 333 0 0 -1 1077936448 2764307 450442 43044 220 82331 20252 1229 2211 18 -2 307 0 1304 2172223488 25662 18446744073709551615 1 1 0 0 0 0 4612 1 1073775864 0 0 0 17 3 0 0 0 0 0 0 0 0 0 0 0 0 0
695 701 (Signal Catcher) S 333 333 0 0 -1 1077936192 46 450442 0 220 0 0 1229 2211 0 -20 307 0 1306 2172223488 25662 18446744073709551615 1 1 0 0 0 0 4096 1 1073775864 0 0 0 -1 1 0 0 0 0 0 0 0 0 0 0 0 0 0
695 702 (perfetto_hprof_) S 333 333 0 0 -1 4194368 5 450442 0 220 0 0 1229 2211 0 -20 307 0 1306 2172223488 25662 18446744073709551615 1 1 0 0 0 0 4612 1 1073775864 0 0 0 -1 1 0 0 0 0 0 0 0 0 0 0 0 0 0
695 703 (Jit thread pool) S 333 333 0 0 -1 1077936192 62222 450442 2466 220 386 138 1229 2211 20 0 307 0 1307 2172223488 25662 18446744073709551615 1 1 0 0 0 0 4612 1 1073775864 0 0 0 -1 3 0 0 0 0 0 0 0 0 0 0 0 0 0
695 704 (HeapTaskDaemon) S 333 333 0 0 -1 1077936192 2950728 450442 151925 220 102509 8175 1229 2211 24 4 307 0 1307 2172223488 25662 18446744073709551615 1 1 0 0 0 0 4612 1 1073775864 0 0 0 -1 3 0 0 0 0 0 0 0 0 0 0 0 0 0
695 705 (ReferenceQueueD) S 333 333 0 0 -1 1077936192 2752 450442 2535 220 2045 510 1229 2211 24 4 307 0 1307 2172223488 25662 18446744073709551615 1 1 0 0 0 0 4612 1 1073775864 0 0 0 -1 3 0 0 0 0 0 0 0 0 0 0 0 0 0
695 706 (FinalizerDaemon) S 333 333 0 0 -1 1077936192 7193 450442 1844 220 771 303 1229 2211 24 4 307 0 1307 2172223488 25662 18446744073709551615 1 1 0 0 0 0 4612 1 1073775864 0 0 0 -1 3 0 0 0 0 0 0 0 0 0 0 0 0 0
695 707 (FinalizerWatchd) S 333 333 0 0 -1 1077936192 45 450442 19 220 47 34 1229 2211 24 4 307 0 1307 2172223488 25662 18446744073709551615 1 1 0 0 0 0 4612 1 1073775864 0 0 0 -1 3 0 0 0 0 0 0 0 0 0 0 0 0 0
695 7145 (Timer-43) S 333 333 0 0 -1 1077936192 4 450442 2 220 0 0 1229 2211 20 0 307 0 267852421 2172223488 25662 18446744073709551615 1 1 0 0 0 0 4612 1 1073775864 0 0 0 -1 3 0 0 0 0 0 0 0 0 0 0 0 0 0
695 7260 (AmazonFingerPri) S 333 333 0 0 -1 1077936192 6 450442 1 220 0 0 1229 2211 30 10 307 0 34927250 2172223488 25662 18446744073709551615 1 1 0 0 0 0 4612 1 1073775864 0 0 0 -1 1 0 0 0 0 0 0 0 0 0 0 0 0 0
695 729 (Binder:695_1) S 333 333 0 0 -1 1077936448 137018 450442 4212 220 16467 7142 1229 2211 20 0 307 0 1538 2172223488 25662 18446744073709551615 1 1 0 0 0 0 4612 1 1073775864 0 0 0 -1 2 0 0 0 0 0 0 0 0 0 0 0 0 0
695 730 (Binder:695_2) S 333 333 0 0 -1 1077936448 100405 450442 4197 220 12278 5599 1229 2211 20 0 307 0 1538 2172223488 25662 18446744073709551615 1 1 0 0 0 0 4612 1 1073775864 0 0 0 -1 0 0 0 0 0 0 0 0 0 0 0 0 0 0
695 731 (android.fg) S 333 333 0 0 -1 1077936448 962753 450442 3419 220 24672 18237 1229 2211 20 0 307 0 1579 2172223488 25662 18446744073709551615 1 1 0 0 0 0 4612 1 1073775864 0 0 0 -1 2 0 0 0 0 0 0 0 0 0 0 0 0 0
695 732 (android.ui) S 333 333 0 0 -1 1077936448 11697 450442 2283 220 7116 5644 1229 2211 18 -2 307 0 1579 2172223488 25662 18446744073709551615 1 1 0 0 0 0 4612 1 1073775864 0 0 0 -1 2 0 0 0 0 0 0 0 0 0 0 0 0 0
695 733 (android.io) S 333 333 0 0 -1 1077936192 347709 450442 1108 220 6494 3573 1229 2211 20 0 307 0 1579 2172223488 25662 18446744073709551615 1 1 0 0 0 0 4612 1 1073775864 0 0 0 -1 2 0 0 0 0 0 0 0 0 0 0 0 0 0
695 734 (android.display) S 333 333 0 0 -1 1077936448 40656 450442 6514 220 1487 737 1229 2211 17 -3 307 0 1579 2172223488 25662 18446744073709551615 1 1 0 0 0 0 4612 1 1073775864 0 0 0 -1 2 0 0 0 0 0 0 0 0 0 0 0 0 0
695 735 (android.anim) S 333 333 0 0 -1 1077936192 1495421 450442 12685 220 3255 1611 1229 2211 16 -4 307 0 1579 2172223488 25662 18446744073709551615 1 1 0 0 0 0 4612 1 1073775864 0 0 0 -1 0 0 0 0 0 0 0 0 0 0 0 0 0 0
695 736 (android.anim.lf) S 333 333 0 0 -1 1077936192 1030 450442 670 220 335 250 1229 2211 16 -4 307 0 1579 2172223488 25662 18446744073709551615 1 1 0 0 0 0 4612 1 1073775864 0 0 0 -1 2 0 0 0 0 0 0 0 0 0 0 0 0 0
695 737 (watchdog) S 333 333 0 0 -1 1077936192 8306 450442 169 220 1551 1065 1229 2211 20 0 307 0 1579 2172223488 25662 18446744073709551615 1 1 0 0 0 0 4612 1 1073775864 0 0 0 -1 3 0 0 0 0 0 0 0 0 0 0 0 0 0
695 739 (PackageRecency ) S 333 333 0 0 -1 1077936192 397 450442 149 220 16 9 1229 2211 30 10 307 0 1585 2172223488 25662 18446744073709551615 1 1 0 0 0 0 4612 1 1073775864 0 0 0 -1 1 0 0 0 0 0 0 0 0 0 0 0 0 0
695 740 (android.bg) S 333 333 0 0 -1 1077936448 1044740 450442 29686 220 25321 74269 1229 2211 30 10 307 0 1586 2172223488 25662 18446744073709551615 1 1 0 0 0 0 4612 1 1073775864 0 0 0 -1 3 0 0 0 0 0 0 0 0 0 0 0 0 0
695 741 (ActivityManager) S 333 333 0 0 -1 1077936448 130332 450442 8327 220 14307 32763 1229 2211 18 -2 307 0 1587 2172223488 25662 18446744073709551615 1 1 0 0 0 0 4612 1 1073775864 0 0 0 -1 3 0 0 0 0 0 0 0 0 0 0 0 0 0
695 742 (ActivityManager) S 333 333 0 0 -1 1077936448 53391 450442 994 220 952 600 1229 2211 18 -2 307 0 1587 2172223488 25662 18446744073709551615 1 1 0 0 0 0 4612 1 1073775864 0 0 0 -1 0 0 0 0 0 0 0 0 0 0 0 0 0 0
695 743 (ActivityManager) S 333 333 0 0 -1 1077936448 4304 450442 2126 220 322 1204 1229 2211 30 10 307 0 1601 2172223488 25662 18446744073709551615 1 1 0 0 0 0 4612 1 1073775864 0 0 0 -1 0 0 0 0 0 0 0 0 0 0 0 0 0 0
695 744 (ActivityManager) S 333 333 0 0 -1 1077936192 3802 450442 1650 220 209 224 1229 2211 30 10 307 0 1601 2172223488 25662 18446744073709551615 1 1 0 0 0 0 4612 1 1073775864 0 0 0 -1 0 0 0 0 0 0 0 0 0 0 0 0 0 0
695 745 (Thread-2) S 333 333 0 0 -1 1077936192 139 450442 286 220 3 194 1229 2211 20 0 307 0 1601 2172223488 25662 18446744073709551615 1 1 0 0 0 0 4612 1 1073775864 0 0 0 -1 1 0 0 0 0 0 0 0 0 0 0 0 0 0
695 746 (OomAdjuster) S 333 333 0 0 -1 1077936448 5099 450442 202 220 8643 34831 1229 2211 10 -10 307 0 1601 2172223488 25662 18446744073709551615 1 1 0 0 0 0 4612 1 1073775864 0 0 0 -1 0 0 0 0 0 0 0 0 0 0 0 0 0 0
695 747 (batterystats-wo) S 333 333 0 0 -1 1077936192 344026 450442 5640 220 4074 3540 1229 2211 20 0 307 0 1604 2172223488 25662 18446744073709551615 1 1 0 0 0 0 4612 1 1073775864 0 0 0 -1 0 0 0 0 0 0 0 0 0 0 0 0 0 0
695 748 (FileObserver) S 333 333 0 0 -1 4194368 83 450442 26 220 0 1 1229 2211 20 0 307 0 1626 2172223488 25662 18446744073709551615 1 1 0 0 0 0 4612 1 1073775864 0 0 0 -1 0 0 0 0 0 0 0 0 0 0 0 0 0 0
695 749 (CpuTracker) S 333 333 0 0 -1 1077936448 7602 450442 384 220 2938 12114 1229 2211 20 0 307 0 1628 2172223488 25662 18446744073709551615 1 1 0 0 0 0 4612 1 1073775864 0 0 0 -1 1 0 0 0 0 0 0 0 0 0 0 0 0 0
695 750 (Thread-3) S 333 333 0 0 -1 1077936192 8 450442 0 220 0 0 1229 2211 18 -2 307 0 1629 2172223488 25662 18446744073709551615 1 1 0 0 0 0 4612 1 1073775864 0 0 0 -1 2 0 0 0 0 0 0 0 0 0 0 0 0 0
695 751 (Thread-4) S 333 333 0 0 -1 1077936192 6 450442 0 220 0 0 1229 2211 18 -2 307 0 1629 2172223488 25662 18446744073709551615 1 1 0 0 0 0 4612 1 1073775864 0 0 0 -1 1 0 0 0 0 0 0 0 0 0 0 0 0 0
695 752 (Thread-5) S 333 333 0 0 -1 1077936192 279 450442 194 220 6048 20455 1229 2211 18 -2 307 0 1629 2172223488 25662 18446744073709551615 1 1 0 0 0 0 4612 1 1073775864 0 0 0 -1 0 0 0 0 0 0 0 0 0 0 0 0 0 0
695 753 (AmazonPowerMana) S 333 333 0 0 -1 1077936192 1133 450442 258 220 96 32 1229 2211 25 5 307 0 1630 2172223488 25662 18446744073709551615 1 1 0 0 0 0 4612 1 1073775864 0 0 0 -1 0 0 0 0 0 0 0 0 0 0 0 0 0 0
695 754 (SuspendToRamVen) S 333 333 0 0 -1 1077936192 46 450442 22 220 0 0 1229 2211 25 5 307 0 1630 2172223488 25662 18446744073709551615 1 1 0 0 0 0 4612 1 1073775864 0 0 0 -1 3 0 0 0 0 0 0 0 0 0 0 0 0 0
695 755 (HomeLauncherCal) S 333 333 0 0 -1 1077936448 208 450442 53 220 8 8 1229 2211 25 5 307 0 1630 2172223488 25662 18446744073709551615 1 1 0 0 0 0 4612 1 1073775864 0 0 0 -1 0 0 0 0 0 0 0 0 0 0 0 0 0 0
695 756 (PowerManagerSer) S 333 333 0 0 -1 1077936448 8642 450442 1289 220 2230 1993 1229 2211 10 -10 307 0 1630 2172223488 25662 18446744073709551615 1 1 0 0 0 0 4612 1 1073775864 0 0 0 -1 3 0 0 0 0 0 0 0 0 0 0 0 0 0
695 757 (HwBinder:695_1) S 333 333 0 0 -1 1077936192 3792 450442 340 220 325 100 1229 2211 20 0 307 0 1631 2172223488 25662 18446744073709551615 1 1 0 0 0 0 4612 1 1073775864 0 0 0 -1 3 0 0 0 0 0 0 0 0 0 0 0 0 0
695 758 (BatteryStats_wa) S 333 333 0 0 -1 1077936192 6 450442 0 220 0 0 1229 2211 18 -2 307 0 1631 2172223488 25662 18446744073709551615 1 1 0 0 0 0 4612 1 1073775864 0 0 0 -1 2 0 0 0 0 0 0 0 0 0 0 0 0 0
695 760 (PackageManager) S 333 333 0 0 -1 1077936192 6 450442 0 220 0 0 1229 2211 30 10 307 0 1639 2172223488 25662 18446744073709551615 1 1 0 0 0 0 4612 1 1073775864 0 0 0 -1 1 0 0 0 0 0 0 0 0 0 0 0 0 0
695 761 (PackageManager) S 333 333 0 0 -1 1077936448 427633 450442 7570 220 13321 4446 1229 2211 30 10 307 0 1652 2172223488 25662 18446744073709551615 1 1 0 0 0 0 4612 1 1073775864 0 0 0 -1 3 0 0 0 0 0 0 0 0 0 0 0 0 0
695 772 (PackageInstalle) S 333 333 0 0 -1 1077936192 171039 450442 3801 220 3148 792 1229 2211 20 0 307 0 2983 2172223488 25662 18446744073709551615 1 1 0 0 0 0 4612 1 1073775864 0 0 0 -1 1 0 0 0 0 0 0 0 0 0 0 0 0 0
695 7739 (Binder:695_16) S 333 333 0 0 -1 1077936448 144302 450442 5297 220 16520 7167 1229 2211 20 0 307 0 18295 2172223488 25662 18446744073709551615 1 1 0 0 0 0 4612 1 1073775864 0 0 0 -1 2 0 0 0 0 0 0 0 0 0 0 0 0 0
695 775 (HealthServiceHw) S 333 333 0 0 -1 1077936192 6 450442 0 220 0 0 1229 2211 20 0 307 0 3058 2172223488 25662 18446744073709551615 1 1 0 0 0 0 4612 1 1073775864 0 0 0 -1 0 0 0 0 0 0 0 0 0 0 0 0 0 0
695 778 (RollbackPackage) S 333 333 0 0 -1 1077936192 9 450442 0 220 0 0 1229 2211 20 0 307 0 3060 2172223488 25662 18446744073709551615 1 1 0 0 0 0 4612 1 1073775864 0 0 0 -1 1 0 0 0 0 0 0 0 0 0 0 0 0 0
695 779 (RollbackManager) S 333 333 0 0 -1 1077936192 1526 450442 295 220 62 39 1229 2211 20 0 307 0 3061 2172223488 25662 18446744073709551615 1 1 0 0 0 0 4612 1 1073775864 0 0 0 -1 0 0 0 0 0 0 0 0 0 0 0 0 0 0
695 7793 (LogRetentionJob) S 333 333 0 0 -1 1077936192 10 450442 1 220 0 0 1229 2211 20 0 307 0 95242888 2172223488 25662 18446744073709551615 1 1 0 0 0 0 4612 1 1073775864 0 0 0 -1 0 0 0 0 0 0 0 0 0 0 0 0 0 0
695 781 (AccountManagerS) S 333 333 0 0 -1 1077936192 2431 450442 956 220 75 33 1229 2211 18 -2 307 0 3064 2172223488 25662 18446744073709551615 1 1 0 0 0 0 4612 1 1073775864 0 0 0 -1 3 0 0 0 0 0 0 0 0 0 0 0 0 0
695 782 (SettingsProvide) S 333 333 0 0 -1 1077936192 11483 450442 1070 220 598 231 1229 2211 30 10 307 0 3067 2172223488 25662 18446744073709551615 1 1 0 0 0 0 4612 1 1073775864 0 0 0 -1 1 0 0 0 0 0 0 0 0 0 0 0 0 0
695 787 (AlarmManager) S 333 333 0 0 -1 1077936448 20120 450442 857 220 1692 1454 1229 2211 20 0 307 0 3142 2172223488 25662 18446744073709551615 1 1 0 0 0 0 4612 1 1073775864 0 0 0 -1 1 0 0 0 0 0 0 0 0 0 0 0 0 0
695 789 (AmazonAccMgrCal) S 333 333 0 0 -1 1077936192 5 450442 0 220 0 0 1229 2211 30 10 307 0 3150 2172223488 25662 18446744073709551615 1 1 0 0 0 0 4612 1 1073775864 0 0 0 -1 1 0 0 0 0 0 0 0 0 0 0 0 0 0
695 790 (MagnifierSettin) S 333 333 0 0 -1 1077936192 5 450442 0 220 0 0 1229 2211 20 0 307 0 3152 2172223488 25662 18446744073709551615 1 1 0 0 0 0 4612 1 1073775864 0 0 0 -1 2 0 0 0 0 0 0 0 0 0 0 0 0 0
695 792 (CustomAppLaunch) S 333 333 0 0 -1 1077936192 4 450442 0 220 0 0 1229 2211 25 5 307 0 3155 2172223488 25648 18446744073709551615 1 1 0 0 0 0 4612 1 1073775864 0 0 0 -1 2 0 0 0 0 0 0 0 0 0 0 0 0 0
695 793 (UEventObserver) S 333 333 0 0 -1 4194624 730 450442 284 220 30 34 1229 2211 20 0 307 0 3156 2172223488 25648 18446744073709551615 1 1 0 0 0 0 4612 1 1073775864 0 0 0 -1 1 0 0 0 0 0 0 0 0 0 0 0 0 0
695 794 (AmazonWindowMet) S 333 333 0 0 -1 1077936192 6450 450442 927 220 125 43 1229 2211 20 0 307 0 3157 2172223488 25648 18446744073709551615 1 1 0 0 0 0 4612 1 1073775864 0 0 0 -1 1 0 0 0 0 0 0 0 0 0 0 0 0 0
695 795 (ArcusConfig) S 333 333 0 0 -1 1077936192 151 450442 102 220 2 2 1229 2211 20 0 307 0 3157 2172223488 25648 18446744073709551615 1 1 0 0 0 0 4612 1 1073775864 0 0 0 -1 1 0 0 0 0 0 0 0 0 0 0 0 0 0
695 796 (PipUpdateHandle) S 333 333 0 0 -1 1077936192 5 450442 0 220 0 0 1229 2211 20 0 307 0 3157 2172223488 25648 18446744073709551615 1 1 0 0 0 0 4612 1 1073775864 0 0 0 -1 2 0 0 0 0 0 0 0 0 0 0 0 0 0
695 797 (InputDispatcher) S 333 333 0 0 -1 1077936192 3655 450442 1877 220 483 1139 1229 2211 12 -8 307 0 3157 2172223488 25648 18446744073709551615 1 1 0 0 0 0 4612 1 1073775864 0 0 0 -1 3 0 0 0 0 0 0 0 0 0 0 0 0 0
695 798 (InputReader) S 333 333 0 0 -1 1077936448 10575 450442 1724 220 563 1240 1229 2211 12 -8 307 0 3157 2172223488 25648 18446744073709551615 1 1 0 0 0 0 4612 1 1073775864 0 0 0 -1 3 0 0 0 0 0 0 0 0 0 0 0 0 0
695 800 (NetworkWatchlis) S 333 333 0 0 -1 1077936192 76721 450442 1157 220 2438 1317 1229 2211 30 10 307 0 3160 2172223488 25648 18446744073709551615 1 1 0 0 0 0 4612 1 1073775864 0 0 0 -1 3 0 0 0 0 0 0 0 0 0 0 0 0 0
695 801 (AppIntegrityMan) S 333 333 0 0 -1 1077936448 28702 450442 3986 220 390 185 1229 2211 20 0 307 0 3160 2172223488 25648 18446744073709551615 1 1 0 0 0 0 4612 1 1073775864 0 0 0 -1 2 0 0 0 0 0 0 0 0 0 0 0 0 0
695 802 (StorageManagerS) S 333 333 0 0 -1 1077936192 1277 450442 151 220 17 12 1229 2211 20 0 307 0 3165 2172223488 25648 18446744073709551615 1 1 0 0 0 0 4612 1 1073775864 0 0 0 -1 3 0 0 0 0 0 0 0 0 0 0 0 0 0
695 8454 (AmazonFingerPri) S 333 333 0 0 -1 1077936192 6 450442 6 220 0 1 1229 2211 30 10 307 0 225006254 2172223488 25648 18446744073709551615 1 1 0 0 0 0 4612 1 1073775864 0 0 0 -1 3 0 0 0 0 0 0 0 0 0 0 0 0 0
695 8880 (Binder:695_17) S 333 333 0 0 -1 1077936448 180045 450442 5621 220 19881 8899 1229 2211 20 0 307 0 20691 2172223488 25648 18446744073709551615 1 1 0 0 0 0 4612 1 1073775864 0 0 0 -1 0 0 0 0 0 0 0 0 0 0 0 0 0 0
695 8961 (AmazonFingerPri) S 333 333 0 0 -1 1077936192 5 450442 0 220 0 0 1229 2211 30 10 307 0 173172283 2172223488 25713 18446744073709551615 1 1 0 0 0 0 4612 1 1073775864 0 0 0 -1 0 0 0 0 0 0 0 0 0 0 0 0 0 0
695 9268 (AudioTrack) S 333 333 0 0 -1 1077936192 8 450442 3 220 0 0 1229 2211 4 -16 307 0 200357252 2172223488 25713 18446744073709551615 1 1 0 0 0 0 4612 1 1073775864 0 0 0 -1 2 0 0 0 0 0 0 0 0 0 0 0 0 0
695 9484 (Binder:695_18) S 333 333 0 0 -1 1077936448 184288 450442 7235 220 22095 9908 1229 2211 20 0 307 0 21846 2172223488 25713 18446744073709551615 1 1 0 0 0 4096 4612 1 1073775864 0 0 0 -1 0 0 0 0 0 0 0 0 0 0 0 0 0 0
695 970 (LockSettingsSer) S 333 333 0 0 -1 1077936192 9 450442 0 220 0 0 1229 2211 30 10 307 0 5587 2172223488 25713 18446744073709551615 1 1 0 0 0 0 4612 1 1073775864 0 0 0 -1 0 0 0 0 0 0 0 0 0 0 0 0 0 0
695 973 (NetworkStats) S 333 333 0 0 -1 1077936448 9487940 450442 7228 220 577653 18289 1229 2211 20 0 307 0 5614 2172223488 25713 18446744073709551615 1 1 0 0 0 0 4612 1 1073775864 0 0 0 -1 3 0 0 0 0 0 0 0 0 0 0 0 0 0
695 974 (NetworkPolicy) S 333 333 0 0 -1 1077936192 2876728 450442 725 220 29916 5902 1229 2211 20 0 307 0 5615 2172223488 25713 18446744073709551615 1 1 0 0 0 0 4612 1 1073775864 0 0 0 -1 1 0 0 0 0 0 0 0 0 0 0 0 0 0
695 975 (tworkPolicy.uid) S 333 333 0 0 -1 1077936192 58074 450442 695 220 703 702 1229 2211 18 -2 307 0 5615 2172223488 25713 18446744073709551615 1 1 0 0 0 0 4612 1 1073775864 0 0 0 -1 1 0 0 0 0 0 0 0 0 0 0 0 0 0
695 976 (AsyncChannelHan) S 333 333 0 0 -1 1077936192 6 450442 0 220 0 0 1229 2211 20 0 307 0 5619 2172223488 25713 18446744073709551615 1 1 0 0 0 0 4612 1 1073775864 0 0 0 -1 1 0 0 0 0 0 0 0 0 0 0 0 0 0
695 977 (WifiHandlerThre) S 333 333 0 0 -1 1077936448 2194686 450442 14243 220 61096 21308 1229 2211 20 0 307 0 5619 2172223488 25713 18446744073709551615 1 1 0 0 0 0 4612 1 1073775864 0 0 0 -1 0 0 0 0 0 0 0 0 0 0 0 0 0 0
695 978 (WifiP2pService) S 333 333 0 0 -1 1077936192 1458 450442 478 220 22 23 1229 2211 20 0 307 0 5619 2172223488 25713 18446744073709551615 1 1 0 0 0 0 4612 1 1073775864 0 0 0 -1 1 0 0 0 0 0 0 0 0 0 0 0 0 0
695 979 (PasspointProvis) S 333 333 0 0 -1 1077936192 86 450442 2 220 4 1 1229 2211 20 0 307 0 5619 2172223488 25713 18446744073709551615 1 1 0 0 0 0 4612 1 1073775864 0 0 0 -1 1 0 0 0 0 0 0 0 0 0 0 0 0 0
695 980 (WifiScanningSer) S 333 333 0 0 -1 1077936448 2681 450442 63 220 78 9 1229 2211 20 0 307 0 5643 2172223488 25713 18446744073709551615 1 1 0 0 0 0 4612 1 1073775864 0 0 0 -1 2 0 0 0 0 0 0 0 0 0 0 0 0 0
695 981 (ConnectivitySer) S 333 333 0 0 -1 1077936192 1206483 450442 2776 220 63745 2901 1229 2211 20 0 307 0 5649 2172223488 25713 18446744073709551615 1 1 0 0 0 0 4612 1 1073775864 0 0 0 -1 2 0 0 0 0 0 0 0 0 0 0 0 0 0
695 9814 (AmazonFingerPri) S 333 333 0 0 -1 1077936192 6 450442 0 220 0 0 1229 2211 30 10 307 0 95407880 2172223488 25713 18446744073709551615 1 1 0 0 0 0 4612 1 1073775864 0 0 0 -1 0 0 0 0 0 0 0 0 0 0 0 0 0 0
695 982 (roid.pacmanager) S 333 333 0 0 -1 1077936192 5 450442 0 220 0 0 1229 2211 20 0 307 0 5649 2172223488 25713 18446744073709551615 1 1 0 0 0 0 4612 1 1073775864 0 0 0 -1 1 0 0 0 0 0 0 0 0 0 0 0 0 0
695 983 (NsdService) S 333 333 0 0 -1 1077936192 6 450442 0 220 0 0 1229 2211 20 0 307 0 5651 2172223488 25713 18446744073709551615 1 1 0 0 0 0 4612 1 1073775864 0 0 0 -1 3 0 0 0 0 0 0 0 0 0 0 0 0 0
695 984 (mDnsConnector) S 333 333 0 0 -1 1077936192 6 450442 0 220 0 0 1229 2211 20 0 307 0 5652 2172223488 25713 18446744073709551615 1 1 0 0 0 0 4612 1 1073775864 0 0 0 -1 0 0 0 0 0 0 0 0 0 0 0 0 0 0
695 985 (ranker) S 333 333 0 0 -1 1077936192 105758 450442 340 220 934 168 1229 2211 30 10 307 0 5655 2172223488 25713 18446744073709551615 1 1 0 0 0 0 4612 1 1073775864 0 0 0 -1 2 0 0 0 0 0 0 0 0 0 0 0 0 0
695 986 (notification-sq) S 333 333 0 0 -1 1077936192 6960 450442 4470 220 368 1323 1229 2211 30 10 307 0 5655 2172223488 25713 18446744073709551615 1 1 0 0 0 0 4612 1 1073775864 0 0 0 -1 0 0 0 0 0 0 0 0 0 0 0 0 0 0
695 987 (onProviders.ECP) S 333 333 0 0 -1 1077936448 106 450442 42 220 4 7 1229 2211 30 10 307 0 5655 2172223488 25713 18446744073709551615 1 1 0 0 0 0 4612 1 1073775864 0 0 0 -1 2 0 0 0 0 0 0 0 0 0 0 0 0 0
695 988 (DeviceStorageMo) S 333 333 0 0 -1 1077936192 20797 450442 706 220 3272 3594 1229 2211 30 10 307 0 5658 2172223488 25713 18446744073709551615 1 1 0 0 0 0 4612 1 1073775864 0 0 0 -1 0 0 0 0 0 0 0 0 0 0 0 0 0 0
695 989 (AS.SfxWorker) S 333 333 0 0 -1 1077936192 554 450442 150 220 36 43 1229 2211 20 0 307 0 5659 2172223488 25713 18446744073709551615 1 1 0 0 0 0 4612 1 1073775864 0 0 0 -1 2 0 0 0 0 0 0 0 0 0 0 0 0 0
695 990 (AudioService) S 333 333 0 0 -1 1077936192 684 450442 301 220 20 18 1229 2211 20 0 307 0 5660 2172223488 25713 18446744073709551615 1 1 0 0 0 0 4612 1 1073775864 0 0 0 -1 0 0 0 0 0 0 0 0 0 0 0 0 0 0
695 991 (AudioDeviceBrok) S 333 333 0 0 -1 1077936192 350 450442 236 220 14 9 1229 2211 20 0 307 0 5662 2172223488 25713 18446744073709551615 1 1 0 0 0 0 4612 1 1073775864 0 0 0 -1 3 0 0 0 0 0 0 0 0 0 0 0 0 0
695 992 (Thread-8) S 333 333 0 0 -1 1077936192 8 450442 0 220 0 0 1229 2211 20 0 307 0 5673 2172223488 25713 18446744073709551615 1 1 0 0 0 0 4612 1 1073775864 0 0 0 -1 0 0 0 0 0 0 0 0 0 0 0 0 0 0
695 994 (HwBinder:695_2) S 333 333 0 0 -1 1077936192 3021 450442 259 220 264 82 1229 2211 20 0 307 0 5676 2172223488 25713 18446744073709551615 1 1 0 0 0 0 4612 1 1073775864 0 0 0 -1 2 0 0 0 0 0 0 0 0 0 0 0 0 0
695 995 (HwBinder:695_3) S 333 333 0 0 -1 1077936192 3887 450442 343 220 327 99 1229 2211 20 0 307 0 5676 2172223488 25713 18446744073709551615 1 1 0 0 0 0 4612 1 1073775864 0 0 0 -1 2 0 0 0 0 0 0 0 0 0 0 0 0 0
695 9959 (Binder:695_19) S 333 333 0 0 -1 1077936448 169678 450442 6107 220 19347 8446 1229 2211 20 0 307 0 22768 2172223488 25713 18446744073709551615 1 1 0 0 0 0 4612 1 1073775864 0 0 0 -1 2 0 0 0 0 0 0 0 0 0 0 0 0 0
695 997 (ConnectivityThr) S 333 333 0 0 -1 1077936192 13983 450442 299 220 245 97 1229 2211 20 0 307 0 5677 2172223488 25713 18446744073709551615 1 1 0 0 0 0 4612 1 1073775864 0 0 0 -1 1 0 0 0 0 0 0 0 0 0 0 0 0 0
695 999 (backup) S 333 333 0 0 -1 1077936192 9 450442 0 220 0 0 1229 2211 30 10 307 0 5678 2172223488 25713 18446744073709551615 1 1 0 0 0 0 4612 1 1073775864 0 0 0 -1 3 0 0 0 0 0 0 0 0 0 0 0 0 0
421 12715 (Binder:421_B) S 1 421 0 0 -1 1077936192 1339 0 974 0 992 1115 0 0 20 0 27 0 56183809 82833408 1117 18446744073709551615 1 1 0 0 0 0 0 4096 1073775864 0 0 0 -1 2 0 0 0 0 0 0 0 0 0 0 0 0 0
421 13139 (Binder:421_8) S 1 421 0 0 -1 1077936192 1609 0 1443 0 1109 1335 0 0 20 0 27 0 170936 82833408 1117 18446744073709551615 1 1 0 0 0 0 0 4096 1073775864 0 0 0 -1 2 0 0 0 0 0 0 0 0 0 0 0 0 0
421 1497 (Binder:421_4) S 1 421 0 0 -1 1077936192 1312 0 1556 0 975 1180 0 0 20 0 27 0 5982 82833408 1117 18446744073709551615 1 1 0 0 0 0 0 4096 1073775864 0 0 0 -1 0 0 0 0 0 0 0 0 0 0 0 0 0 0
421 1755 (Binder:421_5) S 1 421 0 0 -1 1077936192 1148 0 1575 0 874 1036 0 0 20 0 27 0 6211 82833408 1117 18446744073709551615 1 1 0 0 0 0 0 4096 1073775864 0 0 0 -1 2 0 0 0 0 0 0 0 0 0 0 0 0 0
421 20227 (Binder:421_9) S 1 421 0 0 -1 1077936192 957 0 1116 0 994 1197 0 0 20 0 27 0 3538829 82833408 1117 18446744073709551615 1 1 0 0 0 0 0 4096 1073775864 0 0 0 -1 2 0 0 0 0 0 0 0 0 0 0 0 0 0
421 2098 (Binder:421_E) S 1 421 0 0 -1 1077936192 960 0 1154 0 921 1123 0 0 20 0 27 0 222558174 82833408 1117 18446744073709551615 1 1 0 0 0 0 0 4096 1073775864 0 0 0 -1 2 0 0 0 0 0 0 0 0 0 0 0 0 0
421 2176 (Binder:421_F) S 1 421 0 0 -1 1077936192 1059 0 1453 0 942 1084 0 0 20 0 27 0 222560643 82833408 1117 18446744073709551615 1 1 0 0 0 0 0 4096 1073775864 0 0 0 -1 2 0 0 0 0 0 0 0 0 0 0 0 0 0
421 22281 (Binder:421_A) S 1 421 0 0 -1 1077936192 1316 0 1632 0 880 1072 0 0 20 0 27 0 12975899 82833408 1117 18446744073709551615 1 1 0 0 0 0 0 4096 1073775864 0 0 0 -1 2 0 0 0 0 0 0 0 0 0 0 0 0 0
421 2304 (Binder:421_10) S 1 421 0 0 -1 1077936192 996 0 1215 0 1083 1244 0 0 20 0 27 0 222563395 82833408 1117 18446744073709551615 1 1 0 0 0 0 0 4096 1073775864 0 0 0 -1 0 0 0 0 0 0 0 0 0 0 0 0 0 0
421 2961 (Binder:421_C) S 1 421 0 0 -1 1077936192 898 0 1309 0 752 899 0 0 20 0 27 0 64815230 82833408 1117 18446744073709551615 1 1 0 0 0 0 0 4096 1073775864 0 0 0 -1 2 0 0 0 0 0 0 0 0 0 0 0 0 0
421 30043 (HwBinder:421_3) S 1 421 0 0 -1 1077936192 12 0 11 0 0 0 0 0 20 0 27 0 253212263 82833408 1117 18446744073709551615 1 1 0 0 0 0 0 4096 1073775864 0 0 0 -1 2 0 0 0 0 0 0 0 0 0 0 0 0 0
421 4158 (Binder:421_6) S 1 421 0 0 -1 1077936192 1956 0 2630 0 1012 1176 0 0 20 0 27 0 8659 82833408 1117 18446744073709551615 1 1 0 0 0 0 0 4096 1073775864 0 0 0 -1 2 0 0 0 0 0 0 0 0 0 0 0 0 0
421 421 (audioserver) S 1 421 0 0 -1 1077936384 4395 0 1752 0 940 1122 0 0 20 0 27 0 859 82833408 1117 18446744073709551615 1 1 0 0 0 0 0 4096 1073775864 0 0 0 17 2 0 0 0 0 0 0 0 0 0 0 0 0 0
421 465 (DeviceEffectMan) S 1 421 0 0 -1 1077936192 40 0 67 0 0 0 0 0 4 -16 27 0 888 82833408 1117 18446744073709551615 1 1 0 0 0 0 0 4096 1073775864 0 0 0 -1 3 0 0 0 0 0 0 0 0 0 0 0 0 0
421 473 (HwBinder:421_1) S 1 421 0 0 -1 1077936192 10 0 8 0 0 0 0 0 20 0 27 0 894 82833408 1117 18446744073709551615 1 1 0 0 0 0 0 4096 1073775864 0 0 0 -1 3 0 0 0 0 0 0 0 0 0 0 0 0 0
421 474 (HwBinder:421_2) S 1 421 0 0 -1 1077936192 30 0 34 0 0 0 0 0 20 0 27 0 894 82833408 1117 18446744073709551615 1 1 0 0 0 0 0 4096 1073775864 0 0 0 -1 3 0 0 0 0 0 0 0 0 0 0 0 0 0
421 6116 (Binder:421_7) S 1 421 0 0 -1 1077936192 1445 0 2109 0 988 1163 0 0 20 0 27 0 13799 82833408 1117 18446744073709551615 1 1 0 0 0 0 0 4096 1073775864 0 0 0 -1 2 0 0 0 0 0 0 0 0 0 0 0 0 0
421 626 (ApmAudio) S 1 421 0 0 -1 1077936192 220 0 410 0 8 9 0 0 4 -16 27 0 1188 82833408 1117 18446744073709551615 1 1 0 0 0 0 0 4096 1073775864 0 0 0 -1 1 0 0 0 0 0 0 0 0 0 0 0 0 0
421 627 (ApmOutput) S 1 421 0 0 -1 1077936192 1486 0 613 0 1664 655 0 0 4 -16 27 0 1188 82833408 1117 18446744073709551615 1 1 0 0 0 0 0 4096 1073775864 0 0 0 -1 0 0 0 0 0 0 0 0 0 0 0 0 0 0
421 652 (Binder:421_1) S 1 421 0 0 -1 1077936192 1761 0 1784 0 950 1079 0 0 20 0 27 0 1212 82833408 1117 18446744073709551615 1 1 0 0 0 0 0 4096 1073775864 0 0 0 -1 2 0 0 0 0 0 0 0 0 0 0 0 0 0
421 653 (Binder:421_2) S 1 421 0 0 -1 1077936192 1252 0 1578 0 928 1156 0 0 20 0 27 0 1212 82833408 1117 18446744073709551615 1 1 0 0 0 0 0 4096 1073775864 0 0 0 -1 2 0 0 0 0 0 0 0 0 0 0 0 0 0
421 683 (AudioOut_D) S 1 421 0 0 -1 1077936192 158265 0 4295 0 1014056 1166813 0 0 1 -19 27 0 1276 82833408 1117 18446744073709551615 1 1 0 0 0 0 0 4096 1073775864 0 0 0 -1 3 0 0 0 0 0 0 0 0 0 0 0 0 0
421 688 (FastMixer) S 1 421 0 0 -1 1077936192 1 0 0 0 0 0 0 0 -4 -19 27 0 1294 82833408 1117 18446744073709551615 1 1 0 0 0 0 0 4096 1073775864 0 0 0 -1 3 3 1 0 0 0 0 0 0 0 0 0 0 0
421 689 (AudioOut_15) S 1 421 0 0 -1 1077936192 951 0 1816 0 302 301 0 0 1 -19 27 0 1294 82833408 1117 18446744073709551615 1 1 0 0 0 0 0 4096 1073775864 0 0 0 -1 0 0 0 0 0 0 0 0 0 0 0 0 0 0
421 7056 (Binder:421_D) S 1 421 0 0 -1 1077936192 765 0 613 0 849 937 0 0 20 0 27 0 200307787 82833408 1117 18446744073709551615 1 1 0 0 0 0 0 4096 1073775864 0 0 0 -1 2 0 0 0 0 0 0 0 0 0 0 0 0 0
421 773 (Binder:421_3) S 1 421 0 0 -1 1077936192 1275 0 1452 0 934 1102 0 0 20 0 27 0 3007 82833408 1117 18446744073709551615 1 1 0 0 0 0 0 4096 1073775864 0 0 0 -1 2 0 0 0 0 0 0 0 0 0 0 0 0 0
421 776 (TimeCheckThread) S 1 421 0 0 -1 1077936192 36 0 41 0 710 2149 0 0 1 -19 27 0 3060 82833408 1117 18446744073709551615 1 1 0 0 0 0 0 4096 1073775864 0 0 0 -1 1 0 0 0 0 0 0 0 0 0 0 0 0 0
388 12955 (HwBinder:388_6) S 1 388 0 0 -1 1077952832 6464 0 828 0 4921 5618 0 0 20 0 14 0 254106422 87240704 766 18446744073709551615 1 1 0 0 0 0 0 0 1073775864 0 0 0 -1 1 0 0 0 0 0 0 0 0 0 0 0 0 0
388 1757 (HwBinder:388_3) S 1 388 0 0 -1 1077936448 13081 0 1118 0 19 18 0 0 20 0 14 0 6213 87240704 766 18446744073709551615 1 1 0 0 0 0 0 0 1073775864 0 0 0 -1 3 0 0 0 0 0 0 0 0 0 0 0 0 0
388 2240 (HwBinder:388_4) S 1 388 0 0 -1 1077952832 26751 0 2096 0 5112 6337 0 0 20 0 14 0 6658 87240704 766 18446744073709551615 1 1 0 0 0 0 0 0 1073775864 0 0 0 -1 1 0 0 0 0 0 0 0 0 0 0 0 0 0
388 388 (audio.service) S 1 388 0 0 -1 1077936384 16301 0 691 0 4907 5708 0 0 20 0 14 0 838 87240704 766 18446744073709551615 1 1 0 0 0 0 0 0 1073775864 0 0 0 17 1 0 0 0 0 0 0 0 0 0 0 0 0 0
388 406 (Binder:388_1) S 1 388 0 0 -1 1077936192 12 0 0 0 0 0 0 0 20 0 14 0 853 87240704 766 18446744073709551615 1 1 0 0 0 0 0 0 1073775864 0 0 0 -1 0 0 0 0 0 0 0 0 0 0 0 0 0 0
388 412 (Binder:388_2) S 1 388 0 0 -1 1077936192 2 0 0 0 0 0 0 0 20 0 14 0 856 87240704 766 18446744073709551615 1 1 0 0 0 0 0 0 1073775864 0 0 0 -1 0 0 0 0 0 0 0 0 0 0 0 0 0 0
388 436 (HwBinder:388_1) S 1 388 0 0 -1 1077936192 18248 0 971 0 2537 3281 0 0 20 0 14 0 869 87240704 766 18446744073709551615 1 1 0 0 0 0 0 0 1073775864 0 0 0 -1 3 0 0 0 0 0 0 0 0 0 0 0 0 0
388 437 (HwBinder:388_2) S 1 388 0 0 -1 1077952832 13506 0 2685 0 2653 3316 0 0 20 0 14 0 869 87240704 766 18446744073709551615 1 1 0 0 0 0 0 0 1073775864 0 0 0 -1 3 0 0 0 0 0 0 0 0 0 0 0 0 0
388 668 (audio.service) S 1 388 0 0 -1 1077936192 0 0 0 0 0 0 0 0 20 0 14 0 1231 87240704 766 18446744073709551615 1 1 0 0 0 0 0 0 1073775864 0 0 0 -1 2 0 0 0 0 0 0 0 0 0 0 0 0 0
388 679 (MS12ConfigThrea) S 1 388 0 0 -1 1077936192 1 0 0 0 0 0 0 0 -3 -19 14 0 1269 87240704 766 18446744073709551615 1 1 0 0 0 0 0 0 1073775864 0 0 0 -1 3 2 1 0 0 0 0 0 0 0 0 0 0 0
388 680 (audio.service) S 1 388 0 0 -1 1077936192 259 0 619 0 1 13 0 0 20 0 14 0 1271 87240704 766 18446744073709551615 1 1 0 0 0 0 0 0 1073775864 0 0 0 -1 3 0 0 0 0 0 0 0 0 0 0 0 0 0
388 687 (MixerThread) S 1 388 0 0 -1 1077936192 1 0 0 0 0 0 0 0 1 -19 14 0 1292 87240704 766 18446744073709551615 1 1 0 0 0 0 0 0 1073775864 0 0 0 -1 3 0 0 0 0 0 0 0 0 0 0 0 0 0
388 783 (writer) S 1 388 0 0 -1 1077936448 1226 0 1114 0 1357284 1138126 0 0 1 -19 14 0 3095 87240704 766 18446744073709551615 1 1 0 0 0 0 0 0 1073775864 0 0 0 -1 3 0 0 0 0 0 0 0 0 0 0 0 0 0
388 9833 (HwBinder:388_5) S 1 388 0 0 -1 1077952832 47533 0 4826 0 5945 7075 0 0 20 0 14 0 22494 87240704 766 18446744073709551615 1 1 0 0 0 0 0 0 1073775864 0 0 0 -1 2 0 0 0 0 0 0 0 0 0 0 0 0 0
7672 7672 (.deathride.perf) S 333 333 0 0 -1 1077936448 11646 0 205 0 240 40 0 0 10 -10 42 0 269440110 1502306304 44652 18446744073709551615 1 1 0 0 0 0 4612 1 1073775864 0 0 0 17 0 0 0 0 0 0 0 0 0 0 0 0 0 0
7672 7694 (Signal Catcher) S 333 333 0 0 -1 1077936192 58 0 0 0 0 0 0 0 12 -8 42 0 269440117 1502298112 44655 18446744073709551615 1 1 0 0 0 0 4096 1 1073775864 0 0 0 -1 0 0 0 0 0 0 0 0 0 0 0 0 0 0
7672 7696 (perfetto_hprof_) S 333 333 0 0 -1 4194368 10 0 0 0 0 0 0 0 0 -20 42 0 269440117 1502269440 44657 18446744073709551615 1 1 0 0 0 0 4612 1 1073775864 0 0 0 -1 3 0 0 0 0 0 0 0 0 0 0 0 0 0
7672 7704 (ADB-JDWP Connec) S 333 333 0 0 -1 4194368 10 0 0 0 0 0 0 0 0 -20 42 0 269440118 1502294016 44658 18446744073709551615 1 1 0 0 0 0 4612 1 1073775864 0 0 0 -1 0 0 0 0 0 0 0 0 0 0 0 0 0 0
7672 7705 (Jit thread pool) S 333 333 0 0 -1 1077936192 56253 0 371 0 320 64 0 0 20 0 42 0 269440118 1502375936 44659 18446744073709551615 1 1 0 0 0 0 4612 1 1073775864 0 0 0 -1 0 0 0 0 0 0 0 0 0 0 0 0 0 0
7672 7707 (HeapTaskDaemon) S 333 333 0 0 -1 1077936192 5398 0 2 0 80 14 0 0 24 4 42 0 269440118 1502306304 44660 18446744073709551615 1 1 0 0 0 0 4612 1 1073775864 0 0 0 -1 0 0 0 0 0 0 0 0 0 0 0 0 0 0
7672 7711 (ReferenceQueueD) S 333 333 0 0 -1 1077936192 10 0 0 0 9 0 0 0 24 4 42 0 269440118 1502306304 44663 18446744073709551615 1 1 0 0 0 0 4612 1 1073775864 0 0 0 -1 1 0 0 0 0 0 0 0 0 0 0 0 0 0
7672 7712 (FinalizerDaemon) S 333 333 0 0 -1 1077936192 48 0 0 0 0 0 0 0 24 4 42 0 269440118 1502306304 44663 18446744073709551615 1 1 0 0 0 0 4612 1 1073775864 0 0 0 -1 3 0 0 0 0 0 0 0 0 0 0 0 0 0
7672 7714 (FinalizerWatchd) S 333 333 0 0 -1 1077936192 5 0 0 0 0 0 0 0 24 4 42 0 269440118 1502306304 44666 18446744073709551615 1 1 0 0 0 0 4612 1 1073775864 0 0 0 -1 2 0 0 0 0 0 0 0 0 0 0 0 0 0
7672 7715 (Binder:7672_1) S 333 333 0 0 -1 1077936192 10 0 0 0 0 0 0 0 20 0 42 0 269440118 1502306304 44666 18446744073709551615 1 1 0 0 0 0 4612 1 1073775864 0 0 0 -1 0 0 0 0 0 0 0 0 0 0 0 0 0 0
7672 7716 (Binder:7672_2) S 333 333 0 0 -1 1077936192 134 0 1 0 1 0 0 0 20 0 42 0 269440118 1502306304 44667 18446744073709551615 1 1 0 0 0 0 4612 1 1073775864 0 0 0 -1 3 0 0 0 0 0 0 0 0 0 0 0 0 0
7672 7717 (Binder:7672_3) S 333 333 0 0 -1 1077936192 13 0 0 0 0 0 0 0 20 0 42 0 269440120 1502253056 44671 18446744073709551615 1 1 0 0 0 0 4612 1 1073775864 0 0 0 -1 0 0 0 0 0 0 0 0 0 0 0 0 0 0
7672 7724 (Profile Saver) S 333 333 0 0 -1 1077936192 86 0 0 0 1 0 0 0 29 9 42 0 269440171 1502273536 44671 18446744073709551615 1 1 0 0 0 0 4612 1 1073775864 0 0 0 -1 2 0 0 0 0 0 0 0 0 0 0 0 0 0
7672 7725 (RenderThread) S 333 333 0 0 -1 1077936192 446 0 0 0 1 1 0 0 10 -10 42 0 269440176 1502273536 44738 18446744073709551615 1 1 0 0 0 0 4612 1 1073775864 0 0 0 -1 1 0 0 0 0 0 0 0 0 0 0 0 0 0
7672 7732 (deathride-cours) S 333 333 0 0 -1 1077936192 607 0 0 0 111 0 0 0 33 13 42 0 269440273 1502380032 44674 18446744073709551615 1 1 0 0 0 0 4612 1 1073775864 0 0 0 -1 0 0 0 0 0 0 0 0 0 0 0 0 0 0
7672 7735 (AmazonAccMgrCal) S 333 333 0 0 -1 1077936192 6 0 0 0 0 0 0 0 30 10 42 0 269440311 1502384128 44674 18446744073709551615 1 1 0 0 0 0 4612 1 1073775864 0 0 0 -1 2 0 0 0 0 0 0 0 0 0 0 0 0 0
7672 7736 (GLThread 49993) S 333 333 0 0 -1 1077936192 65241 0 11 0 1584 257 0 0 16 -4 42 0 269440312 1502306304 44675 18446744073709551615 1 1 0 0 0 0 4612 1 1073775864 0 0 0 -1 1 0 0 0 0 0 0 0 0 0 0 0 0 0
7672 7737 (Binder:PerfStat) S 333 333 0 0 -1 1077936192 17 0 0 0 0 0 0 0 30 10 42 0 269440318 1502380032 44678 18446744073709551615 1 1 0 0 0 0 4612 1 1073775864 0 0 0 -1 2 0 0 0 0 0 0 0 0 0 0 0 0 0
7672 7740 (hwuiTask0) S 333 333 0 0 -1 1077936192 6 0 0 0 0 0 0 0 18 -2 42 0 269440328 1502306304 44679 18446744073709551615 1 1 0 0 0 0 4612 1 1073775864 0 0 0 -1 1 0 0 0 0 0 0 0 0 0 0 0 0 0
7672 7742 (hwuiTask1) S 333 333 0 0 -1 1077936192 10 0 0 0 0 0 0 0 18 -2 42 0 269440328 1502306304 44682 18446744073709551615 1 1 0 0 0 0 4612 1 1073775864 0 0 0 -1 2 0 0 0 0 0 0 0 0 0 0 0 0 0
7672 7748 (CCodecWatchdog) S 333 333 0 0 -1 1077936192 2 0 0 0 0 0 0 0 20 0 42 0 269440403 1502306304 44682 18446744073709551615 1 1 0 0 0 0 4612 1 1073775864 0 0 0 -1 3 0 0 0 0 0 0 0 0 0 0 0 0 0
7672 7750 (NDK MediaCodec_) S 333 333 0 0 -1 1077936192 8 0 0 0 0 0 0 0 4 -16 42 0 269440404 1502306304 44683 18446744073709551615 1 1 0 0 0 0 4612 1 1073775864 0 0 0 -1 1 0 0 0 0 0 0 0 0 0 0 0 0 0
7672 7751 (NDK MediaCodec_) S 333 333 0 0 -1 1077936192 1 0 0 0 0 0 0 0 4 -16 42 0 269440404 1502306304 44683 18446744073709551615 1 1 0 0 0 0 4612 1 1073775864 0 0 0 -1 3 0 0 0 0 0 0 0 0 0 0 0 0 0
7672 7752 (HwBinder:7672_1) S 333 333 0 0 -1 1077936192 14 0 0 0 3 1 0 0 10 -10 42 0 269440404 1502306304 44687 18446744073709551615 1 1 0 0 0 0 4612 1 1073775864 0 0 0 -1 2 0 0 0 0 0 0 0 0 0 0 0 0 0
7672 7765 (Binder:7672_4) S 333 333 0 0 -1 1077936192 7 0 0 0 0 0 0 0 20 0 42 0 269440410 1502273536 44690 18446744073709551615 1 1 0 0 0 0 4612 1 1073775864 0 0 0 -1 2 0 0 0 0 0 0 0 0 0 0 0 0 0
7672 7766 (Binder:7672_5) S 333 333 0 0 -1 1077936192 3 0 0 0 0 0 0 0 20 0 42 0 269440411 1502302208 44690 18446744073709551615 1 1 0 0 0 0 4612 1 1073775864 0 0 0 -1 1 0 0 0 0 0 0 0 0 0 0 0 0 0
7672 7784 (Binder:7672_6) S 333 333 0 0 -1 1077936192 3 0 0 0 0 0 0 0 20 0 42 0 269440421 1502384128 44690 18446744073709551615 1 1 0 0 0 0 4612 1 1073775864 0 0 0 -1 1 0 0 0 0 0 0 0 0 0 0 0 0 0
7672 7805 (deathride-link-) S 333 333 0 0 -1 1077936192 100 0 0 0 8 0 0 0 33 13 42 0 269440431 1502384128 44691 18446744073709551615 1 1 0 0 0 0 4612 1 1073775864 0 0 0 -1 2 0 0 0 0 0 0 0 0 0 0 0 0 0
7672 7808 (deathride-profi) S 333 333 0 0 -1 1077936192 4 0 0 0 0 0 0 0 33 13 42 0 269440433 1502384128 44694 18446744073709551615 1 1 0 0 0 0 4612 1 1073775864 0 0 0 -1 0 0 0 0 0 0 0 0 0 0 0 0 0 0
7672 7819 (deathride-link-) S 333 333 0 0 -1 1077936192 35 0 0 0 2 0 0 0 33 13 42 0 269440439 1502306304 44695 18446744073709551615 1 1 0 0 0 0 4612 1 1073775864 0 0 0 -1 0 0 0 0 0 0 0 0 0 0 0 0 0 0
7672 7820 (DefaultDispatch) S 333 333 0 0 -1 1077936192 54181 0 0 0 1409 49 0 0 33 13 42 0 269440441 1502306304 44698 18446744073709551615 1 1 0 0 0 0 4612 1 1073775864 0 0 0 -1 0 0 0 0 0 0 0 0 0 0 0 0 0 0
7672 7821 (DefaultDispatch) S 333 333 0 0 -1 1077936192 105 0 1 0 8 0 0 0 33 13 42 0 269440442 1502306304 44698 18446744073709551615 1 1 0 0 0 0 4612 1 1073775864 0 0 0 -1 2 0 0 0 0 0 0 0 0 0 0 0 0 0
7672 7822 (DefaultDispatch) S 333 333 0 0 -1 1077936192 473 0 0 0 42 2 0 0 33 13 42 0 269440442 1502261248 44699 18446744073709551615 1 1 0 0 0 0 4612 1 1073775864 0 0 0 -1 1 0 0 0 0 0 0 0 0 0 0 0 0 0
7672 7861 (DefaultExecutor) S 333 333 0 0 -1 1077936192 8 0 0 0 0 0 0 0 33 13 42 0 269440470 1502310400 44700 18446744073709551615 1 1 0 0 0 0 4612 1 1073775864 0 0 0 -1 2 0 0 0 0 0 0 0 0 0 0 0 0 0
7672 7868 (Binder:7672_7) S 333 333 0 0 -1 1077936192 3 0 0 0 0 0 0 0 20 0 42 0 269440473 1502322688 44703 18446744073709551615 1 1 0 0 0 0 4612 1 1073775864 0 0 0 -1 1 0 0 0 0 0 0 0 0 0 0 0 0 0
7672 7911 (DefaultDispatch) S 333 333 0 0 -1 4194368 22 0 0 0 3 0 0 0 33 13 42 0 269440516 1502388224 44704 18446744073709551615 1 1 0 0 0 0 4612 1 1073775864 0 0 0 -1 3 0 0 0 0 0 0 0 0 0 0 0 0 0
7672 7912 (DefaultDispatch) S 333 333 0 0 -1 1077936192 60 0 0 0 9 2 0 0 33 13 42 0 269440516 1502388224 44707 18446744073709551615 1 1 0 0 0 0 4612 1 1073775864 0 0 0 -1 0 0 0 0 0 0 0 0 0 0 0 0 0 0
7672 7915 (Binder:7672_8) S 333 333 0 0 -1 1077936192 3 0 0 0 0 0 0 0 20 0 42 0 269440519 1502306304 44707 18446744073709551615 1 1 0 0 0 0 4612 1 1073775864 0 0 0 -1 1 0 0 0 0 0 0 0 0 0 0 0 0 0
7672 7962 (GLThread 49993) S 333 333 0 0 -1 1077936192 1 0 0 0 24 55 0 0 20 0 42 0 269440579 1502306304 44707 18446744073709551615 1 1 0 0 0 0 4612 1 1073775864 0 0 0 -1 2 0 0 0 0 0 0 0 0 0 0 0 0 0
7672 7969 (DefaultDispatch) S 333 333 0 0 -1 1077936192 82 0 0 0 10 1 0 0 33 13 42 0 269440588 1502306304 44708 18446744073709551615 1 1 0 0 0 0 4612 1 1073775864 0 0 0 -1 2 0 0 0 0 0 0 0 0 0 0 0 0 0
7672 7994 (DefaultDispatch) S 333 333 0 0 -1 1077936192 63 0 0 0 11 9 0 0 33 13 42 0 269440790 1502306304 44711 18446744073709551615 1 1 0 0 0 0 4612 1 1073775864 0 0 0 -1 3 0 0 0 0 0 0 0 0 0 0 0 0 0
7672 8000 (DefaultDispatch) S 333 333 0 0 -1 1077936192 24 0 0 0 3 0 0 0 33 13 42 0 269440860 1502306304 44714 18446744073709551615 1 1 0 0 0 0 4612 1 1073775864 0 0 0 -1 2 0 0 0 0 0 0 0 0 0 0 0 0 0
==schedstat
421 12715 21087789551 18426130341 244508
421 13139 24452916523 22255987228 289040
421 1497 21559547301 19283111197 253139
421 1755 19107030895 16646737664 219400
421 20227 21911305312 20211607653 262720
421 2098 20444785345 16626163574 249681
421 2176 20269025559 16235691045 236631
421 22281 19531492758 18372959335 234323
421 2304 23283324597 18132805557 272154
421 2961 16518606890 15602935102 202262
421 30043 2200073 176156 19
421 4158 21891864263 18974588658 250353
421 421 20627506180 18562290780 242707
421 465 3817386 3586000 26
421 473 700538 23077 3
421 474 5513311 1148228 59
421 6116 21520821068 19043385682 258868
421 626 176728151 60724926 2277
421 627 23205883499 4459926441 77978
421 652 20299474855 18332919816 231960
421 653 20848299224 19194352354 244559
421 683 21808702661403 2390070341539 828587214
421 688 116308 0 1
421 689 6035409410 2929182649 75837
421 7056 17866085204 14249158304 212017
421 773 20370191703 17294580363 245940
421 776 28596891792 8181572196 1306511
388 12955 105399674025 29222499129 598562
388 1757 377073144 341846247 2049
388 2240 114501648377 65036541564 628894
388 388 106153849120 31186721143 608562
388 406 467692 30257231 2
388 412 105231 27846 1
388 436 58188772131 50466912943 316935
388 437 59702425187 50572692767 322256
388 668 103846 7787616 1
388 679 171539 71769 1
388 680 142825152 26687006 483
388 687 117308 219846 2
388 783 24954106028071 2301454890797 826741622
388 9833 130204943801 42961800494 745131
7672 7672 2856596391 1061858395 2504
7672 7694 944692 0 1
7672 7696 475385 0 1
7672 7704 645307 0 1
7672 7705 3873333819 642385545 4027
7672 7707 951296600 269758015 800
7672 7711 94582232 23074771 75
7672 7712 15163922 2999388 44
7672 7714 521539 56846 6
7672 7715 4822614 5600539 82
7672 7716 19640389 20076690 102
7672 7717 3383076 3153310 42
7672 7724 17345537 20925078 57
7672 7725 37197160 9353613 58
7672 7732 1126439316 19419073 221
7672 7735 841923 0 1
7672 7736 19403386692 1273566366 10753
7672 7737 2467001 544846 4
7672 7740 570385 9061307 4
7672 7742 993155 487384 6
7672 7748 276077 205000 2
7672 7750 6937461 5460079 75
7672 7751 876922 489154 11
7672 7752 54915787 34335540 509
7672 7765 5199003 13877074 98
7672 7766 2013849 11715692 37
7672 7784 3155233 4502384 52
7672 7805 88669228 32696698 89
7672 7808 420923 1561693 1
7672 7819 27582926 31778844 84
7672 7820 14586618195 479309914 7313
7672 7821 89353312 146252689 112
7672 7822 453919295 746369709 972
7672 7861 1715769 1092231 7
7672 7868 2649769 11400460 45
7672 7911 51539694 161439001 89
7672 7912 120673385 161927313 252
7672 7915 2253231 5242078 47
7672 7962 855722358 127803697 3367
7672 7969 122671082 83943999 132
7672 7994 210491013 107703147 882
7672 8000 38707235 20702076 57
==net
Inter-|   Receive                                                |  Transmit
 face |bytes    packets errs drop fifo frame compressed multicast|bytes    packets errs drop fifo colls carrier compressed
    lo: 5011595  130427    0    0    0     0          0         0  5011595  130427    0    0    0     0       0          0
dummy0:       0       0    0    0    0     0          0         0   167127    1104    0    0    0     0       0          0
  ifb0:       0       0    0    0    0     0          0         0        0       0    0    0    0     0       0          0
  ifb1:       0       0    0    0    0     0          0         0        0       0    0    0    0     0       0          0
 tunl0:       0       0    0    0    0     0          0         0        0       0    0    0    0     0       0          0
  gre0:       0       0    0    0    0     0          0         0        0       0    0    0    0     0       0          0
gretap0:       0       0    0    0    0     0          0         0        0       0    0    0    0     0       0          0
erspan0:       0       0    0    0    0     0          0         0        0       0    0    0    0     0       0          0
ip_vti0:       0       0    0    0    0     0          0         0        0       0    0    0    0     0       0          0
ip6_vti0:       0       0    0    0    0     0          0         0        0       0    0    0    0     0       0          0
  sit0:       0       0    0    0    0     0          0         0        0       0    0    0    0     0       0          0
ip6tnl0:       0       0    0    0    0     0          0         0        0       0    0    0    0     0       0          0
ip6gre0:       0       0    0    0    0     0          0         0        0       0    0    0    0     0       0          0
 wlan0: 4521390884 8230415    0    0    0     0          0         0 13379555446 13022769   15    0    0     0       0          0
  p2p0:       0       0    0    0    0     0          0         0        0       0    0    0    0     0       0          0
   ap0:       0       0    0    0    0     0          0         0        0       0    0    0    0     0       0          0
==uptime
2694433.25 9871727.71
