695 1000 (GraphicsStats-d) S 333 333 0 0 -1 1077936448 2484 450173 2646 220 45 234 1229 2210 30 10 308 0 5680 2218614784 29252 18446744073709551615 1 1 0 0 0 0 4612 1 1073775864 0 0 0 -1 0 0 0 0 0 0 0 0 0 0 0 0 0 0
695 10009 (LogRetentionJob) S 333 333 0 0 -1 1077936192 13 450173 6 220 0 0 1229 2210 20 0 308 0 268025958 2218614784 29252 18446744073709551615 1 1 0 0 0 0 4612 1 1073775864 0 0 0 -1 3 0 0 0 0 0 0 0 0 0 0 0 0 0
695 1002 (BlobStore) S 333 333 0 0 -1 1077936192 238 450173 20 220 2 8 1229 2210 20 0 308 0 5681 2218614784 29252 18446744073709551615 1 1 0 0 0 0 4612 1 1073775864 0 0 0 -1 1 0 0 0 0 0 0 0 0 0 0 0 0 0
695 1003 (SessionRecordTh) S 333 333 0 0 -1 1077936192 116 450173 330 220 0 12 1229 2210 20 0 308 0 5681 2218614784 29252 18446744073709551615 1 1 0 0 0 0 4612 1 1073775864 0 0 0 -1 3 0 0 0 0 0 0 0 0 0 0 0 0 0
695 1004 (Hdmi Control Io) S 333 333 0 0 -1 1077936192 1443 450173 159 220 37 35 1229 2210 20 0 308 0 5681 2218614784 29252 18446744073709551615 1 1 0 0 0 0 4612 1 1073775864 0 0 0 -1 0 0 0 0 0 0 0 0 0 0 0 0 0 0
695 1005 (SliceManagerSer) S 333 333 0 0 -1 1077936192 261 450173 54 220 1 0 1229 2210 30 10 308 0 5685 2218614784 29252 18446744073709551615 1 1 0 0 0 0 4612 1 1073775864 0 0 0 -1 3 0 0 0 0 0 0 0 0 0 0 0 0 0
695 1006 (StatsCompanionS) S 333 333 0 0 -1 1077936192 5 450173 0 220 0 0 1229 2210 20 0 308 0 5686 2218614784 29252 18446744073709551615 1 1 0 0 0 0 4612 1 1073775864 0 0 0 -1 3 0 0 0 0 0 0 0 0 0 0 0 0 0
695 1012 (FireTvDeepLinkS) S 333 333 0 0 -1 1077936192 5 450173 0 220 0 0 1229 2210 25 5 308 0 5704 2218614784 29252 18446744073709551615 1 1 0 0 0 0 4612 1 1073775864 0 0 0 -1 2 0 0 0 0 0 0 0 0 0 0 0 0 0
695 10124 (LogRetentionJob) S 333 333 0 0 -1 1077936192 10 450173 0 220 0 0 1229 2210 20 0 308 0 129792585 2218614784 29252 18446744073709551615 1 1 0 0 0 0 4612 1 1073775864 0 0 0 -1 3 0 0 0 0 0 0 0 0 0 0 0 0 0
695 1013 (AmazonInputMana) S 333 333 0 0 -1 1077936192 252 450173 64 220 1 5 1229 2210 25 5 308 0 5704 2218614784 29252 18446744073709551615 1 1 0 0 0 0 4612 1 1073775864 0 0 0 -1 1 0 0 0 0 0 0 0 0 0 0 0 0 0
695 1014 (ArcusHandlerThr) S 333 333 0 0 -1 1077936448 4422 450173 4449 220 141 264 1229 2210 20 0 308 0 5708 2218614784 29252 18446744073709551615 1 1 0 0 0 0 4612 1 1073775864 0 0 0 -1 3 0 0 0 0 0 0 0 0 0 0 0 0 0
695 1015 (LogRetentionJob) S 333 333 0 0 -1 1077936192 18 450173 7 220 0 0 1229 2210 20 0 308 0 5708 2218614784 29252 18446744073709551615 1 1 0 0 0 0 4612 1 1073775864 0 0 0 -1 2 0 0 0 0 0 0 0 0 0 0 0 0 0
695 1016 (AmzWifiDisplayM) S 333 333 0 0 -1 1077936192 6 450173 0 220 0 0 1229 2210 20 0 308 0 5709 2218614784 29252 18446744073709551615 1 1 0 0 0 0 4612 1 1073775864 0 0 0 -1 2 0 0 0 0 0 0 0 0 0 0 0 0 0
695 1017 (AmazonAudioServ) S 333 333 0 0 -1 1077936192 70 450173 5 220 2 0 1229 2210 20 0 308 0 5709 2218614784 29252 18446744073709551615 1 1 0 0 0 0 4612 1 1073775864 0 0 0 -1 1 0 0 0 0 0 0 0 0 0 0 0 0 0
695 1018 (EventHandler) S 333 333 0 0 -1 1077936192 26 450173 0 220 0 0 1229 2210 20 0 308 0 5709 2218614784 29252 18446744073709551615 1 1 0 0 0 0 4612 1 1073775864 0 0 0 -1 1 0 0 0 0 0 0 0 0 0 0 0 0 0
695 1019 (AmazonWifiServi) S 333 333 0 0 -1 1077936192 3304 450173 610 220 163 80 1229 2210 20 0 308 0 5711 2218614784 29252 18446744073709551615 1 1 0 0 0 0 4612 1 1073775864 0 0 0 -1 1 0 0 0 0 0 0 0 0 0 0 0 0 0
695 1020 (AmazonNetworkUn) S 333 333 0 0 -1 1077936192 88 450173 16 220 2 0 1229 2210 20 0 308 0 5712 2218614784 29252 18446744073709551615 1 1 0 0 0 0 4612 1 1073775864 0 0 0 -1 3 0 0 0 0 0 0 0 0 0 0 0 0 0
695 1021 (AmazonProfileSe) S 333 333 0 0 -1 1077936192 3289 450173 453 220 53 35 1229 2210 25 5 308 0 5713 2218614784 29252 18446744073709551615 1 1 0 0 0 0 4612 1 1073775864 0 0 0 -1 2 0 0 0 0 0 0 0 0 0 0 0 0 0
695 1022 (wakeup_thread) S 333 333 0 0 -1 1077936192 6 450173 0 220 0 0 1229 2210 20 0 308 0 5713 2218614784 29252 18446744073709551615 1 1 0 0 0 0 4612 1 1073775864 0 0 0 -1 2 0 0 0 0 0 0 0 0 0 0 0 0 0
695 1023 (PactArcusHelper) S 333 333 0 0 -1 1077936192 145 450173 90 220 1 2 1229 2210 20 0 308 0 5713 2218614784 29252 18446744073709551615 1 1 0 0 0 0 4612 1 1073775864 0 0 0 -1 3 0 0 0 0 0 0 0 0 0 0 0 0 0
695 1025 (APSArcusHelper) S 333 333 0 0 -1 1077936192 145 450173 97 220 3 1 1229 2210 20 0 308 0 5713 2218614784 29252 18446744073709551615 1 1 0 0 0 0 4612 1 1073775864 0 0 0 -1 3 0 0 0 0 0 0 0 0 0 0 0 0 0
695 1026 (DeviceModelInfo) S 333 333 0 0 -1 1077936192 4 450173 0 220 0 0 1229 2210 25 5 308 0 5714 2218614784 29252 18446744073709551615 1 1 0 0 0 0 4612 1 1073775864 0 0 0 -1 1 0 0 0 0 0 0 0 0 0 0 0 0 0
695 1027 (AmazonHdmiServi) S 333 333 0 0 -1 1077936192 355 450173 218 220 7 11 1229 2210 20 0 308 0 5715 2218614784 29252 18446744073709551615 1 1 0 0 0 0 4612 1 1073775864 0 0 0 -1 0 0 0 0 0 0 0 0 0 0 0 0 0 0
695 1028 (AmazonBuellerSh) S 333 333 0 0 -1 1077936192 8 450173 0 220 0 0 1229 2210 20 0 308 0 5715 2218614784 29252 18446744073709551615 1 1 0 0 0 0 4612 1 1073775864 0 0 0 -1 0 0 0 0 0 0 0 0 0 0 0 0 0 0
695 1029 (FireTvLedManage) S 333 333 0 0 -1 1077936192 7 450173 0 220 0 0 1229 2210 20 0 308 0 5722 2218614784 29252 18446744073709551615 1 1 0 0 0 0 4612 1 1073775864 0 0 0 -1 2 0 0 0 0 0 0 0 0 0 0 0 0 0
695 1030 (Timer-0) S 333 333 0 0 -1 1077936192 138454 450173 556 220 1699 1474 1229 2210 20 0 308 0 5724 2218614784 29252 18446744073709551615 1 1 0 0 0 0 4612 1 1073775864 0 0 0 -1 3 0 0 0 0 0 0 0 0 0 0 0 0 0
695 1031 (TemperatureObse) S 333 333 0 0 -1 1077936192 441 450173 77 220 3 2 1229 2210 30 10 308 0 5724 2218614784 29252 18446744073709551615 1 1 0 0 0 0 4612 1 1073775864 0 0 0 -1 1 0 0 0 0 0 0 0 0 0 0 0 0 0
695 1032 (ThermalEventMon) S 333 333 0 0 -1 1077936192 3089 450173 295 220 38 21 1229 2210 30 10 308 0 5725 2218614784 29252 18446744073709551615 1 1 0 0 0 0 4612 1 1073775864 0 0 0 -1 1 0 0 0 0 0 0 0 0 0 0 0 0 0
695 1033 (CloudPairingAma) S 333 333 0 0 -1 1077936192 6 450173 0 220 0 0 1229 2210 20 0 308 0 5727 2218614784 29252 18446744073709551615 1 1 0 0 0 0 4612 1 1073775864 0 0 0 -1 2 0 0 0 0 0 0 0 0 0 0 0 0 0
695 1034 (CirrusThread) S 333 333 0 0 -1 1077936192 53 450173 31 220 0 0 1229 2210 30 10 308 0 5727 2218614784 29252 18446744073709551615 1 1 0 0 0 0 4612 1 1073775864 0 0 0 -1 2 0 0 0 0 0 0 0 0 0 0 0 0 0
695 1035 (RuntimePersiste) S 333 333 0 0 -1 1077936448 3837 450173 261 220 111 70 1229 2210 20 0 308 0 5727 2218614784 29252 18446744073709551615 1 1 0 0 0 0 4612 1 1073775864 0 0 0 -1 1 0 0 0 0 0 0 0 0 0 0 0 0 0
695 1036 (AmazonUsageStat) S 333 333 0 0 -1 1077936192 6552 450173 2530 220 192 152 1229 2210 30 10 308 0 5728 2218614784 29252 18446744073709551615 1 1 0 0 0 0 4612 1 1073775864 0 0 0 -1 2 0 0 0 0 0 0 0 0 0 0 0 0 0
695 1039 (AmaMessageHandl) S 333 333 0 0 -1 1077936192 5 450173 0 220 0 0 1229 2210 20 0 308 0 5730 2218614784 29252 18446744073709551615 1 1 0 0 0 0 4612 1 1073775864 0 0 0 -1 3 0 0 0 0 0 0 0 0 0 0 0 0 0
695 1040 (DfuWorker) S 333 333 0 0 -1 1077936192 7 450173 0 220 0 0 1229 2210 20 0 308 0 5730 2218614784 29252 18446744073709551615 1 1 0 0 0 0 4612 1 1073775864 0 0 0 -1 1 0 0 0 0 0 0 0 0 0 0 0 0 0
695 1041 (DiscoveryWorker) S 333 333 0 0 -1 1077936192 6 450173 0 220 0 0 1229 2210 20 0 308 0 5730 2218614784 29252 18446744073709551615 1 1 0 0 0 0 4612 1 1073775864 0 0 0 -1 0 0 0 0 0 0 0 0 0 0 0 0 0 0
695 1042 (BulkDataWorker) S 333 333 0 0 -1 1077936192 5 450173 0 220 0 0 1229 2210 20 0 308 0 5730 2218614784 29252 18446744073709551615 1 1 0 0 0 0 4612 1 1073775864 0 0 0 -1 3 0 0 0 0 0 0 0 0 0 0 0 0 0
695 1043 (CloudPairingWor) S 333 333 0 0 -1 1077936192 8 450173 0 220 0 0 1229 2210 20 0 308 0 5730 2218614784 29252 18446744073709551615 1 1 0 0 0 0 4612 1 1073775864 0 0 0 -1 1 0 0 0 0 0 0 0 0 0 0 0 0 0
695 1044 (CrashReporterSe) S 333 333 0 0 -1 1077936192 39 450173 1 220 0 0 1229 2210 25 5 308 0 5731 2218614784 29252 18446744073709551615 1 1 0 0 0 0 4612 1 1073775864 0 0 0 -1 0 0 0 0 0 0 0 0 0 0 0 0 0 0
695 1045 (AmazonProtometr) S 333 333 0 0 -1 1077936192 13024 450173 1563 220 305 114 1229 2210 30 10 308 0 5731 2218614784 29252 18446744073709551615 1 1 0 0 0 0 4612 1 1073775864 0 0 0 -1 3 0 0 0 0 0 0 0 0 0 0 0 0 0
695 1047 (MetricsHandler) S 333 333 0 0 -1 1077936192 334 450173 155 220 15 9 1229 2210 20 0 308 0 5732 2218614784 29252 18446744073709551615 1 1 0 0 0 0 4612 1 1073775864 0 0 0 -1 3 0 0 0 0 0 0 0 0 0 0 0 0 0
695 1048 (AccessoryServic) S 333 333 0 0 -1 1077936192 6 450173 0 220 0 0 1229 2210 20 0 308 0 5732 2218614784 29252 18446744073709551615 1 1 0 0 0 0 4612 1 1073775864 0 0 0 -1 3 0 0 0 0 0 0 0 0 0 0 0 0 0
695 1049 (AmazonEmmcConsu) S 333 333 0 0 -1 1077936192 12175 450173 1178 220 301 116 1229 2210 30 10 308 0 5732 2218614784 29252 18446744073709551615 1 1 0 0 0 0 4612 1 1073775864 0 0 0 -1 0 0 0 0 0 0 0 0 0 0 0 0 0 0
695 1050 (ice.EventHelper) S 333 333 0 0 -1 1077936192 6 450173 0 220 0 0 1229 2210 20 0 308 0 5732 2218614784 29252 18446744073709551615 1 1 0 0 0 0 4612 1 1073775864 0 0 0 -1 0 0 0 0 0 0 0 0 0 0 0 0 0 0
695 10507 (AmazonFingerPri) S 333 333 0 0 -1 1077936192 11 450173 3 220 0 0 1229 2210 30 10 308 0 259566254 2218614784 29252 18446744073709551615 1 1 0 0 0 0 4612 1 1073775864 0 0 0 -1 3 0 0 0 0 0 0 0 0 0 0 0 0 0
695 1051 (ice.EventHelper) S 333 333 0 0 -1 1077936192 6 450173 0 220 0 0 1229 2210 20 0 308 0 5732 2218614784 29252 18446744073709551615 1 1 0 0 0 0 4612 1 1073775864 0 0 0 -1 0 0 0 0 0 0 0 0 0 0 0 0 0 0
695 1052 (ice.EventHelper) S 333 333 0 0 -1 1077936192 7 450173 0 220 0 0 1229 2210 20 0 308 0 5733 2218614784 29252 18446744073709551615 1 1 0 0 0 0 4612 1 1073775864 0 0 0 -1 3 0 0 0 0 0 0 0 0 0 0 0 0 0
695 1053 (ice.EventHelper) S 333 333 0 0 -1 1077936192 8 450173 0 220 0 0 1229 2210 20 0 308 0 5733 2218614784 29252 18446744073709551615 1 1 0 0 0 0 4612 1 1073775864 0 0 0 -1 1 0 0 0 0 0 0 0 0 0 0 0 0 0
695 1054 (ice.EventHelper) S 333 333 0 0 -1 1077936192 5 450173 0 220 0 0 1229 2210 20 0 308 0 5733 2218614784 29252 18446744073709551615 1 1 0 0 0 0 4612 1 1073775864 0 0 0 -1 0 0 0 0 0 0 0 0 0 0 0 0 0 0
695 1055 (ice.EventHelper) S 333 333 0 0 -1 1077936192 6 450173 0 220 0 0 1229 2210 20 0 308 0 5733 2218614784 29252 18446744073709551615 1 1 0 0 0 0 4612 1 1073775864 0 0 0 -1 2 0 0 0 0 0 0 0 0 0 0 0 0 0
695 1056 (ice.EventHelper) S 333 333 0 0 -1 1077936192 6 450173 0 220 0 0 1229 2210 20 0 308 0 5733 2218614784 29252 18446744073709551615 1 1 0 0 0 0 4612 1 1073775864 0 0 0 -1 2 0 0 0 0 0 0 0 0 0 0 0 0 0
695 1057 (ice.EventHelper) S 333 333 0 0 -1 1077936192 7 450173 0 220 0 0 1229 2210 20 0 308 0 5733 2218614784 29252 18446744073709551615 1 1 0 0 0 0 4612 1 1073775864 0 0 0 -1 2 0 0 0 0 0 0 0 0 0 0 0 0 0
695 1058 (ice.EventHelper) S 333 333 0 0 -1 1077936192 7 450173 0 220 0 0 1229 2210 20 0 308 0 5733 2218614784 29252 18446744073709551615 1 1 0 0 0 0 4612 1 1073775864 0 0 0 -1 1 0 0 0 0 0 0 0 0 0 0 0 0 0
695 1059 (ice.EventHelper) S 333 333 0 0 -1 1077936192 5 450173 0 220 0 0 1229 2210 20 0 308 0 5733 2218614784 29252 18446744073709551615 1 1 0 0 0 0 4612 1 1073775864 0 0 0 -1 0 0 0 0 0 0 0 0 0 0 0 0 0 0
695 1060 (ice.EventHelper) S 333 333 0 0 -1 1077936192 8 450173 0 220 0 0 1229 2210 20 0 308 0 5733 2218614784 29252 18446744073709551615 1 1 0 0 0 0 4612 1 1073775864 0 0 0 -1 2 0 0 0 0 0 0 0 0 0 0 0 0 0
695 1061 (ice.EventHelper) S 333 333 0 0 -1 1077936192 7 450173 0 220 0 0 1229 2210 20 0 308 0 5733 2218614784 29252 18446744073709551615 1 1 0 0 0 0 4612 1 1073775864 0 0 0 -1 1 0 0 0 0 0 0 0 0 0 0 0 0 0
695 1062 (OomAdjustment H) S 333 333 0 0 -1 1077936192 1046 450173 1121 220 4 134 1229 2210 30 10 308 0 5734 2218614784 29252 18446744073709551615 1 1 0 0 0 0 4612 1 1073775864 0 0 0 -1 0 0 0 0 0 0 0 0 0 0 0 0 0 0
695 1063 (Favorite apps H) S 333 333 0 0 -1 1077936192 7 450173 0 220 0 0 1229 2210 30 10 308 0 5734 2218614784 29252 18446744073709551615 1 1 0 0 0 0 4612 1 1073775864 0 0 0 -1 2 0 0 0 0 0 0 0 0 0 0 0 0 0
695 1064 (Metrics Handler) S 333 333 0 0 -1 1077936192 6 450173 0 220 0 0 1229 2210 30 10 308 0 5734 2218614784 29252 18446744073709551615 1 1 0 0 0 0 4612 1 1073775864 0 0 0 -1 1 0 0 0 0 0 0 0 0 0 0 0 0 0
695 1065 (Prewarm Handler) S 333 333 0 0 -1 1077936192 1766 450173 550 220 71 50 1229 2210 30 10 308 0 5734 2218614784 29252 18446744073709551615 1 1 0 0 0 0 4612 1 1073775864 0 0 0 -1 1 0 0 0 0 0 0 0 0 0 0 0 0 0
695 1066 (AmazonPowerMana) S 333 333 0 0 -1 1077936192 60 450173 22 220 0 0 1229 2210 25 5 308 0 5734 2218614784 29252 18446744073709551615 1 1 0 0 0 0 4612 1 1073775864 0 0 0 -1 2 0 0 0 0 0 0 0 0 0 0 0 0 0
695 1067 (EveThread) S 333 333 0 0 -1 1077936192 121357 450173 10085 220 6306 2871 1229 2210 30 10 308 0 5734 2218614784 29252 18446744073709551615 1 1 0 0 0 0 4612 1 1073775864 0 0 0 -1 3 0 0 0 0 0 0 0 0 0 0 0 0 0
695 1068 (EthernetService) S 333 333 0 0 -1 1077936192 5978 450173 332 220 89 61 1229 2210 20 0 308 0 5744 2218614784 29252 18446744073709551615 1 1 0 0 0 0 4612 1 1073775864 0 0 0 -1 3 0 0 0 0 0 0 0 0 0 0 0 0 0
695 1072 (KeyMapManager) S 333 333 0 0 -1 1077936192 582 450173 0 220 7 1 1229 2210 25 5 308 0 5747 2218614784 29252 18446744073709551615 1 1 0 0 0 0 4612 1 1073775864 0 0 0 -1 2 0 0 0 0 0 0 0 0 0 0 0 0 0
695 1074 (MCL-ArcusHelper) S 333 333 0 0 -1 1077936192 255 450173 113 220 2 6 1229 2210 20 0 308 0 5748 2218614784 29252 18446744073709551615 1 1 0 0 0 0 4612 1 1073775864 0 0 0 -1 0 0 0 0 0 0 0 0 0 0 0 0 0 0
695 1075 (HealthServiceHw) S 333 333 0 0 -1 1077936192 9 450173 0 220 0 0 1229 2210 20 0 308 0 5748 2218614784 29252 18446744073709551615 1 1 0 0 0 0 4612 1 1073775864 0 0 0 -1 2 0 0 0 0 0 0 0 0 0 0 0 0 0
695 1080 (Thread-11) S 333 333 0 0 -1 1077936192 1327153 450173 11386 220 93649 13982 1229 2210 20 0 308 0 5757 2218614784 29252 18446744073709551615 1 1 0 0 0 0 4612 1 1073775864 0 0 0 -1 0 0 0 0 0 0 0 0 0 0 0 0 0 0
695 10809 (LogRetentionJob) S 333 333 0 0 -1 1077936192 12 450173 0 220 0 0 1229 2210 20 0 308 0 60675708 2218614784 29252 18446744073709551615 1 1 0 0 0 0 4612 1 1073775864 0 0 0 -1 1 0 0 0 0 0 0 0 0 0 0 0 0 0
695 1082 (WifiManagerThre) S 333 333 0 0 -1 1077936192 459 450173 13 220 24 3 1229 2210 20 0 308 0 5758 2218614784 29252 18446744073709551615 1 1 0 0 0 0 4612 1 1073775864 0 0 0 -1 0 0 0 0 0 0 0 0 0 0 0 0 0 0
695 1084 (AmazonWifiTherm) S 333 333 0 0 -1 1077936192 130 450173 35 220 0 1 1229 2210 20 0 308 0 5760 2218614784 29252 18446744073709551615 1 1 0 0 0 0 4612 1 1073775864 0 0 0 -1 0 0 0 0 0 0 0 0 0 0 0 0 0 0
695 1085 (AmazonInputMana) S 333 333 0 0 -1 1077936192 15057 450173 258 220 172 16 1229 2210 20 0 308 0 5760 2218614784 29252 18446744073709551615 1 1 0 0 0 0 4612 1 1073775864 0 0 0 -1 1 0 0 0 0 0 0 0 0 0 0 0 0 0
695 1086 (AmazonWifiTherm) S 333 333 0 0 -1 1077936192 5 450173 0 220 0 0 1229 2210 20 0 308 0 5761 2218614784 29252 18446744073709551615 1 1 0 0 0 0 4612 1 1073775864 0 0 0 -1 0 0 0 0 0 0 0 0 0 0 0 0 0 0
695 10866 (Binder:695_1A) S 333 333 0 0 -1 1077936448 210104 450173 6825 220 24374 10653 1229 2210 20 0 308 0 25751 2218614784 29252 18446744073709551615 1 1 0 0 0 4096 4612 1 1073775864 0 0 0 -1 2 0 0 0 0 0 0 0 0 0 0 0 0 0
695 1087 (process reaper) S 333 333 0 0 -1 1077936192 5 450173 1 220 0 0 1229 2210 12 -8 308 0 269310450 2218614784 29252 18446744073709551615 1 1 0 0 0 0 4612 1 1073775864 0 0 0 -1 2 0 0 0 0 0 0 0 0 0 0 0 0 0
695 1090 (queued-work-loo) S 333 333 0 0 -1 1077936192 10422 450173 206 220 333 646 1229 2210 18 -2 308 0 5762 2218614784 29252 18446744073709551615 1 1 0 0 0 0 4612 1 1073775864 0 0 0 -1 0 0 0 0 0 0 0 0 0 0 0 0 0 0
695 1092 (GenericAppAdapt) S 333 333 0 0 -1 1077936192 7 450173 0 220 0 0 1229 2210 25 5 308 0 5765 2218614784 29252 18446744073709551615 1 1 0 0 0 0 4612 1 1073775864 0 0 0 -1 2 0 0 0 0 0 0 0 0 0 0 0 0 0
695 1093 (Binder:695_4) S 333 333 0 0 -1 1077936448 115562 450173 5721 220 12428 5463 1229 2210 20 0 308 0 5765 2218614784 29252 18446744073709551615 1 1 0 0 0 0 4612 1 1073775864 0 0 0 -1 2 0 0 0 0 0 0 0 0 0 0 0 0 0
695 1102 (LiveTvAppLaunch) S 333 333 0 0 -1 1077936192 5 450173 0 220 0 0 1229 2210 25 5 308 0 5768 2218614784 29252 18446744073709551615 1 1 0 0 0 0 4612 1 1073775864 0 0 0 -1 3 0 0 0 0 0 0 0 0 0 0 0 0 0
695 1103 (AudioArcusHelpe) S 333 333 0 0 -1 1077936192 7469 450173 153 220 128 10 1229 2210 20 0 308 0 5768 2218614784 29252 18446744073709551615 1 1 0 0 0 0 4612 1 1073775864 0 0 0 -1 0 0 0 0 0 0 0 0 0 0 0 0 0 0
695 1105 (AmazonInputMana) S 333 333 0 0 -1 1077936192 529 450173 138 220 3 3 1229 2210 20 0 308 0 5769 2218614784 29252 18446744073709551615 1 1 0 0 0 0 4612 1 1073775864 0 0 0 -1 3 0 0 0 0 0 0 0 0 0 0 0 0 0
695 1106 (DenyListArcusHe) S 333 333 0 0 -1 1077936192 5 450173 0 220 0 0 1229 2210 20 0 308 0 5769 2218614784 29252 18446744073709551615 1 1 0 0 0 0 4612 1 1073775864 0 0 0 -1 1 0 0 0 0 0 0 0 0 0 0 0 0 0
695 1108 (WifiDiagsQueueT) S 333 333 0 0 -1 1077936192 262426 450173 1570 220 14376 11732 1229 2210 20 0 308 0 5770 2218614784 29252 18446744073709551615 1 1 0 0 0 0 4612 1 1073775864 0 0 0 -1 1 0 0 0 0 0 0 0 0 0 0 0 0 0
695 1110 (NetWatchDogQueu) S 333 333 0 0 -1 1077936192 40 450173 48 220 22 52 1229 2210 20 0 308 0 5771 2218614784 29252 18446744073709551615 1 1 0 0 0 0 4612 1 1073775864 0 0 0 -1 1 0 0 0 0 0 0 0 0 0 0 0 0 0
695 1111 (TimeServiceThre) S 333 333 0 0 -1 1077936448 1472 450173 154 220 28 29 1229 2210 20 0 308 0 5771 2218614784 29252 18446744073709551615 1 1 0 0 0 0 4612 1 1073775864 0 0 0 -1 0 0 0 0 0 0 0 0 0 0 0 0 0 0
695 1112 (TimeServiceNetw) S 333 333 0 0 -1 1077936192 5 450173 0 220 0 0 1229 2210 20 0 308 0 5771 2218614784 29252 18446744073709551615 1 1 0 0 0 0 4612 1 1073775864 0 0 0 -1 3 0 0 0 0 0 0 0 0 0 0 0 0 0
695 1114 (AMA Callback Na) S 333 333 0 0 -1 1077936192 6 450173 0 220 0 0 1229 2210 18 -2 308 0 5772 2218614784 29252 18446744073709551615 1 1 0 0 0 0 4612 1 1073775864 0 0 0 -1 0 0 0 0 0 0 0 0 0 0 0 0 0 0
695 1116 (Binder:695_5) S 333 333 0 0 -1 1077936448 123051 450173 5740 220 14040 6129 1229 2210 20 0 308 0 5772 2218614784 29252 18446744073709551615 1 1 0 0 0 0 4612 1 1073775864 0 0 0 -1 0 0 0 0 0 0 0 0 0 0 0 0 0 0
695 1119 (TestMetricBuffe) S 333 333 0 0 -1 1077936192 5 450173 0 220 0 0 1229 2210 20 0 308 0 5773 2218614784 29252 18446744073709551615 1 1 0 0 0 0 4612 1 1073775864 0 0 0 -1 0 0 0 0 0 0 0 0 0 0 0 0 0 0
695 1121 (BspConsumer) S 333 333 0 0 -1 1077936192 151 450173 3 220 4 5 1229 2210 20 0 308 0 5775 2218614784 29252 18446744073709551615 1 1 0 0 0 0 4612 1 1073775864 0 0 0 -1 1 0 0 0 0 0 0 0 0 0 0 0 0 0
695 1124 (TaskSnapshotPer) S 333 333 0 0 -1 1077936192 713 450173 224 220 17 18 1229 2210 30 10 308 0 5775 2218614784 29252 18446744073709551615 1 1 0 0 0 0 4612 1 1073775864 0 0 0 -1 1 0 0 0 0 0 0 0 0 0 0 0 0 0
695 1125 (PhotonicModulat) S 333 333 0 0 -1 1077936192 326 450173 71 220 12 6 1229 2210 20 0 308 0 5777 2218614784 29252 18446744073709551615 1 1 0 0 0 0 4612 1 1073775864 0 0 0 -1 0 0 0 0 0 0 0 0 0 0 0 0 0 0
695 1130 (ContextualSSArc) S 333 333 0 0 -1 1077936192 163 450173 87 220 2 1 1229 2210 20 0 308 0 5780 2218614784 29252 18446744073709551615 1 1 0 0 0 0 4612 1 1073775864 0 0 0 -1 0 0 0 0 0 0 0 0 0 0 0 0 0 0
695 1132 (HomeLauncherArc) S 333 333 0 0 -1 1077936192 1126 450173 77 220 6 4 1229 2210 20 0 308 0 5782 2218614784 29252 18446744073709551615 1 1 0 0 0 0 4612 1 1073775864 0 0 0 -1 2 0 0 0 0 0 0 0 0 0 0 0 0 0
695 1151 (AmazonPmArcusUt) S 333 333 0 0 -1 1077936192 81 450173 4 220 1 0 1229 2210 20 0 308 0 5834 2218614784 29252 18446744073709551615 1 1 0 0 0 0 4612 1 1073775864 0 0 0 -1 3 0 0 0 0 0 0 0 0 0 0 0 0 0
695 1159 (SyncManager) S 333 333 0 0 -1 1077936448 64763 450173 1247 220 1667 742 1229 2210 30 10 308 0 5844 2218614784 29252 18446744073709551615 1 1 0 0 0 0 4612 1 1073775864 0 0 0 -1 3 0 0 0 0 0 0 0 0 0 0 0 0 0
695 1160 (Binder:695_6) S 333 333 0 0 -1 1077936448 114988 450173 5715 220 12924 5915 1229 2210 20 0 308 0 5848 2218614784 29252 18446744073709551615 1 1 0 0 0 0 4612 1 1073775864 0 0 0 -1 0 0 0 0 0 0 0 0 0 0 0 0 0 0
695 1162 (SyncHandler-0) S 333 333 0 0 -1 1077936192 1575 450173 19 220 12 20 1229 2210 20 0 308 0 5857 2218614784 29252 18446744073709551615 1 1 0 0 0 0 4612 1 1073775864 0 0 0 -1 2 0 0 0 0 0 0 0 0 0 0 0 0 0
695 1184 (UsbService host) S 333 333 0 0 -1 4194368 14 450173 22 220 0 0 1229 2210 20 0 308 0 5872 2218614784 29252 18446744073709551615 1 1 0 0 0 0 4612 1 1073775864 0 0 0 -1 1 0 0 0 0 0 0 0 0 0 0 0 0 0
695 11891 (Binder:695_1B) S 333 333 0 0 -1 1077936448 227129 450173 5644 220 24948 11082 1229 2210 20 0 308 0 31185 2218614784 29252 18446744073709551615 1 1 0 0 0 0 4612 1 1073775864 0 0 0 -1 2 0 0 0 0 0 0 0 0 0 0 0 0 0
695 11941 (Binder:695_1C) S 333 333 0 0 -1 1077936448 216838 450173 6800 220 27694 12657 1229 2210 20 0 308 0 31264 2218614784 29252 18446744073709551615 1 1 0 0 0 0 4612 1 1073775864 0 0 0 -1 2 0 0 0 0 0 0 0 0 0 0 0 0 0
695 12141 (LogRetentionJob) S 333 333 0 0 -1 1077936192 8 450173 0 220 0 0 1229 2210 20 0 308 0 26111907 2218614784 29252 18446744073709551615 1 1 0 0 0 0 4612 1 1073775864 0 0 0 -1 3 0 0 0 0 0 0 0 0 0 0 0 0 0
695 12201 (AmazonFingerPri) S 333 333 0 0 -1 1077936192 7 450173 1 220 0 0 1229 2210 30 10 308 0 268212254 2218614784 29252 18446744073709551615 1 1 0 0 0 0 4612 1 1073775864 0 0 0 -1 2 0 0 0 0 0 0 0 0 0 0 0 0 0
695 12222 (Binder:695_1D) S 333 333 0 0 -1 1077936448 259575 450173 6213 220 32214 14443 1229 2210 20 0 308 0 34633 2218614784 29252 18446744073709551615 1 1 0 0 0 0 4612 1 1073775864 0 0 0 -1 2 0 0 0 0 0 0 0 0 0 0 0 0 0
695 12355 (pool-7-thread-2) S 333 333 0 0 -1 1077936192 36031 450173 857 220 1089 1521 1229 2210 20 0 308 0 37001 2218614784 29252 18446744073709551615 1 1 0 0 0 0 4612 1 1073775864 0 0 0 -1 2 0 0 0 0 0 0 0 0 0 0 0 0 0
695 12456 (AmazonFingerPri) S 333 333 0 0 -1 1077936192 5 450173 0 220 0 0 1229 2210 30 10 308 0 129971582 2218614784 29252 18446744073709551615 1 1 0 0 0 0 4612 1 1073775864 0 0 0 -1 3 0 0 0 0 0 0 0 0 0 0 0 0 0
695 12577 (LogRetentionJob) S 333 333 0 0 -1 1077936192 12 450173 3 220 0 0 1229 2210 20 0 308 0 242105957 2218614784 29252 18446744073709551615 1 1 0 0 0 0 4612 1 1073775864 0 0 0 -1 0 0 0 0 0 0 0 0 0 0 0 0 0 0
695 1258 (Binder:695_7) S 333 333 0 0 -1 1077936448 103928 450173 4693 220 12244 5279 1229 2210 20 0 308 0 5893 2218614784 29252 18446744073709551615 1 1 0 0 0 0 4612 1 1073775864 0 0 0 -1 3 0 0 0 0 0 0 0 0 0 0 0 0 0
695 1261 (Binder:695_8) S 333 333 0 0 -1 1077936448 103248 450173 4083 220 12473 5568 1229 2210 20 0 308 0 5893 2218614784 29252 18446744073709551615 1 1 0 0 0 0 4612 1 1073775864 0 0 0 -1 2 0 0 0 0 0 0 0 0 0 0 0 0 0
695 1262 (Binder:695_9) S 333 333 0 0 -1 1077936448 97663 450173 5667 220 11190 5112 1229 2210 20 0 308 0 5893 2218614784 29252 18446744073709551615 1 1 0 0 0 0 4612 1 1073775864 0 0 0 -1 0 0 0 0 0 0 0 0 0 0 0 0 0 0
695 1263 (Binder:695_A) S 333 333 0 0 -1 1077936448 113010 450173 6380 220 12839 5555 1229 2210 20 0 308 0 5894 2218614784 29252 18446744073709551615 1 1 0 0 0 0 4612 1 1073775864 0 0 0 -1 2 0 0 0 0 0 0 0 0 0 0 0 0 0
695 1264 (Binder:695_B) S 333 333 0 0 -1 1077936448 98307 450173 3808 220 11098 4817 1229 2210 20 0 308 0 5894 2218614784 29252 18446744073709551615 1 1 0 0 0 4096 4612 1 1073775864 0 0 0 -1 2 0 0 0 0 0 0 0 0 0 0 0 0 0
695 1266 (Binder:695_C) S 333 333 0 0 -1 1077936448 104924 450173 6403 220 12260 5507 1229 2210 20 0 308 0 5894 2218614784 29252 18446744073709551615 1 1 0 0 0 0 4612 1 1073775864 0 0 0 -1 2 0 0 0 0 0 0 0 0 0 0 0 0 0
695 1267 (Binder:695_D) S 333 333 0 0 -1 1077936448 106465 450173 6724 220 11229 4755 1229 2210 20 0 308 0 5894 2218614784 29252 18446744073709551615 1 1 0 0 0 4096 4612 1 1073775864 0 0 0 -1 0 0 0 0 0 0 0 0 0 0 0 0 0 0
695 13013 (AmazonFingerPri) S 333 333 0 0 -1 1077936192 6 450173 0 220 0 0 1229 2210 30 10 308 0 60847524 2218614784 29252 18446744073709551615 1 1 0 0 0 0 4612 1 1073775864 0 0 0 -1 0 0 0 0 0 0 0 0 0 0 0 0 0 0
695 13572 (LogRetentionJob) S 333 333 0 0 -1 1077936192 8 450173 3 220 0 0 1229 2210 20 0 308 0 185719 2218614784 29252 18446744073709551615 1 1 0 0 0 0 4612 1 1073775864 0 0 0 -1 2 0 0 0 0 0 0 0 0 0 0 0 0 0
695 1373 (pool-9-thread-1) S 333 333 0 0 -1 1077936192 444 450173 126 220 4 6 1229 2210 20 0 308 0 5926 2218614784 29252 18446744073709551615 1 1 0 0 0 0 4612 1 1073775864 0 0 0 -1 2 0 0 0 0 0 0 0 0 0 0 0 0 0
695 1374 (pool-9-thread-2) S 333 333 0 0 -1 1077936192 408 450173 82 220 4 5 1229 2210 20 0 308 0 5926 2218614784 29252 18446744073709551615 1 1 0 0 0 0 4612 1 1073775864 0 0 0 -1 2 0 0 0 0 0 0 0 0 0 0 0 0 0
695 13746 (LogRetentionJob) S 333 333 0 0 -1 1077936192 9 450173 0 220 0 0 1229 2210 20 0 308 0 164355054 2218614784 29252 18446744073709551615 1 1 0 0 0 0 4612 1 1073775864 0 0 0 -1 0 0 0 0 0 0 0 0 0 0 0 0 0 0
695 13851 (AdbDebuggingMan) S 333 333 0 0 -1 4194368 24 450173 2 220 0 0 1229 2210 20 0 308 0 194105 2218614784 29252 18446744073709551615 1 1 0 0 0 0 4612 1 1073775864 0 0 0 -1 1 0 0 0 0 0 0 0 0 0 0 0 0 0
695 14057 (Binder:695_1E) S 333 333 0 0 -1 1077936448 258161 450173 7727 220 31608 14484 1229 2210 20 0 308 0 204245 2218614784 29252 18446744073709551615 1 1 0 0 0 4096 4612 1 1073775864 0 0 0 -1 2 0 0 0 0 0 0 0 0 0 0 0 0 0
695 1421 (Thread-15) S 333 333 0 0 -1 4194368 6 450173 0 220 0 0 1229 2210 20 0 308 0 5953 2218614784 29252 18446744073709551615 1 1 0 0 0 0 4612 1 1073775864 0 0 0 -1 2 0 0 0 0 0 0 0 0 0 0 0 0 0
695 1429 (NetworkStatsObs) S 333 333 0 0 -1 1077936192 3004 450173 226 220 115 98 1229 2210 20 0 308 0 5956 2218614784 29252 18446744073709551615 1 1 0 0 0 0 4612 1 1073775864 0 0 0 -1 3 0 0 0 0 0 0 0 0 0 0 0 0 0
695 14343 (AmazonFingerPri) S 333 333 0 0 -1 1077936192 5 450173 1 220 0 0 1229 2210 30 10 308 0 26287160 2218614784 29252 18446744073709551615 1 1 0 0 0 0 4612 1 1073775864 0 0 0 -1 0 0 0 0 0 0 0 0 0 0 0 0 0 0
695 14374 (LogRetentionJob) S 333 333 0 0 -1 1077936192 12 450173 1 220 0 0 1229 2210 20 0 308 0 86586829 2218614784 29252 18446744073709551615 1 1 0 0 0 0 4612 1 1073775864 0 0 0 -1 0 0 0 0 0 0 0 0 0 0 0 0 0 0
695 14526 (AudioTrack) S 333 333 0 0 -1 1077936192 5 450173 2 220 0 0 1229 2210 4 -16 308 0 204664830 2218614784 29252 18446744073709551615 1 1 0 0 0 0 4612 1 1073775864 0 0 0 -1 2 0 0 0 0 0 0 0 0 0 0 0 0 0
695 14537 (AudioTrack) S 333 333 0 0 -1 1077936192 5 450173 0 220 0 0 1229 2210 4 -16 308 0 204664908 2218614784 29252 18446744073709551615 1 1 0 0 0 0 4612 1 1073775864 0 0 0 -1 0 0 0 0 0 0 0 0 0 0 0 0 0 0
695 1467 (PerfAnimationAr) S 333 333 0 0 -1 1077936192 111 450173 53 220 2 3 1229 2210 30 10 308 0 5970 2218614784 29252 18446744073709551615 1 1 0 0 0 0 4612 1 1073775864 0 0 0 -1 1 0 0 0 0 0 0 0 0 0 0 0 0 0
695 14742 (AmazonFingerPri) S 333 333 0 0 -1 1077936192 7 450173 3 220 0 0 1229 2210 30 10 308 0 242286254 2218614784 29252 18446744073709551615 1 1 0 0 0 0 4612 1 1073775864 0 0 0 -1 0 0 0 0 0 0 0 0 0 0 0 0 0 0
695 14922 (Binder:695_1F) S 333 333 0 0 -1 1077936448 266252 450173 8243 220 34173 15612 1229 2210 20 0 308 0 223944 2218614784 29252 18446744073709551615 1 1 0 0 0 0 4612 1 1073775864 0 0 0 -1 3 0 0 0 0 0 0 0 0 0 0 0 0 0
695 15088 (Binder:695_20) S 333 333 0 0 -1 1077936448 297220 450173 7110 220 37947 17299 1229 2210 20 0 308 0 224908 2218614784 29252 18446744073709551615 1 1 0 0 0 0 4612 1 1073775864 0 0 0 -1 3 0 0 0 0 0 0 0 0 0 0 0 0 0
695 1525 (pool-2-thread-1) S 333 333 0 0 -1 1077936192 543 450173 151 220 5 4 1229 2210 20 0 308 0 6010 2218614784 29252 18446744073709551615 1 1 0 0 0 0 4612 1 1073775864 0 0 0 -1 2 0 0 0 0 0 0 0 0 0 0 0 0 0
695 15294 (Binder:695_21) S 333 333 0 0 -1 1077936448 328712 450173 6174 220 41441 18491 1229 2210 20 0 308 0 230233 2218614784 29252 18446744073709551615 1 1 0 0 0 0 4612 1 1073775864 0 0 0 -1 2 0 0 0 0 0 0 0 0 0 0 0 0 0
695 15492 (LogRetentionJob) S 333 333 0 0 -1 1077936192 9 450173 0 220 0 0 1229 2210 20 0 308 0 121154176 2218614784 29252 18446744073709551615 1 1 0 0 0 0 4612 1 1073775864 0 0 0 -1 3 0 0 0 0 0 0 0 0 0 0 0 0 0
695 1594 (CCodecWatchdog) S 333 333 0 0 -1 1077936192 1 450173 0 220 0 0 1229 2210 20 0 308 0 6044 2218614784 29252 18446744073709551615 1 1 0 0 0 0 4612 1 1073775864 0 0 0 -1 2 0 0 0 0 0 0 0 0 0 0 0 0 0
695 1596 (NDK MediaCodec_) S 333 333 0 0 -1 1077936192 1 450173 0 220 0 0 1229 2210 4 -16 308 0 6044 2218614784 29252 18446744073709551615 1 1 0 0 0 0 4612 1 1073775864 0 0 0 -1 1 0 0 0 0 0 0 0 0 0 0 0 0 0
695 15969 (AmazonFingerPri) S 333 333 0 0 -1 1077936192 5 450173 0 220 0 0 1229 2210 30 10 308 0 164532139 2218614784 29252 18446744073709551615 1 1 0 0 0 0 4612 1 1073775864 0 0 0 -1 3 0 0 0 0 0 0 0 0 0 0 0 0 0
695 1597 (NDK MediaCodec_) S 333 333 0 0 -1 1077936192 1 450173 0 220 0 0 1229 2210 4 -16 308 0 6044 2218614784 29252 18446744073709551615 1 1 0 0 0 0 4612 1 1073775864 0 0 0 -1 0 0 0 0 0 0 0 0 0 0 0 0 0 0
695 1605 (HwBinder:695_4) S 333 333 0 0 -1 1077936192 5531 450173 274 220 497 149 1229 2210 20 0 308 0 6051 2218614784 29252 18446744073709551615 1 1 0 0 0 0 4612 1 1073775864 0 0 0 -1 2 0 0 0 0 0 0 0 0 0 0 0 0 0
695 1612 (HwBinder:695_5) S 333 333 0 0 -1 1077936192 9183 450173 324 220 791 240 1229 2210 20 0 308 0 6060 2218614784 29252 18446744073709551615 1 1 0 0 0 0 4612 1 1073775864 0 0 0 -1 3 0 0 0 0 0 0 0 0 0 0 0 0 0
695 16757 (AmazonFingerPri) S 333 333 0 0 -1 1077936192 5 450173 0 220 0 0 1229 2210 30 10 308 0 86767127 2218614784 29252 18446744073709551615 1 1 0 0 0 0 4612 1 1073775864 0 0 0 -1 1 0 0 0 0 0 0 0 0 0 0 0 0 0
695 1699 (FireTVKeyPolicy) S 333 333 0 0 -1 1077936192 5 450173 0 220 0 0 1229 2210 18 -2 308 0 6123 2218614784 29252 18446744073709551615 1 1 0 0 0 0 4612 1 1073775864 0 0 0 -1 0 0 0 0 0 0 0 0 0 0 0 0 0 0
695 1752 (Binder:695_E) S 333 333 0 0 -1 1077936448 109708 450173 7163 220 12134 5482 1229 2210 20 0 308 0 6209 2218614784 29252 18446744073709551615 1 1 0 0 0 4096 4612 1 1073775864 0 0 0 -1 2 0 0 0 0 0 0 0 0 0 0 0 0 0
695 1759 (VolumeAliasHand) S 333 333 0 0 -1 1077936192 4 450173 0 220 0 0 1229 2210 20 0 308 0 6215 2218614784 29252 18446744073709551615 1 1 0 0 0 0 4612 1 1073775864 0 0 0 -1 2 0 0 0 0 0 0 0 0 0 0 0 0 0
695 1764 (LeGattConnectio) S 333 333 0 0 -1 1077936192 5 450173 0 220 0 0 1229 2210 20 0 308 0 6226 2218614784 29252 18446744073709551615 1 1 0 0 0 0 4612 1 1073775864 0 0 0 -1 0 0 0 0 0 0 0 0 0 0 0 0 0 0
695 1766 (LeGattScanWorke) S 333 333 0 0 -1 1077936192 5 450173 0 220 0 0 1229 2210 20 0 308 0 6226 2218614784 29252 18446744073709551615 1 1 0 0 0 0 4612 1 1073775864 0 0 0 -1 3 0 0 0 0 0 0 0 0 0 0 0 0 0
695 1767 (LeAdapterReques) S 333 333 0 0 -1 1077936192 5 450173 0 220 0 0 1229 2210 20 0 308 0 6227 2218614784 29252 18446744073709551615 1 1 0 0 0 0 4612 1 1073775864 0 0 0 -1 0 0 0 0 0 0 0 0 0 0 0 0 0 0
695 1773 (RedirectListene) S 333 333 0 0 -1 1077936192 5 450173 0 220 0 0 1229 2210 20 0 308 0 6236 2218614784 29252 18446744073709551615 1 1 0 0 0 0 4612 1 1073775864 0 0 0 -1 0 0 0 0 0 0 0 0 0 0 0 0 0 0
695 1782 (AdvertisingIdAr) S 333 333 0 0 -1 1077936192 9 450173 0 220 0 0 1229 2210 20 0 308 0 6239 2218614784 29252 18446744073709551615 1 1 0 0 0 0 4612 1 1073775864 0 0 0 -1 0 0 0 0 0 0 0 0 0 0 0 0 0 0
695 1794 (AmazonFingerPri) S 333 333 0 0 -1 1077936192 20 450173 6 220 0 0 1229 2210 30 10 308 0 6241 2218614784 29252 18446744073709551615 1 1 0 0 0 0 4612 1 1073775864 0 0 0 -1 1 0 0 0 0 0 0 0 0 0 0 0 0 0
695 1798 (ThreadPriorityB) S 333 333 0 0 -1 1077936448 560 450173 201 220 6 11 1229 2210 20 0 308 0 6242 2218614784 29252 18446744073709551615 1 1 0 0 0 0 4612 1 1073775864 0 0 0 -1 1 0 0 0 0 0 0 0 0 0 0 0 0 0
695 1801 (BtLeManagerThre) S 333 333 0 0 -1 1077936192 97 450173 19 220 0 1 1229 2210 20 0 308 0 6244 2218614784 29252 18446744073709551615 1 1 0 0 0 0 4612 1 1073775864 0 0 0 -1 0 0 0 0 0 0 0 0 0 0 0 0 0 0
695 1802 (pool-8-thread-1) S 333 333 0 0 -1 1077936192 1301 450173 263 220 46 41 1229 2210 20 0 308 0 6247 2218614784 29252 18446744073709551615 1 1 0 0 0 0 4612 1 1073775864 0 0 0 -1 3 0 0 0 0 0 0 0 0 0 0 0 0 0
695 1803 (OsuServerHandle) S 333 333 0 0 -1 1077936192 5 450173 0 220 0 0 1229 2210 20 0 308 0 6250 2218614784 29252 18446744073709551615 1 1 0 0 0 0 4612 1 1073775864 0 0 0 -1 1 0 0 0 0 0 0 0 0 0 0 0 0 0
695 1815 (LogRetentionJob) S 333 333 0 0 -1 1077936192 11 450173 2 220 0 0 1229 2210 20 0 308 0 216185958 2218614784 29252 18446744073709551615 1 1 0 0 0 0 4612 1 1073775864 0 0 0 -1 0 0 0 0 0 0 0 0 0 0 0 0 0 0
695 1828 (PerfArcusLooper) S 333 333 0 0 -1 1077936192 168 450173 67 220 2 1 1229 2210 20 0 308 0 6309 2218614784 29252 18446744073709551615 1 1 0 0 0 0 4612 1 1073775864 0 0 0 -1 1 0 0 0 0 0 0 0 0 0 0 0 0 0
695 1842 (PerfSchedTunerA) S 333 333 0 0 -1 1077936192 127 450173 74 220 1 3 1229 2210 30 10 308 0 6315 2218614784 29252 18446744073709551615 1 1 0 0 0 0 4612 1 1073775864 0 0 0 -1 1 0 0 0 0 0 0 0 0 0 0 0 0 0
695 1855 (SamplingThread) S 333 333 0 0 -1 1077936192 4 450173 0 220 0 0 1229 2210 20 0 308 0 6318 2218614784 29252 18446744073709551615 1 1 0 0 0 0 4612 1 1073775864 0 0 0 -1 3 0 0 0 0 0 0 0 0 0 0 0 0 0
695 18720 (AmazonFingerPri) S 333 333 0 0 -1 1077936192 5 450173 0 220 0 0 1229 2210 30 10 308 0 121327246 2218614784 29252 18446744073709551615 1 1 0 0 0 0 4612 1 1073775864 0 0 0 -1 1 0 0 0 0 0 0 0 0 0 0 0 0 0
695 19126 (LogRetentionJob) S 333 333 0 0 -1 1077936192 9 450173 0 220 0 0 1229 2210 20 0 308 0 52050581 2218614784 29252 18446744073709551615 1 1 0 0 0 0 4612 1 1073775864 0 0 0 -1 1 0 0 0 0 0 0 0 0 0 0 0 0 0
695 19181 (LogRetentionJob) S 333 333 0 0 -1 1077936192 9 450173 0 220 0 0 1229 2210 20 0 308 0 198910962 2218614784 29252 18446744073709551615 1 1 0 0 0 0 4612 1 1073775864 0 0 0 -1 1 0 0 0 0 0 0 0 0 0 0 0 0 0
695 20345 (LogRetentionJob) S 333 333 0 0 -1 1077936192 9 450173 0 220 0 0 1229 2210 20 0 308 0 17483740 2218614784 29252 18446744073709551615 1 1 0 0 0 0 4612 1 1073775864 0 0 0 -1 0 0 0 0 0 0 0 0 0 0 0 0 0 0
695 2100 (LazyTaskWriterT) S 333 333 0 0 -1 1077936192 6284 450173 529 220 111 247 1229 2210 30 10 308 0 6581 2218614784 29252 18446744073709551615 1 1 0 0 0 0 4612 1 1073775864 0 0 0 -1 0 0 0 0 0 0 0 0 0 0 0 0 0 0
695 2102 (StorageUserConn) S 333 333 0 0 -1 1077936192 13 450173 0 220 0 0 1229 2210 20 0 308 0 6583 2218614784 29252 18446744073709551615 1 1 0 0 0 0 4612 1 1073775864 0 0 0 -1 2 0 0 0 0 0 0 0 0 0 0 0 0 0
695 21044 (AmazonFingerPri) S 333 333 0 0 -1 1077936192 5 450173 0 220 0 0 1229 2210 30 10 308 0 52207431 2218614784 29252 18446744073709551615 1 1 0 0 0 0 4612 1 1073775864 0 0 0 -1 3 0 0 0 0 0 0 0 0 0 0 0 0 0
695 21475 (AmazonFingerPri) S 333 333 0 0 -1 1077936192 5 450173 0 220 0 0 1229 2210 30 10 308 0 199091512 2218614784 29252 18446744073709551615 1 1 0 0 0 0 4612 1 1073775864 0 0 0 -1 1 0 0 0 0 0 0 0 0 0 0 0 0 0
695 2211 (AudioPortEventH) S 333 333 0 0 -1 1077936192 603 450173 326 220 3 9 1229 2210 20 0 308 0 6637 2218614784 29252 18446744073709551615 1 1 0 0 0 0 4612 1 1073775864 0 0 0 -1 1 0 0 0 0 0 0 0 0 0 0 0 0 0
695 22517 (AmazonFingerPri) S 333 333 0 0 -1 1077936192 6 450173 0 220 0 0 1229 2210 30 10 308 0 17647085 2218614784 29252 18446744073709551615 1 1 0 0 0 0 4612 1 1073775864 0 0 0 -1 1 0 0 0 0 0 0 0 0 0 0 0 0 0
695 22634 (LogRetentionJob) S 333 333 0 0 -1 1077936192 9 450173 1 220 0 0 1229 2210 20 0 308 0 155716626 2218614784 29252 18446744073709551615 1 1 0 0 0 0 4612 1 1073775864 0 0 0 -1 3 0 0 0 0 0 0 0 0 0 0 0 0 0
695 22653 (LogRetentionJob) S 333 333 0 0 -1 1077936192 11 450173 3 220 0 0 1229 2210 20 0 308 0 207556903 2218614784 29252 18446744073709551615 1 1 0 0 0 0 4612 1 1073775864 0 0 0 -1 2 0 0 0 0 0 0 0 0 0 0 0 0 0
695 2279 (AmazonFingerPri) S 333 333 0 0 -1 1077936192 6 450173 0 220 0 0 1229 2210 30 10 308 0 104047951 2218614784 29252 18446744073709551615 1 1 0 0 0 0 4612 1 1073775864 0 0 0 -1 3 0 0 0 0 0 0 0 0 0 0 0 0 0
695 22974 (LogRetentionJob) S 333 333 0 0 -1 1077936192 9 450173 0 220 0 0 1229 2210 20 0 308 0 112524029 2218614784 29252 18446744073709551615 1 1 0 0 0 0 4612 1 1073775864 0 0 0 -1 1 0 0 0 0 0 0 0 0 0 0 0 0 0
695 24468 (LogRetentionJob) S 333 333 0 0 -1 1077936192 11 450173 8 220 0 0 1229 2210 20 0 308 0 233465958 2218614784 29252 18446744073709551615 1 1 0 0 0 0 4612 1 1073775864 0 0 0 -1 2 0 0 0 0 0 0 0 0 0 0 0 0 0
695 24597 (LogRetentionJob) S 333 333 0 0 -1 1077936192 10 450173 0 220 0 0 1229 2210 20 0 308 0 190274408 2218614784 29252 18446744073709551615 1 1 0 0 0 0 4612 1 1073775864 0 0 0 -1 1 0 0 0 0 0 0 0 0 0 0 0 0 0
695 2489 (pool-7-thread-1) S 333 333 0 0 -1 1077936192 36565 450173 928 220 1073 1541 1229 2210 20 0 308 0 6947 2218614784 29252 18446744073709551615 1 1 0 0 0 0 4612 1 1073775864 0 0 0 -1 2 0 0 0 0 0 0 0 0 0 0 0 0 0
695 25127 (AmazonFingerPri) S 333 333 0 0 -1 1077936192 5 450173 1 220 0 0 1229 2210 30 10 308 0 112688023 2218614784 29252 18446744073709551615 1 1 0 0 0 0 4612 1 1073775864 0 0 0 -1 1 0 0 0 0 0 0 0 0 0 0 0 0 0
695 25157 (AmazonFingerPri) S 333 333 0 0 -1 1077936192 6 450173 0 220 0 0 1229 2210 30 10 308 0 155892024 2218614784 29252 18446744073709551615 1 1 0 0 0 0 4612 1 1073775864 0 0 0 -1 0 0 0 0 0 0 0 0 0 0 0 0 0 0
695 25397 (AmazonFingerPri) S 333 333 0 0 -1 1077936192 8 450173 0 220 0 0 1229 2210 30 10 308 0 207732746 2218614784 29252 18446744073709551615 1 1 0 0 0 0 4612 1 1073775864 0 0 0 -1 3 0 0 0 0 0 0 0 0 0 0 0 0 0
695 2542 (Okio Watchdog) S 333 333 0 0 -1 1077936192 96 450173 58 220 85 99 1229 2210 20 0 308 0 6967 2218614784 29252 18446744073709551615 1 1 0 0 0 0 4612 1 1073775864 0 0 0 -1 1 0 0 0 0 0 0 0 0 0 0 0 0 0
695 25479 (LogRetentionJob) S 333 333 0 0 -1 1077936192 9 450173 0 220 0 0 1229 2210 20 0 308 0 77960230 2218614784 29252 18446744073709551615 1 1 0 0 0 0 4612 1 1073775864 0 0 0 -1 1 0 0 0 0 0 0 0 0 0 0 0 0 0
695 26957 (AmazonFingerPri) S 333 333 0 0 -1 1077936192 9 450173 2 220 0 0 1229 2210 30 10 308 0 233646255 2218614784 29252 18446744073709551615 1 1 0 0 0 0 4612 1 1073775864 0 0 0 -1 2 0 0 0 0 0 0 0 0 0 0 0 0 0
695 27340 (AmazonFingerPri) S 333 333 0 0 -1 1077936192 5 450173 0 220 0 0 1229 2210 30 10 308 0 190452511 2218614784 29252 18446744073709551615 1 1 0 0 0 0 4612 1 1073775864 0 0 0 -1 3 0 0 0 0 0 0 0 0 0 0 0 0 0
695 27405 (AsyncTask #16) S 333 333 0 0 -1 1077936192 4074 450173 164 220 44 23 1229 2210 30 10 308 0 254950814 2218614784 29252 18446744073709551615 1 1 0 0 0 0 4612 1 1073775864 0 0 0 -1 1 0 0 0 0 0 0 0 0 0 0 0 0 0
695 27645 (AmazonFingerPri) S 333 333 0 0 -1 1077936192 5 450173 1 220 0 0 1229 2210 30 10 308 0 78127720 2218614784 29252 18446744073709551615 1 1 0 0 0 0 4612 1 1073775864 0 0 0 -1 3 0 0 0 0 0 0 0 0 0 0 0 0 0
695 28310 (LogRetentionJob) S 333 333 0 0 -1 1077936192 10 450173 2 220 0 0 1229 2210 20 0 308 0 43395587 2218614784 29252 18446744073709551615 1 1 0 0 0 0 4612 1 1073775864 0 0 0 -1 1 0 0 0 0 0 0 0 0 0 0 0 0 0
695 29014 (LogRetentionJob) S 333 333 0 0 -1 1077936192 8 450173 1 220 0 0 1229 2210 20 0 308 0 8827337 2218614784 29252 18446744073709551615 1 1 0 0 0 0 4612 1 1073775864 0 0 0 -1 1 0 0 0 0 0 0 0 0 0 0 0 0 0
695 29588 (LogRetentionJob) S 333 333 0 0 -1 1077936192 13 450173 4 220 0 0 1229 2210 20 0 308 0 250745958 2218614784 29252 18446744073709551615 1 1 0 0 0 0 4612 1 1073775864 0 0 0 -1 3 0 0 0 0 0 0 0 0 0 0 0 0 0
695 29756 (LogRetentionJob) S 333 333 0 0 -1 1077936192 10 450173 0 220 0 0 1229 2210 20 0 308 0 147084566 2218614784 29252 18446744073709551615 1 1 0 0 0 0 4612 1 1073775864 0 0 0 -1 0 0 0 0 0 0 0 0 0 0 0 0 0 0
695 30600 (LogRetentionJob) S 333 333 0 0 -1 1077936192 12 450173 5 220 0 0 1229 2210 20 0 308 0 259385957 2218614784 29252 18446744073709551615 1 1 0 0 0 0 4612 1 1073775864 0 0 0 -1 0 0 0 0 0 0 0 0 0 0 0 0 0 0
695 30920 (AmazonFingerPri) S 333 333 0 0 -1 1077936192 6 450173 1 220 0 0 1229 2210 30 10 308 0 43567339 2218614784 29252 18446744073709551615 1 1 0 0 0 0 4612 1 1073775864 0 0 0 -1 3 0 0 0 0 0 0 0 0 0 0 0 0 0
695 30945 (AmazonFingerPri) S 333 333 0 0 -1 1077936192 8 450173 4 220 0 0 1229 2210 30 10 308 0 366254 2218614784 29252 18446744073709551615 1 1 0 0 0 0 4612 1 1073775864 0 0 0 -1 2 0 0 0 0 0 0 0 0 0 0 0 0 0
695 31028 (AmazonFingerPri) S 333 333 0 0 -1 1077936192 6 450173 0 220 0 0 1229 2210 30 10 308 0 9006991 2218614784 29252 18446744073709551615 1 1 0 0 0 0 4612 1 1073775864 0 0 0 -1 2 0 0 0 0 0 0 0 0 0 0 0 0 0
695 31588 (LogRetentionJob) S 333 333 0 0 -1 1077936192 10 450173 0 220 0 0 1229 2210 20 0 308 0 103868899 2218614784 29252 18446744073709551615 1 1 0 0 0 0 4612 1 1073775864 0 0 0 -1 1 0 0 0 0 0 0 0 0 0 0 0 0 0
695 31855 (AmazonFingerPri) S 333 333 0 0 -1 1077936192 6 450173 0 220 0 0 1229 2210 30 10 308 0 147251855 2218614784 29252 18446744073709551615 1 1 0 0 0 0 4612 1 1073775864 0 0 0 -1 1 0 0 0 0 0 0 0 0 0 0 0 0 0
695 31983 (AmazonFingerPri) S 333 333 0 0 -1 1077936192 7 450173 0 220 0 0 1229 2210 30 10 308 0 250926254 2218614784 29252 18446744073709551615 1 1 0 0 0 0 4612 1 1073775864 0 0 0 -1 1 0 0 0 0 0 0 0 0 0 0 0 0 0
695 3214 (BtCallback) S 333 333 0 0 -1 1077936192 61 450173 9 220 0 1 1229 2210 20 0 308 0 7572 2218614784 29252 18446744073709551615 1 1 0 0 0 0 4612 1 1073775864 0 0 0 -1 3 0 0 0 0 0 0 0 0 0 0 0 0 0
695 32234 (OkHttp Connecti) S 333 333 0 0 -1 1077936192 5 450173 1 220 0 0 1229 2210 20 0 308 0 269301060 2218614784 29252 18446744073709551615 1 1 0 0 0 0 4612 1 1073775864 0 0 0 -1 2 0 0 0 0 0 0 0 0 0 0 0 0 0
695 3245 (AmazonFingerPri) S 333 333 0 0 -1 1077936192 7 450173 1 220 0 0 1229 2210 30 10 308 0 69487613 2218614784 29252 18446744073709551615 1 1 0 0 0 0 4612 1 1073775864 0 0 0 -1 0 0 0 0 0 0 0 0 0 0 0 0 0 0
695 32725 (LogRetentionJob) S 333 333 0 0 -1 1077936192 9 450173 0 220 0 0 1229 2210 20 0 308 0 69334139 2218614784 29252 18446744073709551615 1 1 0 0 0 0 4612 1 1073775864 0 0 0 -1 0 0 0 0 0 0 0 0 0 0 0 0 0 0
695 3367 (AmazonFingerPri) S 333 333 0 0 -1 1077936192 5 450173 0 220 0 0 1229 2210 30 10 308 0 181812401 2218614784 29252 18446744073709551615 1 1 0 0 0 0 4612 1 1073775864 0 0 0 -1 3 0 0 0 0 0 0 0 0 0 0 0 0 0
695 3390 (LogRetentionJob) S 333 333 0 0 -1 1077936192 10 450173 0 220 0 0 1229 2210 20 0 308 0 138429987 2218614784 29252 18446744073709551615 1 1 0 0 0 0 4612 1 1073775864 0 0 0 -1 0 0 0 0 0 0 0 0 0 0 0 0 0 0
695 353 (LogRetentionJob) S 333 333 0 0 -1 1077936192 9 450173 0 220 0 0 1229 2210 20 0 308 0 181644164 2218614784 29252 18446744073709551615 1 1 0 0 0 0 4612 1 1073775864 0 0 0 -1 3 0 0 0 0 0 0 0 0 0 0 0 0 0
695 4400 (Binder:695_F) S 333 333 0 0 -1 1077936448 103465 450173 5918 220 11485 5021 1229 2210 20 0 308 0 9269 2218614784 29252 18446744073709551615 1 1 0 0 0 0 4612 1 1073775864 0 0 0 -1 0 0 0 0 0 0 0 0 0 0 0 0 0 0
695 4552 (AmazonFingerPri) S 333 333 0 0 -1 1077936192 6 450173 0 220 0 0 1229 2210 30 10 308 0 216366254 2218614784 29252 18446744073709551615 1 1 0 0 0 0 4612 1 1073775864 0 0 0 -1 0 0 0 0 0 0 0 0 0 0 0 0 0 0
695 4634 (AmazonKeyEventL) S 333 333 0 0 -1 1077936192 1123 450173 585 220 51 52 1229 2210 20 0 308 0 9769 2218614784 29252 18446744073709551615 1 1 0 0 0 0 4612 1 1073775864 0 0 0 -1 0 0 0 0 0 0 0 0 0 0 0 0 0 0
695 4882 (Binder:695_10) S 333 333 0 0 -1 1077936448 118908 450173 5345 220 13553 6342 1229 2210 20 0 308 0 10131 2218614784 29252 18446744073709551615 1 1 0 0 0 0 4612 1 1073775864 0 0 0 -1 2 0 0 0 0 0 0 0 0 0 0 0 0 0
695 4949 (LogRetentionJob) S 333 333 0 0 -1 1077936192 12 450173 0 220 0 0 1229 2210 20 0 308 0 34746810 2218614784 29252 18446744073709551615 1 1 0 0 0 0 4612 1 1073775864 0 0 0 -1 3 0 0 0 0 0 0 0 0 0 0 0 0 0
695 5713 (pool-6-thread-1) S 333 333 0 0 -1 1077936192 10815 450173 301 220 648 183 1229 2210 20 0 308 0 12369 2218614784 29252 18446744073709551615 1 1 0 0 0 0 4612 1 1073775864 0 0 0 -1 1 0 0 0 0 0 0 0 0 0 0 0 0 0
695 5832 (AmazonFingerPri) S 333 333 0 0 -1 1077936192 5 450173 0 220 0 0 1229 2210 30 10 308 0 138611723 2218614784 29252 18446744073709551615 1 1 0 0 0 0 4612 1 1073775864 0 0 0 -1 3 0 0 0 0 0 0 0 0 0 0 0 0 0
695 6078 (Binder:695_11) S 333 333 0 0 -1 1077936448 115744 450173 5306 220 12738 5674 1229 2210 20 0 308 0 13684 2218614784 29252 18446744073709551615 1 1 0 0 0 0 4612 1 1073775864 0 0 0 -1 2 0 0 0 0 0 0 0 0 0 0 0 0 0
695 6150 (LogRetentionJob) S 333 333 0 0 -1 1077936192 14 450173 4 220 0 0 1229 2210 20 0 308 0 224825959 2218614784 29252 18446744073709551615 1 1 0 0 0 0 4612 1 1073775864 0 0 0 -1 1 0 0 0 0 0 0 0 0 0 0 0 0 0
695 6304 (Binder:695_12) S 333 333 0 0 -1 1077936448 125146 450173 5517 220 14226 6411 1229 2210 20 0 308 0 14215 2218614784 29252 18446744073709551615 1 1 0 0 0 0 4612 1 1073775864 0 0 0 -1 2 0 0 0 0 0 0 0 0 0 0 0 0 0
695 6513 (LogRetentionJob) S 333 333 0 0 -1 1077936192 9 450173 0 220 0 0 1229 2210 20 0 308 0 173014960 2218614784 29252 18446744073709551615 1 1 0 0 0 0 4612 1 1073775864 0 0 0 -1 3 0 0 0 0 0 0 0 0 0 0 0 0 0
695 6541 (Binder:695_13) S 333 333 0 0 -1 1077936448 122096 450173 6729 220 13334 5965 1229 2210 20 0 308 0 15162 2218614784 29252 18446744073709551615 1 1 0 0 0 0 4612 1 1073775864 0 0 0 -1 0 0 0 0 0 0 0 0 0 0 0 0 0 0
695 6632 (Binder:695_14) S 333 333 0 0 -1 1077936448 155215 450173 5933 220 17111 7838 1229 2210 20 0 308 0 15411 2218614784 29252 18446744073709551615 1 1 0 0 0 0 4612 1 1073775864 0 0 0 -1 3 0 0 0 0 0 0 0 0 0 0 0 0 0
695 6785 (Binder:695_15) S 333 333 0 0 -1 1077936448 140070 450173 4785 220 15880 6946 1229 2210 20 0 308 0 15816 2218614784 29252 18446744073709551615 1 1 0 0 0 0 4612 1 1073775864 0 0 0 -1 2 0 0 0 0 0 0 0 0 0 0 0 0 0
695 695 (Binder:695_3) S 333 333 0 0 -1 1077936448 2763701 450173 43033 220 82311 20244 1229 2210 18 -2 308 0 1304 2218614784 29252 18446744073709551615 1 1 0 0 0 0 4612 1 1073775864 0 0 0 17 2 0 0 0 0 0 0 0 0 0 0 0 0 0
695 701 (Signal Catcher) S 333 333 0 0 -1 1077936192 46 450173 0 220 0 0 1229 2210 0 -20 308 0 1306 2218614784 29252 18446744073709551615 1 1 0 0 0 0 4096 1 1073775864 0 0 0 -1 1 0 0 0 0 0 0 0 0 0 0 0 0 0
695 702 (perfetto_hprof_) S 333 333 0 0 -1 4194368 5 450173 0 220 0 0 1229 2210 0 -20 308 0 1306 2218614784 29252 18446744073709551615 1 1 0 0 0 0 4612 1 1073775864 0 0 0 -1 1 0 0 0 0 0 0 0 0 0 0 0 0 0
695 703 (Jit thread pool) S 333 333 0 0 -1 1077936192 62222 450173 2466 220 386 138 1229 2210 20 0 308 0 1307 2218614784 29252 18446744073709551615 1 1 0 0 0 0 4612 1 1073775864 0 0 0 -1 3 0 0 0 0 0 0 0 0 0 0 0 0 0
695 704 (HeapTaskDaemon) S 333 333 0 0 -1 1077936192 2934439 450173 151668 220 101797 8122 1229 2210 24 4 308 0 1307 2218614784 29252 18446744073709551615 1 1 0 0 0 0 4612 1 1073775864 0 0 0 -1 1 0 0 0 0 0 0 0 0 0 0 0 0 0
695 705 (ReferenceQueueD) S 333 333 0 0 -1 1077936192 2744 450173 2526 220 2043 509 1229 2210 24 4 308 0 1307 2218614784 29252 18446744073709551615 1 1 0 0 0 0 4612 1 1073775864 0 0 0 -1 1 0 0 0 0 0 0 0 0 0 0 0 0 0
695 706 (FinalizerDaemon) S 333 333 0 0 -1 1077936192 7166 450173 1844 220 770 303 1229 2210 24 4 308 0 1307 2218614784 29252 18446744073709551615 1 1 0 0 0 0 4612 1 1073775864 0 0 0 -1 0 0 0 0 0 0 0 0 0 0 0 0 0 0
695 707 (FinalizerWatchd) S 333 333 0 0 -1 1077936192 45 450173 19 220 47 34 1229 2210 24 4 308 0 1307 2218614784 29252 18446744073709551615 1 1 0 0 0 0 4612 1 1073775864 0 0 0 -1 0 0 0 0 0 0 0 0 0 0 0 0 0 0
695 7145 (Timer-43) S 333 333 0 0 -1 1077936192 4 450173 2 220 0 0 1229 2210 20 0 308 0 267852421 2218614784 29252 18446744073709551615 1 1 0 0 0 0 4612 1 1073775864 0 0 0 -1 3 0 0 0 0 0 0 0 0 0 0 0 0 0
695 7260 (AmazonFingerPri) S 333 333 0 0 -1 1077936192 6 450173 1 220 0 0 1229 2210 30 10 308 0 34927250 2218614784 29252 18446744073709551615 1 1 0 0 0 0 4612 1 1073775864 0 0 0 -1 1 0 0 0 0 0 0 0 0 0 0 0 0 0
695 729 (Binder:695_1) S 333 333 0 0 -1 1077936448 137018 450173 4212 220 16467 7142 1229 2210 20 0 308 0 1538 2218614784 29252 18446744073709551615 1 1 0 0 0 0 4612 1 1073775864 0 0 0 -1 1 0 0 0 0 0 0 0 0 0 0 0 0 0
695 730 (Binder:695_2) S 333 333 0 0 -1 1077936448 100400 450173 4194 220 12278 5599 1229 2210 20 0 308 0 1538 2218614784 29252 18446744073709551615 1 1 0 0 0 0 4612 1 1073775864 0 0 0 -1 3 0 0 0 0 0 0 0 0 0 0 0 0 0
695 731 (android.fg) S 333 333 0 0 -1 1077936448 962719 450173 3418 220 24664 18230 1229 2210 20 0 308 0 1579 2218614784 29252 18446744073709551615 1 1 0 0 0 0 4612 1 1073775864 0 0 0 -1 3 0 0 0 0 0 0 0 0 0 0 0 0 0
695 732 (android.ui) S 333 333 0 0 -1 1077936448 11685 450173 2280 220 7114 5641 1229 2210 18 -2 308 0 1579 2218614784 29252 18446744073709551615 1 1 0 0 0 0 4612 1 1073775864 0 0 0 -1 3 0 0 0 0 0 0 0 0 0 0 0 0 0
695 733 (android.io) S 333 333 0 0 -1 1077936192 347594 450173 1107 220 6494 3572 1229 2210 20 0 308 0 1579 2218614784 29252 18446744073709551615 1 1 0 0 0 0 4612 1 1073775864 0 0 0 -1 0 0 0 0 0 0 0 0 0 0 0 0 0 0
695 734 (android.display) S 333 333 0 0 -1 1077936448 40613 450173 6512 220 1482 734 1229 2210 17 -3 308 0 1579 2218614784 29252 18446744073709551615 1 1 0 0 0 0 4612 1 1073775864 0 0 0 -1 2 0 0 0 0 0 0 0 0 0 0 0 0 0
695 735 (android.anim) S 333 333 0 0 -1 1077936192 1483032 450173 12619 220 3232 1600 1229 2210 16 -4 308 0 1579 2218614784 29252 18446744073709551615 1 1 0 0 0 0 4612 1 1073775864 0 0 0 -1 3 0 0 0 0 0 0 0 0 0 0 0 0 0
695 736 (android.anim.lf) S 333 333 0 0 -1 1077936192 1027 450173 670 220 334 248 1229 2210 16 -4 308 0 1579 2218614784 29252 18446744073709551615 1 1 0 0 0 0 4612 1 1073775864 0 0 0 -1 1 0 0 0 0 0 0 0 0 0 0 0 0 0
695 737 (watchdog) S 333 333 0 0 -1 1077936192 8283 450173 168 220 1551 1064 1229 2210 20 0 308 0 1579 2218614784 29252 18446744073709551615 1 1 0 0 0 0 4612 1 1073775864 0 0 0 -1 3 0 0 0 0 0 0 0 0 0 0 0 0 0
695 739 (PackageRecency ) S 333 333 0 0 -1 1077936192 397 450173 149 220 16 9 1229 2210 30 10 308 0 1585 2218614784 29252 18446744073709551615 1 1 0 0 0 0 4612 1 1073775864 0 0 0 -1 1 0 0 0 0 0 0 0 0 0 0 0 0 0
695 740 (android.bg) S 333 333 0 0 -1 1077936448 1044402 450173 29677 220 25310 74240 1229 2210 30 10 308 0 1586 2218614784 29252 18446744073709551615 1 1 0 0 0 0 4612 1 1073775864 0 0 0 -1 3 0 0 0 0 0 0 0 0 0 0 0 0 0
695 741 (ActivityManager) S 333 333 0 0 -1 1077936448 130266 450173 8322 220 14301 32748 1229 2210 18 -2 308 0 1587 2218614784 29252 18446744073709551615 1 1 0 0 0 0 4612 1 1073775864 0 0 0 -1 2 0 0 0 0 0 0 0 0 0 0 0 0 0
695 742 (ActivityManager) S 333 333 0 0 -1 1077936448 53361 450173 989 220 952 599 1229 2210 18 -2 308 0 1587 2218614784 29252 18446744073709551615 1 1 0 0 0 0 4612 1 1073775864 0 0 0 -1 2 0 0 0 0 0 0 0 0 0 0 0 0 0
695 743 (ActivityManager) S 333 333 0 0 -1 1077936448 4300 450173 2126 220 322 1204 1229 2210 30 10 308 0 1601 2218614784 29252 18446744073709551615 1 1 0 0 0 0 4612 1 1073775864 0 0 0 -1 1 0 0 0 0 0 0 0 0 0 0 0 0 0
695 744 (ActivityManager) S 333 333 0 0 -1 1077936192 3798 450173 1650 220 209 224 1229 2210 30 10 308 0 1601 2218614784 29252 18446744073709551615 1 1 0 0 0 0 4612 1 1073775864 0 0 0 -1 1 0 0 0 0 0 0 0 0 0 0 0 0 0
695 745 (Thread-2) S 333 333 0 0 -1 1077936192 139 450173 286 220 3 194 1229 2210 20 0 308 0 1601 2218614784 29252 18446744073709551615 1 1 0 0 0 0 4612 1 1073775864 0 0 0 -1 0 0 0 0 0 0 0 0 0 0 0 0 0 0
695 746 (OomAdjuster) S 333 333 0 0 -1 1077936448 5089 450173 202 220 8640 34823 1229 2210 10 -10 308 0 1601 2218614784 29252 18446744073709551615 1 1 0 0 0 0 4612 1 1073775864 0 0 0 -1 1 0 0 0 0 0 0 0 0 0 0 0 0 0
695 747 (batterystats-wo) S 333 333 0 0 -1 1077936192 344006 450173 5640 220 4074 3539 1229 2210 20 0 308 0 1604 2218614784 29252 18446744073709551615 1 1 0 0 0 0 4612 1 1073775864 0 0 0 -1 3 0 0 0 0 0 0 0 0 0 0 0 0 0
695 748 (FileObserver) S 333 333 0 0 -1 4194368 83 450173 26 220 0 1 1229 2210 20 0 308 0 1626 2218614784 29252 18446744073709551615 1 1 0 0 0 0 4612 1 1073775864 0 0 0 -1 0 0 0 0 0 0 0 0 0 0 0 0 0 0
695 749 (CpuTracker) S 333 333 0 0 -1 1077936448 7602 450173 384 220 2938 12114 1229 2210 20 0 308 0 1628 2218614784 29252 18446744073709551615 1 1 0 0 0 0 4612 1 1073775864 0 0 0 -1 1 0 0 0 0 0 0 0 0 0 0 0 0 0
695 750 (Thread-3) S 333 333 0 0 -1 1077936192 8 450173 0 220 0 0 1229 2210 18 -2 308 0 1629 2218614784 29252 18446744073709551615 1 1 0 0 0 0 4612 1 1073775864 0 0 0 -1 2 0 0 0 0 0 0 0 0 0 0 0 0 0
695 751 (Thread-4) S 333 333 0 0 -1 1077936192 6 450173 0 220 0 0 1229 2210 18 -2 308 0 1629 2218614784 29252 18446744073709551615 1 1 0 0 0 0 4612 1 1073775864 0 0 0 -1 1 0 0 0 0 0 0 0 0 0 0 0 0 0
695 752 (Thread-5) S 333 333 0 0 -1 1077936192 279 450173 194 220 6047 20450 1229 2210 18 -2 308 0 1629 2218614784 29252 18446744073709551615 1 1 0 0 0 0 4612 1 1073775864 0 0 0 -1 3 0 0 0 0 0 0 0 0 0 0 0 0 0
695 753 (AmazonPowerMana) S 333 333 0 0 -1 1077936192 1128 450173 258 220 95 32 1229 2210 25 5 308 0 1630 2218614784 29252 18446744073709551615 1 1 0 0 0 0 4612 1 1073775864 0 0 0 -1 0 0 0 0 0 0 0 0 0 0 0 0 0 0
695 754 (SuspendToRamVen) S 333 333 0 0 -1 1077936192 46 450173 22 220 0 0 1229 2210 25 5 308 0 1630 2218614784 29252 18446744073709551615 1 1 0 0 0 0 4612 1 1073775864 0 0 0 -1 3 0 0 0 0 0 0 0 0 0 0 0 0 0
695 755 (HomeLauncherCal) S 333 333 0 0 -1 1077936448 208 450173 53 220 8 8 1229 2210 25 5 308 0 1630 2218614784 29252 18446744073709551615 1 1 0 0 0 0 4612 1 1073775864 0 0 0 -1 0 0 0 0 0 0 0 0 0 0 0 0 0 0
695 756 (PowerManagerSer) S 333 333 0 0 -1 1077936448 8619 450173 1288 220 2227 1990 1229 2210 10 -10 308 0 1630 2218614784 29252 18446744073709551615 1 1 0 0 0 0 4612 1 1073775864 0 0 0 -1 3 0 0 0 0 0 0 0 0 0 0 0 0 0
695 757 (HwBinder:695_1) S 333 333 0 0 -1 1077936192 3741 450173 337 220 325 99 1229 2210 20 0 308 0 1631 2218614784 29252 18446744073709551615 1 1 0 0 0 0 4612 1 1073775864 0 0 0 -1 0 0 0 0 0 0 0 0 0 0 0 0 0 0
695 758 (BatteryStats_wa) S 333 333 0 0 -1 1077936192 6 450173 0 220 0 0 1229 2210 18 -2 308 0 1631 2218614784 29252 18446744073709551615 1 1 0 0 0 0 4612 1 1073775864 0 0 0 -1 2 0 0 0 0 0 0 0 0 0 0 0 0 0
695 760 (PackageManager) S 333 333 0 0 -1 1077936192 6 450173 0 220 0 0 1229 2210 30 10 308 0 1639 2218614784 29252 18446744073709551615 1 1 0 0 0 0 4612 1 1073775864 0 0 0 -1 1 0 0 0 0 0 0 0 0 0 0 0 0 0
695 761 (PackageManager) S 333 333 0 0 -1 1077936448 427531 450173 7570 220 13320 4446 1229 2210 30 10 308 0 1652 2218614784 29252 18446744073709551615 1 1 0 0 0 0 4612 1 1073775864 0 0 0 -1 1 0 0 0 0 0 0 0 0 0 0 0 0 0
695 772 (PackageInstalle) S 333 333 0 0 -1 1077936192 171039 450173 3801 220 3148 792 1229 2210 20 0 308 0 2983 2218614784 29252 18446744073709551615 1 1 0 0 0 0 4612 1 1073775864 0 0 0 -1 1 0 0 0 0 0 0 0 0 0 0 0 0 0
695 7739 (Binder:695_16) S 333 333 0 0 -1 1077936448 144267 450173 5288 220 16515 7165 1229 2210 20 0 308 0 18295 2218614784 29252 18446744073709551615 1 1 0 0 0 0 4612 1 1073775864 0 0 0 -1 1 0 0 0 0 0 0 0 0 0 0 0 0 0
695 775 (HealthServiceHw) S 333 333 0 0 -1 1077936192 6 450173 0 220 0 0 1229 2210 20 0 308 0 3058 2218614784 29252 18446744073709551615 1 1 0 0 0 0 4612 1 1073775864 0 0 0 -1 0 0 0 0 0 0 0 0 0 0 0 0 0 0
695 778 (RollbackPackage) S 333 333 0 0 -1 1077936192 9 450173 0 220 0 0 1229 2210 20 0 308 0 3060 2218614784 29252 18446744073709551615 1 1 0 0 0 0 4612 1 1073775864 0 0 0 -1 1 0 0 0 0 0 0 0 0 0 0 0 0 0
695 779 (RollbackManager) S 333 333 0 0 -1 1077936192 1526 450173 295 220 62 39 1229 2210 20 0 308 0 3061 2218614784 29252 18446744073709551615 1 1 0 0 0 0 4612 1 1073775864 0 0 0 -1 0 0 0 0 0 0 0 0 0 0 0 0 0 0
695 7793 (LogRetentionJob) S 333 333 0 0 -1 1077936192 10 450173 1 220 0 0 1229 2210 20 0 308 0 95242888 2218614784 29252 18446744073709551615 1 1 0 0 0 0 4612 1 1073775864 0 0 0 -1 0 0 0 0 0 0 0 0 0 0 0 0 0 0
695 781 (AccountManagerS) S 333 333 0 0 -1 1077936192 2428 450173 956 220 75 33 1229 2210 18 -2 308 0 3064 2218614784 29252 18446744073709551615 1 1 0 0 0 0 4612 1 1073775864 0 0 0 -1 3 0 0 0 0 0 0 0 0 0 0 0 0 0
695 782 (SettingsProvide) S 333 333 0 0 -1 1077936192 11483 450173 1070 220 598 231 1229 2210 30 10 308 0 3067 2218614784 29252 18446744073709551615 1 1 0 0 0 0 4612 1 1073775864 0 0 0 -1 1 0 0 0 0 0 0 0 0 0 0 0 0 0
695 787 (AlarmManager) S 333 333 0 0 -1 1077936448 20091 450173 857 220 1690 1453 1229 2210 20 0 308 0 3142 2218614784 29252 18446744073709551615 1 1 0 0 0 0 4612 1 1073775864 0 0 0 -1 3 0 0 0 0 0 0 0 0 0 0 0 0 0
695 789 (AmazonAccMgrCal) S 333 333 0 0 -1 1077936192 5 450173 0 220 0 0 1229 2210 30 10 308 0 3150 2218614784 29252 18446744073709551615 1 1 0 0 0 0 4612 1 1073775864 0 0 0 -1 1 0 0 0 0 0 0 0 0 0 0 0 0 0
695 790 (MagnifierSettin) S 333 333 0 0 -1 1077936192 5 450173 0 220 0 0 1229 2210 20 0 308 0 3152 2218614784 29252 18446744073709551615 1 1 0 0 0 0 4612 1 1073775864 0 0 0 -1 2 0 0 0 0 0 0 0 0 0 0 0 0 0
695 792 (CustomAppLaunch) S 333 333 0 0 -1 1077936192 4 450173 0 220 0 0 1229 2210 25 5 308 0 3155 2218614784 29252 18446744073709551615 1 1 0 0 0 0 4612 1 1073775864 0 0 0 -1 2 0 0 0 0 0 0 0 0 0 0 0 0 0
695 793 (UEventObserver) S 333 333 0 0 -1 4194624 730 450173 284 220 30 34 1229 2210 20 0 308 0 3156 2218614784 29252 18446744073709551615 1 1 0 0 0 0 4612 1 1073775864 0 0 0 -1 1 0 0 0 0 0 0 0 0 0 0 0 0 0
695 794 (AmazonWindowMet) S 333 333 0 0 -1 1077936192 6404 450173 926 220 124 42 1229 2210 20 0 308 0 3157 2218614784 29252 18446744073709551615 1 1 0 0 0 0 4612 1 1073775864 0 0 0 -1 1 0 0 0 0 0 0 0 0 0 0 0 0 0
695 795 (ArcusConfig) S 333 333 0 0 -1 1077936192 151 450173 102 220 2 2 1229 2210 20 0 308 0 3157 2218614784 29252 18446744073709551615 1 1 0 0 0 0 4612 1 1073775864 0 0 0 -1 1 0 0 0 0 0 0 0 0 0 0 0 0 0
695 796 (PipUpdateHandle) S 333 333 0 0 -1 1077936192 5 450173 0 220 0 0 1229 2210 20 0 308 0 3157 2218614784 29252 18446744073709551615 1 1 0 0 0 0 4612 1 1073775864 0 0 0 -1 2 0 0 0 0 0 0 0 0 0 0 0 0 0
695 797 (InputDispatcher) S 333 333 0 0 -1 1077936192 3643 450173 1875 220 482 1139 1229 2210 12 -8 308 0 3157 2218614784 29252 18446744073709551615 1 1 0 0 0 0 4612 1 1073775864 0 0 0 -1 3 0 0 0 0 0 0 0 0 0 0 0 0 0
695 798 (InputReader) S 333 333 0 0 -1 1077936448 10575 450173 1724 220 563 1240 1229 2210 12 -8 308 0 3157 2218614784 29252 18446744073709551615 1 1 0 0 0 0 4612 1 1073775864 0 0 0 -1 3 0 0 0 0 0 0 0 0 0 0 0 0 0
695 800 (NetworkWatchlis) S 333 333 0 0 -1 1077936192 76708 450173 1157 220 2434 1316 1229 2210 30 10 308 0 3160 2218614784 29252 18446744073709551615 1 1 0 0 0 0 4612 1 1073775864 0 0 0 -1 0 0 0 0 0 0 0 0 0 0 0 0 0 0
695 801 (AppIntegrityMan) S 333 333 0 0 -1 1077936448 28702 450173 3986 220 390 185 1229 2210 20 0 308 0 3160 2218614784 29252 18446744073709551615 1 1 0 0 0 0 4612 1 1073775864 0 0 0 -1 2 0 0 0 0 0 0 0 0 0 0 0 0 0
695 802 (StorageManagerS) S 333 333 0 0 -1 1077936192 1274 450173 150 220 17 12 1229 2210 20 0 308 0 3165 2218614784 29252 18446744073709551615 1 1 0 0 0 0 4612 1 1073775864 0 0 0 -1 3 0 0 0 0 0 0 0 0 0 0 0 0 0
695 8454 (AmazonFingerPri) S 333 333 0 0 -1 1077936192 6 450173 6 220 0 1 1229 2210 30 10 308 0 225006254 2218614784 29252 18446744073709551615 1 1 0 0 0 0 4612 1 1073775864 0 0 0 -1 3 0 0 0 0 0 0 0 0 0 0 0 0 0
695 8880 (Binder:695_17) S 333 333 0 0 -1 1077936448 180041 450173 5609 220 19881 8899 1229 2210 20 0 308 0 20691 2218614784 29252 18446744073709551615 1 1 0 0 0 0 4612 1 1073775864 0 0 0 -1 2 0 0 0 0 0 0 0 0 0 0 0 0 0
695 8961 (AmazonFingerPri) S 333 333 0 0 -1 1077936192 5 450173 0 220 0 0 1229 2210 30 10 308 0 173172283 2218614784 29252 18446744073709551615 1 1 0 0 0 0 4612 1 1073775864 0 0 0 -1 0 0 0 0 0 0 0 0 0 0 0 0 0 0
695 9268 (AudioTrack) S 333 333 0 0 -1 1077936192 8 450173 3 220 0 0 1229 2210 4 -16 308 0 200357252 2218614784 29252 18446744073709551615 1 1 0 0 0 0 4612 1 1073775864 0 0 0 -1 2 0 0 0 0 0 0 0 0 0 0 0 0 0
695 9484 (Binder:695_18) S 333 333 0 0 -1 1077936448 184288 450173 7235 220 22095 9908 1229 2210 20 0 308 0 21846 2218614784 29252 18446744073709551615 1 1 0 0 0 4096 4612 1 1073775864 0 0 0 -1 2 0 0 0 0 0 0 0 0 0 0 0 0 0
695 970 (LockSettingsSer) S 333 333 0 0 -1 1077936192 9 450173 0 220 0 0 1229 2210 30 10 308 0 5587 2218614784 29252 18446744073709551615 1 1 0 0 0 0 4612 1 1073775864 0 0 0 -1 0 0 0 0 0 0 0 0 0 0 0 0 0 0
695 973 (NetworkStats) S 333 333 0 0 -1 1077936448 9355242 450173 7220 220 567372 18065 1229 2210 20 0 308 0 5614 2218614784 29252 18446744073709551615 1 1 0 0 0 0 4612 1 1073775864 0 0 0 -1 0 0 0 0 0 0 0 0 0 0 0 0 0 0
695 974 (NetworkPolicy) S 333 333 0 0 -1 1077936192 2870531 450173 723 220 29827 5854 1229 2210 20 0 308 0 5615 2218614784 29252 18446744073709551615 1 1 0 0 0 0 4612 1 1073775864 0 0 0 -1 3 0 0 0 0 0 0 0 0 0 0 0 0 0
695 975 (tworkPolicy.uid) S 333 333 0 0 -1 1077936192 58037 450173 695 220 703 701 1229 2210 18 -2 308 0 5615 2218614784 29252 18446744073709551615 1 1 0 0 0 0 4612 1 1073775864 0 0 0 -1 3 0 0 0 0 0 0 0 0 0 0 0 0 0
695 976 (AsyncChannelHan) S 333 333 0 0 -1 1077936192 6 450173 0 220 0 0 1229 2210 20 0 308 0 5619 2218614784 29252 18446744073709551615 1 1 0 0 0 0 4612 1 1073775864 0 0 0 -1 1 0 0 0 0 0 0 0 0 0 0 0 0 0
695 977 (WifiHandlerThre) S 333 333 0 0 -1 1077936448 2190421 450173 14236 220 61004 21264 1229 2210 20 0 308 0 5619 2218614784 29252 18446744073709551615 1 1 0 0 0 0 4612 1 1073775864 0 0 0 -1 2 0 0 0 0 0 0 0 0 0 0 0 0 0
695 978 (WifiP2pService) S 333 333 0 0 -1 1077936192 1458 450173 478 220 22 23 1229 2210 20 0 308 0 5619 2218614784 29252 18446744073709551615 1 1 0 0 0 0 4612 1 1073775864 0 0 0 -1 1 0 0 0 0 0 0 0 0 0 0 0 0 0
695 979 (PasspointProvis) S 333 333 0 0 -1 1077936192 86 450173 2 220 4 1 1229 2210 20 0 308 0 5619 2218614784 29252 18446744073709551615 1 1 0 0 0 0 4612 1 1073775864 0 0 0 -1 1 0 0 0 0 0 0 0 0 0 0 0 0 0
695 980 (WifiScanningSer) S 333 333 0 0 -1 1077936448 2681 450173 63 220 78 9 1229 2210 20 0 308 0 5643 2218614784 29252 18446744073709551615 1 1 0 0 0 0 4612 1 1073775864 0 0 0 -1 2 0 0 0 0 0 0 0 0 0 0 0 0 0
695 981 (ConnectivitySer) S 333 333 0 0 -1 1077936192 1206427 450173 2761 220 63745 2900 1229 2210 20 0 308 0 5649 2218614784 29252 18446744073709551615 1 1 0 0 0 0 4612 1 1073775864 0 0 0 -1 0 0 0 0 0 0 0 0 0 0 0 0 0 0
695 9814 (AmazonFingerPri) S 333 333 0 0 -1 1077936192 6 450173 0 220 0 0 1229 2210 30 10 308 0 95407880 2218614784 29252 18446744073709551615 1 1 0 0 0 0 4612 1 1073775864 0 0 0 -1 0 0 0 0 0 0 0 0 0 0 0 0 0 0
695 982 (roid.pacmanager) S 333 333 0 0 -1 1077936192 5 450173 0 220 0 0 1229 2210 20 0 308 0 5649 2218614784 29252 18446744073709551615 1 1 0 0 0 0 4612 1 1073775864 0 0 0 -1 1 0 0 0 0 0 0 0 0 0 0 0 0 0
695 983 (NsdService) S 333 333 0 0 -1 1077936192 6 450173 0 220 0 0 1229 2210 20 0 308 0 5651 2218614784 29252 18446744073709551615 1 1 0 0 0 0 4612 1 1073775864 0 0 0 -1 3 0 0 0 0 0 0 0 0 0 0 0 0 0
695 984 (mDnsConnector) S 333 333 0 0 -1 1077936192 6 450173 0 220 0 0 1229 2210 20 0 308 0 5652 2218614784 29252 18446744073709551615 1 1 0 0 0 0 4612 1 1073775864 0 0 0 -1 0 0 0 0 0 0 0 0 0 0 0 0 0 0
695 985 (ranker) S 333 333 0 0 -1 1077936192 105758 450173 340 220 934 168 1229 2210 30 10 308 0 5655 2218614784 29252 18446744073709551615 1 1 0 0 0 0 4612 1 1073775864 0 0 0 -1 2 0 0 0 0 0 0 0 0 0 0 0 0 0
695 986 (notification-sq) S 333 333 0 0 -1 1077936192 6960 450173 4470 220 368 1323 1229 2210 30 10 308 0 5655 2218614784 29252 18446744073709551615 1 1 0 0 0 0 4612 1 1073775864 0 0 0 -1 0 0 0 0 0 0 0 0 0 0 0 0 0 0
695 987 (onProviders.ECP) S 333 333 0 0 -1 1077936448 106 450173 42 220 4 7 1229 2210 30 10 308 0 5655 2218614784 29252 18446744073709551615 1 1 0 0 0 0 4612 1 1073775864 0 0 0 -1 2 0 0 0 0 0 0 0 0 0 0 0 0 0
695 988 (DeviceStorageMo) S 333 333 0 0 -1 1077936192 20778 450173 706 220 3270 3593 1229 2210 30 10 308 0 5658 2218614784 29252 18446744073709551615 1 1 0 0 0 0 4612 1 1073775864 0 0 0 -1 3 0 0 0 0 0 0 0 0 0 0 0 0 0
695 989 (AS.SfxWorker) S 333 333 0 0 -1 1077936192 554 450173 150 220 36 43 1229 2210 20 0 308 0 5659 2218614784 29252 18446744073709551615 1 1 0 0 0 0 4612 1 1073775864 0 0 0 -1 2 0 0 0 0 0 0 0 0 0 0 0 0 0
695 990 (AudioService) S 333 333 0 0 -1 1077936192 684 450173 301 220 20 18 1229 2210 20 0 308 0 5660 2218614784 29252 18446744073709551615 1 1 0 0 0 0 4612 1 1073775864 0 0 0 -1 0 0 0 0 0 0 0 0 0 0 0 0 0 0
695 991 (AudioDeviceBrok) S 333 333 0 0 -1 1077936192 350 450173 236 220 14 9 1229 2210 20 0 308 0 5662 2218614784 29252 18446744073709551615 1 1 0 0 0 0 4612 1 1073775864 0 0 0 -1 3 0 0 0 0 0 0 0 0 0 0 0 0 0
695 992 (Thread-8) S 333 333 0 0 -1 1077936192 8 450173 0 220 0 0 1229 2210 20 0 308 0 5673 2218614784 29252 18446744073709551615 1 1 0 0 0 0 4612 1 1073775864 0 0 0 -1 0 0 0 0 0 0 0 0 0 0 0 0 0 0
695 994 (HwBinder:695_2) S 333 333 0 0 -1 1077936192 3021 450173 259 220 264 82 1229 2210 20 0 308 0 5676 2218614784 29252 18446744073709551615 1 1 0 0 0 0 4612 1 1073775864 0 0 0 -1 3 0 0 0 0 0 0 0 0 0 0 0 0 0
695 995 (HwBinder:695_3) S 333 333 0 0 -1 1077936192 3887 450173 343 220 327 99 1229 2210 20 0 308 0 5676 2218614784 29252 18446744073709551615 1 1 0 0 0 0 4612 1 1073775864 0 0 0 -1 2 0 0 0 0 0 0 0 0 0 0 0 0 0
695 9959 (Binder:695_19) S 333 333 0 0 -1 1077936448 169672 450173 6104 220 19347 8445 1229 2210 20 0 308 0 22768 2218614784 29252 18446744073709551615 1 1 0 0 0 0 4612 1 1073775864 0 0 0 -1 2 0 0 0 0 0 0 0 0 0 0 0 0 0
695 997 (ConnectivityThr) S 333 333 0 0 -1 1077936192 13983 450173 299 220 245 97 1229 2210 20 0 308 0 5677 2218614784 29252 18446744073709551615 1 1 0 0 0 0 4612 1 1073775864 0 0 0 -1 1 0 0 0 0 0 0 0 0 0 0 0 0 0
695 999 (backup) S 333 333 0 0 -1 1077936192 9 450173 0 220 0 0 1229 2210 30 10 308 0 5678 2218614784 29252 18446744073709551615 1 1 0 0 0 0 4612 1 1073775864 0 0 0 -1 3 0 0 0 0 0 0 0 0 0 0 0 0 0
421 12715 (Binder:421_B) S 1 421 0 0 -1 1077936192 1339 0 974 0 992 1115 0 0 20 0 27 0 56183809 82800640 1342 18446744073709551615 1 1 0 0 0 0 0 4096 1073775864 0 0 0 -1 2 0 0 0 0 0 0 0 0 0 0 0 0 0
421 13139 (Binder:421_8) S 1 421 0 0 -1 1077936192 1609 0 1443 0 1109 1335 0 0 20 0 27 0 170936 82800640 1342 18446744073709551615 1 1 0 0 0 0 0 4096 1073775864 0 0 0 -1 2 0 0 0 0 0 0 0 0 0 0 0 0 0
421 1497 (Binder:421_4) S 1 421 0 0 -1 1077936192 1311 0 1555 0 975 1180 0 0 20 0 27 0 5982 82800640 1342 18446744073709551615 1 1 0 0 0 0 0 4096 1073775864 0 0 0 -1 2 0 0 0 0 0 0 0 0 0 0 0 0 0
421 1755 (Binder:421_5) S 1 421 0 0 -1 1077936192 1148 0 1575 0 874 1036 0 0 20 0 27 0 6211 82800640 1342 18446744073709551615 1 1 0 0 0 0 0 4096 1073775864 0 0 0 -1 2 0 0 0 0 0 0 0 0 0 0 0 0 0
421 20227 (Binder:421_9) S 1 421 0 0 -1 1077936192 956 0 1110 0 993 1196 0 0 20 0 27 0 3538829 82800640 1342 18446744073709551615 1 1 0 0 0 0 0 4096 1073775864 0 0 0 -1 3 0 0 0 0 0 0 0 0 0 0 0 0 0
421 2098 (Binder:421_E) S 1 421 0 0 -1 1077936192 959 0 1149 0 920 1121 0 0 20 0 27 0 222558174 82800640 1342 18446744073709551615 1 1 0 0 0 0 0 4096 1073775864 0 0 0 -1 2 0 0 0 0 0 0 0 0 0 0 0 0 0
421 2176 (Binder:421_F) S 1 421 0 0 -1 1077936192 1058 0 1431 0 940 1081 0 0 20 0 27 0 222560643 82800640 1342 18446744073709551615 1 1 0 0 0 0 0 4096 1073775864 0 0 0 -1 0 0 0 0 0 0 0 0 0 0 0 0 0 0
421 22281 (Binder:421_A) S 1 421 0 0 -1 1077936192 1316 0 1632 0 880 1072 0 0 20 0 27 0 12975899 82800640 1342 18446744073709551615 1 1 0 0 0 0 0 4096 1073775864 0 0 0 -1 2 0 0 0 0 0 0 0 0 0 0 0 0 0
421 2304 (Binder:421_10) S 1 421 0 0 -1 1077936192 996 0 1215 0 1083 1244 0 0 20 0 27 0 222563395 82800640 1342 18446744073709551615 1 1 0 0 0 0 0 4096 1073775864 0 0 0 -1 2 0 0 0 0 0 0 0 0 0 0 0 0 0
421 2961 (Binder:421_C) S 1 421 0 0 -1 1077936192 898 0 1309 0 752 899 0 0 20 0 27 0 64815230 82800640 1342 18446744073709551615 1 1 0 0 0 0 0 4096 1073775864 0 0 0 -1 2 0 0 0 0 0 0 0 0 0 0 0 0 0
421 30043 (HwBinder:421_3) S 1 421 0 0 -1 1077936192 12 0 11 0 0 0 0 0 20 0 27 0 253212263 82800640 1342 18446744073709551615 1 1 0 0 0 0 0 4096 1073775864 0 0 0 -1 2 0 0 0 0 0 0 0 0 0 0 0 0 0
421 4158 (Binder:421_6) S 1 421 0 0 -1 1077936192 1945 0 2609 0 1008 1171 0 0 20 0 27 0 8659 82800640 1342 18446744073709551615 1 1 0 0 0 0 0 4096 1073775864 0 0 0 -1 0 0 0 0 0 0 0 0 0 0 0 0 0 0
421 421 (audioserver) S 1 421 0 0 -1 1077936384 4395 0 1752 0 940 1122 0 0 20 0 27 0 859 82800640 1342 18446744073709551615 1 1 0 0 0 0 0 4096 1073775864 0 0 0 17 2 0 0 0 0 0 0 0 0 0 0 0 0 0
421 465 (DeviceEffectMan) S 1 421 0 0 -1 1077936192 40 0 67 0 0 0 0 0 4 -16 27 0 888 82800640 1342 18446744073709551615 1 1 0 0 0 0 0 4096 1073775864 0 0 0 -1 3 0 0 0 0 0 0 0 0 0 0 0 0 0
421 473 (HwBinder:421_1) S 1 421 0 0 -1 1077936192 10 0 8 0 0 0 0 0 20 0 27 0 894 82800640 1342 18446744073709551615 1 1 0 0 0 0 0 4096 1073775864 0 0 0 -1 3 0 0 0 0 0 0 0 0 0 0 0 0 0
421 474 (HwBinder:421_2) S 1 421 0 0 -1 1077936192 30 0 34 0 0 0 0 0 20 0 27 0 894 82800640 1342 18446744073709551615 1 1 0 0 0 0 0 4096 1073775864 0 0 0 -1 3 0 0 0 0 0 0 0 0 0 0 0 0 0
421 6116 (Binder:421_7) S 1 421 0 0 -1 1077936192 1445 0 2109 0 988 1163 0 0 20 0 27 0 13799 82800640 1342 18446744073709551615 1 1 0 0 0 0 0 4096 1073775864 0 0 0 -1 2 0 0 0 0 0 0 0 0 0 0 0 0 0
421 626 (ApmAudio) S 1 421 0 0 -1 1077936192 220 0 410 0 8 9 0 0 4 -16 27 0 1188 82800640 1342 18446744073709551615 1 1 0 0 0 0 0 4096 1073775864 0 0 0 -1 1 0 0 0 0 0 0 0 0 0 0 0 0 0
421 627 (ApmOutput) S 1 421 0 0 -1 1077936192 1485 0 604 0 1664 655 0 0 4 -16 27 0 1188 82800640 1342 18446744073709551615 1 1 0 0 0 0 0 4096 1073775864 0 0 0 -1 0 0 0 0 0 0 0 0 0 0 0 0 0 0
421 652 (Binder:421_1) S 1 421 0 0 -1 1077936192 1761 0 1784 0 950 1079 0 0 20 0 27 0 1212 82800640 1342 18446744073709551615 1 1 0 0 0 0 0 4096 1073775864 0 0 0 -1 2 0 0 0 0 0 0 0 0 0 0 0 0 0
421 653 (Binder:421_2) S 1 421 0 0 -1 1077936192 1252 0 1578 0 928 1156 0 0 20 0 27 0 1212 82800640 1342 18446744073709551615 1 1 0 0 0 0 0 4096 1073775864 0 0 0 -1 2 0 0 0 0 0 0 0 0 0 0 0 0 0
421 683 (AudioOut_D) S 1 421 0 0 -1 1077936192 158258 0 4287 0 992637 1142553 0 0 1 -19 27 0 1276 82800640 1342 18446744073709551615 1 1 0 0 0 0 0 4096 1073775864 0 0 0 -1 3 0 0 0 0 0 0 0 0 0 0 0 0 0
421 688 (FastMixer) S 1 421 0 0 -1 1077936192 1 0 0 0 0 0 0 0 -4 -19 27 0 1294 82800640 1342 18446744073709551615 1 1 0 0 0 0 0 4096 1073775864 0 0 0 -1 3 3 1 0 0 0 0 0 0 0 0 0 0 0
421 689 (AudioOut_15) S 1 421 0 0 -1 1077936192 951 0 1816 0 300 297 0 0 1 -19 27 0 1294 82800640 1342 18446744073709551615 1 1 0 0 0 0 0 4096 1073775864 0 0 0 -1 3 0 0 0 0 0 0 0 0 0 0 0 0 0
421 7056 (Binder:421_D) S 1 421 0 0 -1 1077936192 765 0 613 0 849 937 0 0 20 0 27 0 200307787 82800640 1342 18446744073709551615 1 1 0 0 0 0 0 4096 1073775864 0 0 0 -1 2 0 0 0 0 0 0 0 0 0 0 0 0 0
421 773 (Binder:421_3) S 1 421 0 0 -1 1077936192 1275 0 1452 0 934 1102 0 0 20 0 27 0 3007 82800640 1342 18446744073709551615 1 1 0 0 0 0 0 4096 1073775864 0 0 0 -1 2 0 0 0 0 0 0 0 0 0 0 0 0 0
421 776 (TimeCheckThread) S 1 421 0 0 -1 1077936192 36 0 41 0 710 2147 0 0 1 -19 27 0 3060 82800640 1342 18446744073709551615 1 1 0 0 0 0 0 4096 1073775864 0 0 0 -1 1 0 0 0 0 0 0 0 0 0 0 0 0 0
388 12955 (HwBinder:388_6) S 1 388 0 0 -1 1077952832 6464 0 828 0 4921 5618 0 0 20 0 14 0 254106422 87240704 821 18446744073709551615 1 1 0 0 0 0 0 0 1073775864 0 0 0 -1 1 0 0 0 0 0 0 0 0 0 0 0 0 0
388 1757 (HwBinder:388_3) S 1 388 0 0 -1 1077936448 13081 0 1118 0 19 18 0 0 20 0 14 0 6213 87240704 821 18446744073709551615 1 1 0 0 0 0 0 0 1073775864 0 0 0 -1 3 0 0 0 0 0 0 0 0 0 0 0 0 0
388 2240 (HwBinder:388_4) S 1 388 0 0 -1 1077952832 26750 0 2095 0 5111 6336 0 0 20 0 14 0 6658 87240704 821 18446744073709551615 1 1 0 0 0 0 0 0 1073775864 0 0 0 -1 1 0 0 0 0 0 0 0 0 0 0 0 0 0
388 388 (audio.service) S 1 388 0 0 -1 1077936384 16301 0 688 0 4906 5707 0 0 20 0 14 0 838 87240704 821 18446744073709551615 1 1 0 0 0 0 0 0 1073775864 0 0 0 17 0 0 0 0 0 0 0 0 0 0 0 0 0 0
388 406 (Binder:388_1) S 1 388 0 0 -1 1077936192 12 0 0 0 0 0 0 0 20 0 14 0 853 87240704 821 18446744073709551615 1 1 0 0 0 0 0 0 1073775864 0 0 0 -1 0 0 0 0 0 0 0 0 0 0 0 0 0 0
388 412 (Binder:388_2) S 1 388 0 0 -1 1077936192 2 0 0 0 0 0 0 0 20 0 14 0 856 87240704 821 18446744073709551615 1 1 0 0 0 0 0 0 1073775864 0 0 0 -1 0 0 0 0 0 0 0 0 0 0 0 0 0 0
388 436 (HwBinder:388_1) S 1 388 0 0 -1 1077936192 18248 0 971 0 2537 3281 0 0 20 0 14 0 869 87240704 821 18446744073709551615 1 1 0 0 0 0 0 0 1073775864 0 0 0 -1 3 0 0 0 0 0 0 0 0 0 0 0 0 0
388 437 (HwBinder:388_2) S 1 388 0 0 -1 1077952832 13506 0 2685 0 2653 3316 0 0 20 0 14 0 869 87240704 821 18446744073709551615 1 1 0 0 0 0 0 0 1073775864 0 0 0 -1 3 0 0 0 0 0 0 0 0 0 0 0 0 0
388 668 (audio.service) S 1 388 0 0 -1 1077936192 0 0 0 0 0 0 0 0 20 0 14 0 1231 87240704 821 18446744073709551615 1 1 0 0 0 0 0 0 1073775864 0 0 0 -1 2 0 0 0 0 0 0 0 0 0 0 0 0 0
388 679 (MS12ConfigThrea) S 1 388 0 0 -1 1077936192 1 0 0 0 0 0 0 0 -3 -19 14 0 1269 87240704 821 18446744073709551615 1 1 0 0 0 0 0 0 1073775864 0 0 0 -1 3 2 1 0 0 0 0 0 0 0 0 0 0 0
388 680 (audio.service) S 1 388 0 0 -1 1077936192 259 0 619 0 1 13 0 0 20 0 14 0 1271 87240704 821 18446744073709551615 1 1 0 0 0 0 0 0 1073775864 0 0 0 -1 3 0 0 0 0 0 0 0 0 0 0 0 0 0
388 687 (MixerThread) S 1 388 0 0 -1 1077936192 1 0 0 0 0 0 0 0 1 -19 14 0 1292 87240704 821 18446744073709551615 1 1 0 0 0 0 0 0 1073775864 0 0 0 -1 3 0 0 0 0 0 0 0 0 0 0 0 0 0
388 783 (writer) S 1 388 0 0 -1 1077936448 1222 0 1111 0 1336658 1113889 0 0 1 -19 14 0 3095 87240704 821 18446744073709551615 1 1 0 0 0 0 0 0 1073775864 0 0 0 -1 1 0 0 0 0 0 0 0 0 0 0 0 0 0
388 9833 (HwBinder:388_5) S 1 388 0 0 -1 1077952832 47532 0 4823 0 5938 7071 0 0 20 0 14 0 22494 87240704 821 18446744073709551615 1 1 0 0 0 0 0 0 1073775864 0 0 0 -1 1 0 0 0 0 0 0 0 0 0 0 0 0 0
954 1001 (Binder:954_3) S 333 333 0 0 -1 1077936192 14 0 0 0 0 0 0 0 20 0 42 0 269310210 1499971584 43472 18446744073709551615 1 1 0 0 0 0 4612 1 1073775864 0 0 0 -1 1 0 0 0 0 0 0 0 0 0 0 0 0 0
954 1009 (Profile Saver) S 333 333 0 0 -1 1077936192 89 0 1 0 1 0 0 0 29 9 42 0 269310263 1499967488 43472 18446744073709551615 1 1 0 0 0 0 4612 1 1073775864 0 0 0 -1 0 0 0 0 0 0 0 0 0 0 0 0 0 0
954 1010 (RenderThread) S 333 333 0 0 -1 1077936192 429 0 20 0 2 2 0 0 10 -10 42 0 269310268 1499967488 43473 18446744073709551615 1 1 0 0 0 0 4612 1 1073775864 0 0 0 -1 2 0 0 0 0 0 0 0 0 0 0 0 0 0
954 1069 (deathride-cours) S 333 333 0 0 -1 1077936192 606 0 0 0 112 0 0 0 33 13 42 0 269310365 1499967488 43473 18446744073709551615 1 1 0 0 0 0 4612 1 1073775864 0 0 0 -1 1 0 0 0 0 0 0 0 0 0 0 0 0 0
954 1071 (AmazonAccMgrCal) S 333 333 0 0 -1 1077936192 6 0 0 0 0 0 0 0 30 10 42 0 269310406 1499967488 43477 18446744073709551615 1 1 0 0 0 0 4612 1 1073775864 0 0 0 -1 1 0 0 0 0 0 0 0 0 0 0 0 0 0
954 1073 (GLThread 49968) R 333 333 0 0 -1 4194368 75434 0 90 0 1940 298 0 0 16 -4 42 0 269310407 1499926528 43480 18446744073709551615 1 1 0 0 0 0 4612 1 1073775864 0 0 0 -1 2 0 0 0 0 0 0 0 0 0 0 0 0 0
954 1076 (Binder:PerfStat) S 333 333 0 0 -1 1077936192 14 0 0 0 0 0 0 0 30 10 42 0 269310415 1500037120 43480 18446744073709551615 1 1 0 0 0 0 4612 1 1073775864 0 0 0 -1 3 0 0 0 0 0 0 0 0 0 0 0 0 0
954 1079 (hwuiTask0) S 333 333 0 0 -1 1077936192 10 0 0 0 0 0 0 0 18 -2 42 0 269310425 1499967488 43480 18446744073709551615 1 1 0 0 0 0 4612 1 1073775864 0 0 0 -1 2 0 0 0 0 0 0 0 0 0 0 0 0 0
954 1081 (hwuiTask1) S 333 333 0 0 -1 1077936192 7 0 0 0 0 0 0 0 18 -2 42 0 269310425 1499967488 43481 18446744073709551615 1 1 0 0 0 0 4612 1 1073775864 0 0 0 -1 0 0 0 0 0 0 0 0 0 0 0 0 0 0
954 1101 (CCodecWatchdog) S 333 333 0 0 -1 1077936192 1 0 0 0 0 0 0 0 20 0 42 0 269310503 1499967488 43481 18446744073709551615 1 1 0 0 0 0 4612 1 1073775864 0 0 0 -1 3 0 0 0 0 0 0 0 0 0 0 0 0 0
954 1104 (NDK MediaCodec_) S 333 333 0 0 -1 1077936192 8 0 0 0 0 0 0 0 4 -16 42 0 269310504 1499926528 43486 18446744073709551615 1 1 0 0 0 0 4612 1 1073775864 0 0 0 -1 1 0 0 0 0 0 0 0 0 0 0 0 0 0
954 1107 (NDK MediaCodec_) S 333 333 0 0 -1 1077936192 1 0 0 0 0 0 0 0 4 -16 42 0 269310504 1499914240 43489 18446744073709551615 1 1 0 0 0 0 4612 1 1073775864 0 0 0 -1 1 0 0 0 0 0 0 0 0 0 0 0 0 0
954 1109 (HwBinder:954_1) S 333 333 0 0 -1 1077936192 59 0 1 0 4 1 0 0 10 -10 42 0 269310504 1500037120 43489 18446744073709551615 1 1 0 0 0 0 4612 1 1073775864 0 0 0 -1 2 0 0 0 0 0 0 0 0 0 0 0 0 0
954 1120 (Binder:954_4) S 333 333 0 0 -1 1077936192 5 0 0 0 0 0 0 0 20 0 42 0 269310520 1499967488 43489 18446744073709551615 1 1 0 0 0 0 4612 1 1073775864 0 0 0 -1 3 0 0 0 0 0 0 0 0 0 0 0 0 0
954 1135 (Binder:954_5) S 333 333 0 0 -1 1077936192 5 0 0 0 0 0 0 0 20 0 42 0 269310527 1499967488 43490 18446744073709551615 1 1 0 0 0 0 4612 1 1073775864 0 0 0 -1 1 0 0 0 0 0 0 0 0 0 0 0 0 0
954 1141 (Binder:954_6) S 333 333 0 0 -1 1077936192 9 0 0 0 0 0 0 0 20 0 42 0 269310531 1499967488 43493 18446744073709551615 1 1 0 0 0 0 4612 1 1073775864 0 0 0 -1 3 0 0 0 0 0 0 0 0 0 0 0 0 0
954 1142 (deathride-link-) S 333 333 0 0 -1 1077936192 103 0 1 0 9 0 0 0 33 13 42 0 269310531 1499926528 43496 18446744073709551615 1 1 0 0 0 0 4612 1 1073775864 0 0 0 -1 1 0 0 0 0 0 0 0 0 0 0 0 0 0
954 1146 (deathride-profi) S 333 333 0 0 -1 1077936192 5 0 0 0 0 0 0 0 33 13 42 0 269310532 1500037120 43497 18446744073709551615 1 1 0 0 0 0 4612 1 1073775864 0 0 0 -1 0 0 0 0 0 0 0 0 0 0 0 0 0 0
954 1166 (deathride-link-) S 333 333 0 0 -1 1077936192 41 0 0 0 2 0 0 0 33 13 42 0 269310544 1499967488 43497 18446744073709551615 1 1 0 0 0 0 4612 1 1073775864 0 0 0 -1 0 0 0 0 0 0 0 0 0 0 0 0 0 0
954 1169 (DefaultDispatch) S 333 333 0 0 -1 1077936192 54076 0 1 0 1618 85 0 0 33 13 42 0 269310547 1499967488 43498 18446744073709551615 1 1 0 0 0 0 4612 1 1073775864 0 0 0 -1 0 0 0 0 0 0 0 0 0 0 0 0 0 0
954 1170 (DefaultDispatch) S 333 333 0 0 -1 4194368 284 0 0 0 23 2 0 0 33 13 42 0 269310547 1499955200 43502 18446744073709551615 1 1 0 0 0 0 4612 1 1073775864 0 0 0 -1 2 0 0 0 0 0 0 0 0 0 0 0 0 0
954 1171 (DefaultDispatch) S 333 333 0 0 -1 1077936192 132 0 1 0 15 4 0 0 33 13 42 0 269310547 1500037120 43504 18446744073709551615 1 1 0 0 0 0 4612 1 1073775864 0 0 0 -1 3 0 0 0 0 0 0 0 0 0 0 0 0 0
954 1188 (Binder:954_7) S 333 333 0 0 -1 1077936192 3 0 0 0 0 0 0 0 20 0 42 0 269310554 1499967488 43504 18446744073709551615 1 1 0 0 0 0 4612 1 1073775864 0 0 0 -1 3 0 0 0 0 0 0 0 0 0 0 0 0 0
954 1297 (DefaultExecutor) S 333 333 0 0 -1 1077936192 8 0 0 0 0 0 0 0 33 13 42 0 269310644 1499967488 43506 18446744073709551615 1 1 0 0 0 0 4612 1 1073775864 0 0 0 -1 0 0 0 0 0 0 0 0 0 0 0 0 0 0
954 1329 (DefaultDispatch) S 333 333 0 0 -1 1077936192 20 0 0 0 2 0 0 0 33 13 42 0 269310687 1499967488 43506 18446744073709551615 1 1 0 0 0 0 4612 1 1073775864 0 0 0 -1 3 0 0 0 0 0 0 0 0 0 0 0 0 0
954 1332 (GLThread 49968) R 333 333 0 0 -1 1077936192 1 0 0 0 43 59 0 0 20 0 42 0 269310693 1499914240 43510 18446744073709551615 1 1 0 0 0 0 4612 1 1073775864 0 0 0 -1 2 0 0 0 0 0 0 0 0 0 0 0 0 0
954 1338 (DefaultDispatch) S 333 333 0 0 -1 1077936192 238 0 0 0 16 1 0 0 33 13 42 0 269310700 1499926528 43513 18446744073709551615 1 1 0 0 0 0 4612 1 1073775864 0 0 0 -1 3 0 0 0 0 0 0 0 0 0 0 0 0 0
954 1341 (DefaultDispatch) S 333 333 0 0 -1 1077936192 58 0 0 0 15 6 0 0 33 13 42 0 269310701 1500037120 43513 18446744073709551615 1 1 0 0 0 0 4612 1 1073775864 0 0 0 -1 1 0 0 0 0 0 0 0 0 0 0 0 0 0
954 1371 (DefaultDispatch) S 333 333 0 0 -1 1077936192 5 0 0 0 0 0 0 0 33 13 42 0 269311010 1499967488 43513 18446744073709551615 1 1 0 0 0 0 4612 1 1073775864 0 0 0 -1 3 0 0 0 0 0 0 0 0 0 0 0 0 0
954 1372 (DefaultDispatch) S 333 333 0 0 -1 1077936192 39 0 0 0 7 1 0 0 33 13 42 0 269311011 1499967488 43514 18446744073709551615 1 1 0 0 0 0 4612 1 1073775864 0 0 0 -1 3 0 0 0 0 0 0 0 0 0 0 0 0 0
954 1405 (DefaultDispatch) S 333 333 0 0 -1 1077936192 5 0 0 0 0 0 0 0 33 13 42 0 269312817 1499914240 43518 18446744073709551615 1 1 0 0 0 0 4612 1 1073775864 0 0 0 -1 1 0 0 0 0 0 0 0 0 0 0 0 0 0
954 954 (.deathride.perf) S 333 333 0 0 -1 1077936448 11542 0 243 0 260 46 0 0 10 -10 42 0 269310198 1499971584 43518 18446744073709551615 1 1 0 0 0 0 4612 1 1073775864 0 0 0 17 0 0 0 0 0 0 0 0 0 0 0 0 0 0
954 964 (Signal Catcher) S 333 333 0 0 -1 1077936192 58 0 0 0 0 0 0 0 12 -8 42 0 269310206 1500037120 43521 18446744073709551615 1 1 0 0 0 0 4096 1 1073775864 0 0 0 -1 3 0 0 0 0 0 0 0 0 0 0 0 0 0
954 965 (perfetto_hprof_) S 333 333 0 0 -1 4194368 10 0 0 0 0 0 0 0 0 -20 42 0 269310206 1499967488 43521 18446744073709551615 1 1 0 0 0 0 4612 1 1073775864 0 0 0 -1 1 0 0 0 0 0 0 0 0 0 0 0 0 0
954 966 (ADB-JDWP Connec) S 333 333 0 0 -1 4194368 7 0 4 0 0 0 0 0 0 -20 42 0 269310207 1499967488 43521 18446744073709551615 1 1 0 0 0 0 4612 1 1073775864 0 0 0 -1 3 0 0 0 0 0 0 0 0 0 0 0 0 0
954 967 (Jit thread pool) S 333 333 0 0 -1 1077936192 56751 0 384 0 338 69 0 0 20 0 42 0 269310207 1499914240 43526 18446744073709551615 1 1 0 0 0 0 4612 1 1073775864 0 0 0 -1 2 0 0 0 0 0 0 0 0 0 0 0 0 0
954 968 (HeapTaskDaemon) S 333 333 0 0 -1 1077936192 5401 0 64 0 88 14 0 0 24 4 42 0 269310207 1499971584 43527 18446744073709551615 1 1 0 0 0 0 4612 1 1073775864 0 0 0 -1 1 0 0 0 0 0 0 0 0 0 0 0 0 0
954 969 (ReferenceQueueD) S 333 333 0 0 -1 1077936192 10 0 0 0 7 1 0 0 24 4 42 0 269310207 1499967488 43529 18446744073709551615 1 1 0 0 0 0 4612 1 1073775864 0 0 0 -1 0 0 0 0 0 0 0 0 0 0 0 0 0 0
954 971 (FinalizerDaemon) S 333 333 0 0 -1 1077936192 51 0 0 0 1 0 0 0 24 4 42 0 269310207 1499967488 43530 18446744073709551615 1 1 0 0 0 0 4612 1 1073775864 0 0 0 -1 1 0 0 0 0 0 0 0 0 0 0 0 0 0
954 972 (FinalizerWatchd) S 333 333 0 0 -1 1077936192 5 0 0 0 0 0 0 0 24 4 42 0 269310207 1499967488 43530 18446744073709551615 1 1 0 0 0 0 4612 1 1073775864 0 0 0 -1 1 0 0 0 0 0 0 0 0 0 0 0 0 0
954 993 (Binder:954_1) S 333 333 0 0 -1 1077936192 13 0 1 0 0 0 0 0 20 0 42 0 269310208 1499926528 43531 18446744073709551615 1 1 0 0 0 0 4612 1 1073775864 0 0 0 -1 3 0 0 0 0 0 0 0 0 0 0 0 0 0
954 996 (Binder:954_2) S 333 333 0 0 -1 1077936192 127 0 4 0 0 0 0 0 20 0 42 0 269310208 1499926528 43534 18446744073709551615 1 1 0 0 0 0 4612 1 1073775864 0 0 0 -1 3 0 0 0 0 0 0 0 0 0 0 0 0 0
==schedstat
421 12715 21087767166 18425419341 244505
421 13139 24452916523 22255987228 289040
421 1497 21557444763 19279028813 253108
421 1755 19107030895 16646737664 219400
421 20227 21905797624 20197031651 262660
421 2098 20418136663 16583683267 249310
421 2176 20216271703 16185843983 235784
421 22281 19531280220 18371704411 234319
421 2304 23283314751 18131660019 272153
421 2961 16518606890 15602935102 202262
421 30043 2200073 176156 19
421 4158 21792895043 18842683039 248398
421 421 20627506180 18562290780 242707
421 465 3817386 3586000 26
421 473 700538 23077 3
421 474 5513311 1148228 59
421 6116 21520806991 19042814913 258867
421 626 176728151 60724926 2277
421 627 23201355577 4459738056 77975
421 652 20299474855 18332919816 231960
421 653 20848299224 19194352354 244559
421 683 21351908108266 2335468078719 812661585
421 688 116308 0 1
421 689 5985682801 2901106031 74934
421 7056 17866085204 14249158304 212017
421 773 20370191703 17294580363 245940
421 776 28578556862 8176991121 1305738
388 12955 105399674025 29222499129 598562
388 1757 377073144 341846247 2049
388 2240 114478933130 65008300728 628453
388 388 106135742038 31165538604 608245
388 406 467692 30257231 2
388 412 105231 27846 1
388 436 58188772131 50466912943 316935
388 437 59702425187 50572692767 322256
388 668 103846 7787616 1
388 679 171539 71769 1
388 680 142825152 26687006 483
388 687 117308 219846 2
388 783 24505483724432 2245972367946 810813894
388 9833 130102823126 42894800554 743840
954 1001 3984545 5050995 39
954 1009 17717770 27013921 60
954 1010 41566767 2987461 66
954 1069 1129530089 25173610 189
954 1071 863769 0 1
954 1073 23420293598 1447160313 12043
954 1076 2129769 0 1
954 1079 961615 475616 3
954 1081 485308 1631384 1
954 1101 358308 0 4
954 1104 7725150 12246618 76
954 1107 1040845 0 11
954 1109 60800999 49721848 498
954 1120 2269695 16463227 46
954 1135 4548074 15057617 62
954 1141 7418460 5365693 63
954 1142 100928527 99060858 173
954 1146 606615 1517231 1
954 1166 35453775 138522687 69
954 1169 17035898989 1145908833 10026
954 1170 259678532 335101394 627
954 1171 196056931 239725000 354
954 1188 4408922 17187623 92
954 1297 2515847 3067308 11
954 1329 28014154 81481309 33
954 1332 1100441099 140730167 4068
954 1338 176688301 211944240 268
954 1341 216727461 62643851 292
954 1371 1203539 7513769 5
954 1372 91446230 49624615 130
954 1405 634538 4999847 2
954 954 3116098845 1129054589 3263
954 964 1038846 0 1
954 965 440692 0 1
954 966 1023384 323615 8
954 967 4097719811 724821824 3507
954 968 1028924703 310908543 832
954 969 89599849 19131846 78
954 971 16338770 2102769 48
954 972 666617 2747769 7
954 993 7637449 14219700 128
954 996 15145694 14451696 48
==net
Inter-|   Receive                                                |  Transmit
 face |bytes    packets errs drop fifo frame compressed multicast|bytes    packets errs drop fifo colls carrier compressed
    lo: 4961755  129575    0    0    0     0          0         0  4961755  129575    0    0    0     0       0          0
dummy0:       0       0    0    0    0     0          0         0   167057    1103    0    0    0     0       0          0
  ifb0:       0       0    0    0    0     0          0         0        0       0    0    0    0     0       0          0
  ifb1:       0       0    0    0    0     0          0         0        0       0    0    0    0     0       0          0
 tunl0:       0       0    0    0    0     0          0         0        0       0    0    0    0     0       0          0
  gre0:       0       0    0    0    0     0          0         0        0       0    0    0    0     0       0          0
gretap0:       0       0    0    0    0     0          0         0        0       0    0    0    0     0       0          0
erspan0:       0       0    0    0    0     0          0         0        0       0    0    0    0     0       0          0
ip_vti0:       0       0    0    0    0     0          0         0        0       0    0    0    0     0       0          0
ip6_vti0:       0       0    0    0    0     0          0         0        0       0    0    0    0     0       0          0
  sit0:       0       0    0    0    0     0          0         0        0       0    0    0    0     0       0          0
ip6tnl0:       0       0    0    0    0     0          0         0        0       0    0    0    0     0       0          0
ip6gre0:       0       0    0    0    0     0          0         0        0       0    0    0    0     0       0          0
 wlan0: 4496138942 7975304    0    0    0     0          0         0 12757180661 12467622   15    0    0     0       0          0
  p2p0:       0       0    0    0    0     0          0         0        0       0    0    0    0     0       0          0
   ap0:       0       0    0    0    0     0          0         0        0       0    0    0    0     0       0          0
==uptime
2693140.35 9869315.40
