695 1000 (GraphicsStats-d) S 333 333 0 0 -1 1077936448 2576 455831 2790 220 46 239 1239 2241 30 10 307 0 5680 2186772480 30148 18446744073709551615 1 1 0 0 0 0 4612 1 1073775864 0 0 0 -1 0 0 0 0 0 0 0 0 0 0 0 0 0 0
695 10009 (LogRetentionJob) S 333 333 0 0 -1 1077936192 13 455831 6 220 0 0 1239 2241 20 0 307 0 268025958 2186772480 30148 18446744073709551615 1 1 0 0 0 0 4612 1 1073775864 0 0 0 -1 3 0 0 0 0 0 0 0 0 0 0 0 0 0
695 1002 (BlobStore) S 333 333 0 0 -1 1077936192 238 455831 20 220 2 8 1239 2241 20 0 307 0 5681 2186772480 30148 18446744073709551615 1 1 0 0 0 0 4612 1 1073775864 0 0 0 -1 1 0 0 0 0 0 0 0 0 0 0 0 0 0
695 1003 (SessionRecordTh) S 333 333 0 0 -1 1077936192 116 455831 330 220 0 12 1239 2241 20 0 307 0 5681 2186772480 30148 18446744073709551615 1 1 0 0 0 0 4612 1 1073775864 0 0 0 -1 3 0 0 0 0 0 0 0 0 0 0 0 0 0
695 1004 (Hdmi Control Io) S 333 333 0 0 -1 1077936192 1443 455831 159 220 37 35 1239 2241 20 0 307 0 5681 2186772480 30148 18446744073709551615 1 1 0 0 0 0 4612 1 1073775864 0 0 0 -1 0 0 0 0 0 0 0 0 0 0 0 0 0 0
695 1005 (SliceManagerSer) S 333 333 0 0 -1 1077936192 283 455831 63 220 1 0 1239 2241 30 10 307 0 5685 2186772480 30148 18446744073709551615 1 1 0 0 0 0 4612 1 1073775864 0 0 0 -1 2 0 0 0 0 0 0 0 0 0 0 0 0 0
695 1006 (StatsCompanionS) S 333 333 0 0 -1 1077936192 5 455831 0 220 0 0 1239 2241 20 0 307 0 5686 2186772480 30148 18446744073709551615 1 1 0 0 0 0 4612 1 1073775864 0 0 0 -1 3 0 0 0 0 0 0 0 0 0 0 0 0 0
695 1012 (FireTvDeepLinkS) S 333 333 0 0 -1 1077936192 5 455831 0 220 0 0 1239 2241 25 5 307 0 5704 2186772480 30148 18446744073709551615 1 1 0 0 0 0 4612 1 1073775864 0 0 0 -1 2 0 0 0 0 0 0 0 0 0 0 0 0 0
695 10124 (LogRetentionJob) S 333 333 0 0 -1 1077936192 10 455831 0 220 0 0 1239 2241 20 0 307 0 129792585 2186772480 30148 18446744073709551615 1 1 0 0 0 0 4612 1 1073775864 0 0 0 -1 3 0 0 0 0 0 0 0 0 0 0 0 0 0
695 1013 (AmazonInputMana) S 333 333 0 0 -1 1077936192 276 455831 70 220 1 5 1239 2241 25 5 307 0 5704 2186772480 30148 18446744073709551615 1 1 0 0 0 0 4612 1 1073775864 0 0 0 -1 3 0 0 0 0 0 0 0 0 0 0 0 0 0
695 1014 (ArcusHandlerThr) S 333 333 0 0 -1 1077936448 4469 455831 4473 220 143 266 1239 2241 20 0 307 0 5708 2186772480 30148 18446744073709551615 1 1 0 0 0 0 4612 1 1073775864 0 0 0 -1 0 0 0 0 0 0 0 0 0 0 0 0 0 0
695 1015 (LogRetentionJob) S 333 333 0 0 -1 1077936192 18 455831 7 220 0 0 1239 2241 20 0 307 0 5708 2186772480 30148 18446744073709551615 1 1 0 0 0 0 4612 1 1073775864 0 0 0 -1 2 0 0 0 0 0 0 0 0 0 0 0 0 0
695 1016 (AmzWifiDisplayM) S 333 333 0 0 -1 1077936192 6 455831 0 220 0 0 1239 2241 20 0 307 0 5709 2186772480 30148 18446744073709551615 1 1 0 0 0 0 4612 1 1073775864 0 0 0 -1 2 0 0 0 0 0 0 0 0 0 0 0 0 0
695 1017 (AmazonAudioServ) S 333 333 0 0 -1 1077936192 70 455831 5 220 2 0 1239 2241 20 0 307 0 5709 2186772480 30148 18446744073709551615 1 1 0 0 0 0 4612 1 1073775864 0 0 0 -1 1 0 0 0 0 0 0 0 0 0 0 0 0 0
695 1018 (EventHandler) S 333 333 0 0 -1 1077936192 26 455831 0 220 0 0 1239 2241 20 0 307 0 5709 2186772480 30148 18446744073709551615 1 1 0 0 0 0 4612 1 1073775864 0 0 0 -1 1 0 0 0 0 0 0 0 0 0 0 0 0 0
695 1019 (AmazonWifiServi) S 333 333 0 0 -1 1077936192 3373 455831 630 220 164 81 1239 2241 20 0 307 0 5711 2186772480 30148 18446744073709551615 1 1 0 0 0 0 4612 1 1073775864 0 0 0 -1 0 0 0 0 0 0 0 0 0 0 0 0 0 0
695 1020 (AmazonNetworkUn) S 333 333 0 0 -1 1077936192 88 455831 16 220 2 0 1239 2241 20 0 307 0 5712 2186772480 30148 18446744073709551615 1 1 0 0 0 0 4612 1 1073775864 0 0 0 -1 3 0 0 0 0 0 0 0 0 0 0 0 0 0
695 1021 (AmazonProfileSe) S 333 333 0 0 -1 1077936192 3317 455831 458 220 53 35 1239 2241 25 5 307 0 5713 2186772480 30148 18446744073709551615 1 1 0 0 0 0 4612 1 1073775864 0 0 0 -1 0 0 0 0 0 0 0 0 0 0 0 0 0 0
695 1022 (wakeup_thread) S 333 333 0 0 -1 1077936192 6 455831 0 220 0 0 1239 2241 20 0 307 0 5713 2186772480 30148 18446744073709551615 1 1 0 0 0 0 4612 1 1073775864 0 0 0 -1 2 0 0 0 0 0 0 0 0 0 0 0 0 0
695 1023 (PactArcusHelper) S 333 333 0 0 -1 1077936192 145 455831 90 220 1 2 1239 2241 20 0 307 0 5713 2186772480 30148 18446744073709551615 1 1 0 0 0 0 4612 1 1073775864 0 0 0 -1 3 0 0 0 0 0 0 0 0 0 0 0 0 0
695 1025 (APSArcusHelper) S 333 333 0 0 -1 1077936192 145 455831 97 220 3 1 1239 2241 20 0 307 0 5713 2186772480 30148 18446744073709551615 1 1 0 0 0 0 4612 1 1073775864 0 0 0 -1 3 0 0 0 0 0 0 0 0 0 0 0 0 0
695 1026 (DeviceModelInfo) S 333 333 0 0 -1 1077936192 4 455831 0 220 0 0 1239 2241 25 5 307 0 5714 2186772480 30148 18446744073709551615 1 1 0 0 0 0 4612 1 1073775864 0 0 0 -1 1 0 0 0 0 0 0 0 0 0 0 0 0 0
695 1027 (AmazonHdmiServi) S 333 333 0 0 -1 1077936192 355 455831 218 220 7 11 1239 2241 20 0 307 0 5715 2186772480 30148 18446744073709551615 1 1 0 0 0 0 4612 1 1073775864 0 0 0 -1 0 0 0 0 0 0 0 0 0 0 0 0 0 0
695 1028 (AmazonBuellerSh) S 333 333 0 0 -1 1077936192 8 455831 0 220 0 0 1239 2241 20 0 307 0 5715 2186772480 30148 18446744073709551615 1 1 0 0 0 0 4612 1 1073775864 0 0 0 -1 0 0 0 0 0 0 0 0 0 0 0 0 0 0
695 1029 (FireTvLedManage) S 333 333 0 0 -1 1077936192 7 455831 0 220 0 0 1239 2241 20 0 307 0 5722 2186772480 30148 18446744073709551615 1 1 0 0 0 0 4612 1 1073775864 0 0 0 -1 2 0 0 0 0 0 0 0 0 0 0 0 0 0
695 1030 (Timer-0) S 333 333 0 0 -1 1077936192 139641 455831 601 220 1709 1487 1239 2241 20 0 307 0 5724 2186772480 30148 18446744073709551615 1 1 0 0 0 0 4612 1 1073775864 0 0 0 -1 2 0 0 0 0 0 0 0 0 0 0 0 0 0
695 1031 (TemperatureObse) S 333 333 0 0 -1 1077936192 441 455831 77 220 3 2 1239 2241 30 10 307 0 5724 2186772480 30148 18446744073709551615 1 1 0 0 0 0 4612 1 1073775864 0 0 0 -1 1 0 0 0 0 0 0 0 0 0 0 0 0 0
695 1032 (ThermalEventMon) S 333 333 0 0 -1 1077936192 3279 455831 319 220 40 22 1239 2241 30 10 307 0 5725 2186772480 30148 18446744073709551615 1 1 0 0 0 0 4612 1 1073775864 0 0 0 -1 0 0 0 0 0 0 0 0 0 0 0 0 0 0
695 1033 (CloudPairingAma) S 333 333 0 0 -1 1077936192 6 455831 0 220 0 0 1239 2241 20 0 307 0 5727 2186772480 30148 18446744073709551615 1 1 0 0 0 0 4612 1 1073775864 0 0 0 -1 2 0 0 0 0 0 0 0 0 0 0 0 0 0
695 1034 (CirrusThread) S 333 333 0 0 -1 1077936192 53 455831 31 220 0 0 1239 2241 30 10 307 0 5727 2186772480 30148 18446744073709551615 1 1 0 0 0 0 4612 1 1073775864 0 0 0 -1 2 0 0 0 0 0 0 0 0 0 0 0 0 0
695 1035 (RuntimePersiste) S 333 333 0 0 -1 1077936448 3886 455831 263 220 111 71 1239 2241 20 0 307 0 5727 2186772480 30148 18446744073709551615 1 1 0 0 0 0 4612 1 1073775864 0 0 0 -1 2 0 0 0 0 0 0 0 0 0 0 0 0 0
695 1036 (AmazonUsageStat) S 333 333 0 0 -1 1077936192 6796 455831 2625 220 201 158 1239 2241 30 10 307 0 5728 2186772480 30148 18446744073709551615 1 1 0 0 0 0 4612 1 1073775864 0 0 0 -1 1 0 0 0 0 0 0 0 0 0 0 0 0 0
695 1039 (AmaMessageHandl) S 333 333 0 0 -1 1077936192 5 455831 0 220 0 0 1239 2241 20 0 307 0 5730 2186772480 30148 18446744073709551615 1 1 0 0 0 0 4612 1 1073775864 0 0 0 -1 3 0 0 0 0 0 0 0 0 0 0 0 0 0
695 1040 (DfuWorker) S 333 333 0 0 -1 1077936192 7 455831 0 220 0 0 1239 2241 20 0 307 0 5730 2186772480 30148 18446744073709551615 1 1 0 0 0 0 4612 1 1073775864 0 0 0 -1 1 0 0 0 0 0 0 0 0 0 0 0 0 0
695 1041 (DiscoveryWorker) S 333 333 0 0 -1 1077936192 6 455831 0 220 0 0 1239 2241 20 0 307 0 5730 2186772480 30148 18446744073709551615 1 1 0 0 0 0 4612 1 1073775864 0 0 0 -1 0 0 0 0 0 0 0 0 0 0 0 0 0 0
695 1042 (BulkDataWorker) S 333 333 0 0 -1 1077936192 5 455831 0 220 0 0 1239 2241 20 0 307 0 5730 2186772480 30148 18446744073709551615 1 1 0 0 0 0 4612 1 1073775864 0 0 0 -1 3 0 0 0 0 0 0 0 0 0 0 0 0 0
695 1043 (CloudPairingWor) S 333 333 0 0 -1 1077936192 8 455831 0 220 0 0 1239 2241 20 0 307 0 5730 2186772480 30148 18446744073709551615 1 1 0 0 0 0 4612 1 1073775864 0 0 0 -1 1 0 0 0 0 0 0 0 0 0 0 0 0 0
695 1044 (CrashReporterSe) S 333 333 0 0 -1 1077936192 39 455831 1 220 0 0 1239 2241 25 5 307 0 5731 2186772480 30148 18446744073709551615 1 1 0 0 0 0 4612 1 1073775864 0 0 0 -1 0 0 0 0 0 0 0 0 0 0 0 0 0 0
695 1045 (AmazonProtometr) S 333 333 0 0 -1 1077936192 13685 455831 1676 220 319 121 1239 2241 30 10 307 0 5731 2186772480 30148 18446744073709551615 1 1 0 0 0 0 4612 1 1073775864 0 0 0 -1 3 0 0 0 0 0 0 0 0 0 0 0 0 0
695 1047 (MetricsHandler) S 333 333 0 0 -1 1077936192 334 455831 155 220 15 9 1239 2241 20 0 307 0 5732 2186772480 30148 18446744073709551615 1 1 0 0 0 0 4612 1 1073775864 0 0 0 -1 3 0 0 0 0 0 0 0 0 0 0 0 0 0
695 1048 (AccessoryServic) S 333 333 0 0 -1 1077936192 6 455831 0 220 0 0 1239 2241 20 0 307 0 5732 2186772480 30148 18446744073709551615 1 1 0 0 0 0 4612 1 1073775864 0 0 0 -1 3 0 0 0 0 0 0 0 0 0 0 0 0 0
695 1049 (AmazonEmmcConsu) S 333 333 0 0 -1 1077936192 12323 455831 1215 220 305 117 1239 2241 30 10 307 0 5732 2186772480 30148 18446744073709551615 1 1 0 0 0 0 4612 1 1073775864 0 0 0 -1 0 0 0 0 0 0 0 0 0 0 0 0 0 0
695 1050 (ice.EventHelper) S 333 333 0 0 -1 1077936192 6 455831 0 220 0 0 1239 2241 20 0 307 0 5732 2186772480 30148 18446744073709551615 1 1 0 0 0 0 4612 1 1073775864 0 0 0 -1 0 0 0 0 0 0 0 0 0 0 0 0 0 0
695 10507 (AmazonFingerPri) S 333 333 0 0 -1 1077936192 11 455831 3 220 0 0 1239 2241 30 10 307 0 259566254 2186772480 30148 18446744073709551615 1 1 0 0 0 0 4612 1 1073775864 0 0 0 -1 3 0 0 0 0 0 0 0 0 0 0 0 0 0
695 1051 (ice.EventHelper) S 333 333 0 0 -1 1077936192 6 455831 0 220 0 0 1239 2241 20 0 307 0 5732 2186772480 30148 18446744073709551615 1 1 0 0 0 0 4612 1 1073775864 0 0 0 -1 0 0 0 0 0 0 0 0 0 0 0 0 0 0
695 1052 (ice.EventHelper) S 333 333 0 0 -1 1077936192 7 455831 0 220 0 0 1239 2241 20 0 307 0 5733 2186772480 30148 18446744073709551615 1 1 0 0 0 0 4612 1 1073775864 0 0 0 -1 3 0 0 0 0 0 0 0 0 0 0 0 0 0
695 1053 (ice.EventHelper) S 333 333 0 0 -1 1077936192 8 455831 0 220 0 0 1239 2241 20 0 307 0 5733 2186772480 30148 18446744073709551615 1 1 0 0 0 0 4612 1 1073775864 0 0 0 -1 1 0 0 0 0 0 0 0 0 0 0 0 0 0
695 1054 (ice.EventHelper) S 333 333 0 0 -1 1077936192 5 455831 0 220 0 0 1239 2241 20 0 307 0 5733 2186772480 30148 18446744073709551615 1 1 0 0 0 0 4612 1 1073775864 0 0 0 -1 0 0 0 0 0 0 0 0 0 0 0 0 0 0
695 1055 (ice.EventHelper) S 333 333 0 0 -1 1077936192 6 455831 0 220 0 0 1239 2241 20 0 307 0 5733 2186772480 30148 18446744073709551615 1 1 0 0 0 0 4612 1 1073775864 0 0 0 -1 2 0 0 0 0 0 0 0 0 0 0 0 0 0
695 1056 (ice.EventHelper) S 333 333 0 0 -1 1077936192 6 455831 0 220 0 0 1239 2241 20 0 307 0 5733 2186772480 30148 18446744073709551615 1 1 0 0 0 0 4612 1 1073775864 0 0 0 -1 2 0 0 0 0 0 0 0 0 0 0 0 0 0
695 1057 (ice.EventHelper) S 333 333 0 0 -1 1077936192 7 455831 0 220 0 0 1239 2241 20 0 307 0 5733 2186772480 30148 18446744073709551615 1 1 0 0 0 0 4612 1 1073775864 0 0 0 -1 2 0 0 0 0 0 0 0 0 0 0 0 0 0
695 1058 (ice.EventHelper) S 333 333 0 0 -1 1077936192 7 455831 0 220 0 0 1239 2241 20 0 307 0 5733 2186772480 30148 18446744073709551615 1 1 0 0 0 0 4612 1 1073775864 0 0 0 -1 1 0 0 0 0 0 0 0 0 0 0 0 0 0
695 1059 (ice.EventHelper) S 333 333 0 0 -1 1077936192 5 455831 0 220 0 0 1239 2241 20 0 307 0 5733 2186772480 30148 18446744073709551615 1 1 0 0 0 0 4612 1 1073775864 0 0 0 -1 0 0 0 0 0 0 0 0 0 0 0 0 0 0
695 1060 (ice.EventHelper) S 333 333 0 0 -1 1077936192 8 455831 0 220 0 0 1239 2241 20 0 307 0 5733 2186772480 30148 18446744073709551615 1 1 0 0 0 0 4612 1 1073775864 0 0 0 -1 2 0 0 0 0 0 0 0 0 0 0 0 0 0
695 1061 (ice.EventHelper) S 333 333 0 0 -1 1077936192 7 455831 0 220 0 0 1239 2241 20 0 307 0 5733 2186772480 30148 18446744073709551615 1 1 0 0 0 0 4612 1 1073775864 0 0 0 -1 1 0 0 0 0 0 0 0 0 0 0 0 0 0
695 1062 (OomAdjustment H) S 333 333 0 0 -1 1077936192 1069 455831 1135 220 5 135 1239 2241 30 10 307 0 5734 2186772480 30148 18446744073709551615 1 1 0 0 0 0 4612 1 1073775864 0 0 0 -1 0 0 0 0 0 0 0 0 0 0 0 0 0 0
695 1063 (Favorite apps H) S 333 333 0 0 -1 1077936192 7 455831 0 220 0 0 1239 2241 30 10 307 0 5734 2186772480 30148 18446744073709551615 1 1 0 0 0 0 4612 1 1073775864 0 0 0 -1 2 0 0 0 0 0 0 0 0 0 0 0 0 0
695 1064 (Metrics Handler) S 333 333 0 0 -1 1077936192 6 455831 0 220 0 0 1239 2241 30 10 307 0 5734 2186772480 30148 18446744073709551615 1 1 0 0 0 0 4612 1 1073775864 0 0 0 -1 1 0 0 0 0 0 0 0 0 0 0 0 0 0
695 1065 (Prewarm Handler) S 333 333 0 0 -1 1077936192 1862 455831 595 220 76 53 1239 2241 30 10 307 0 5734 2186772480 30148 18446744073709551615 1 1 0 0 0 0 4612 1 1073775864 0 0 0 -1 3 0 0 0 0 0 0 0 0 0 0 0 0 0
695 1066 (AmazonPowerMana) S 333 333 0 0 -1 1077936192 60 455831 22 220 0 0 1239 2241 25 5 307 0 5734 2186772480 30148 18446744073709551615 1 1 0 0 0 0 4612 1 1073775864 0 0 0 -1 2 0 0 0 0 0 0 0 0 0 0 0 0 0
695 1067 (EveThread) S 333 333 0 0 -1 1077936192 122532 455831 10133 220 6355 2892 1239 2241 30 10 307 0 5734 2186772480 30148 18446744073709551615 1 1 0 0 0 0 4612 1 1073775864 0 0 0 -1 3 0 0 0 0 0 0 0 0 0 0 0 0 0
695 1068 (EthernetService) S 333 333 0 0 -1 1077936192 6051 455831 349 220 89 63 1239 2241 20 0 307 0 5744 2186772480 30148 18446744073709551615 1 1 0 0 0 0 4612 1 1073775864 0 0 0 -1 3 0 0 0 0 0 0 0 0 0 0 0 0 0
695 1072 (KeyMapManager) S 333 333 0 0 -1 1077936192 582 455831 0 220 7 1 1239 2241 25 5 307 0 5747 2186772480 30148 18446744073709551615 1 1 0 0 0 0 4612 1 1073775864 0 0 0 -1 2 0 0 0 0 0 0 0 0 0 0 0 0 0
695 1074 (MCL-ArcusHelper) S 333 333 0 0 -1 1077936192 255 455831 113 220 2 6 1239 2241 20 0 307 0 5748 2186772480 30148 18446744073709551615 1 1 0 0 0 0 4612 1 1073775864 0 0 0 -1 0 0 0 0 0 0 0 0 0 0 0 0 0 0
695 1075 (HealthServiceHw) S 333 333 0 0 -1 1077936192 9 455831 0 220 0 0 1239 2241 20 0 307 0 5748 2186772480 30148 18446744073709551615 1 1 0 0 0 0 4612 1 1073775864 0 0 0 -1 2 0 0 0 0 0 0 0 0 0 0 0 0 0
695 1080 (Thread-11) S 333 333 0 0 -1 1077936192 1346956 455831 12286 220 95012 14190 1239 2241 20 0 307 0 5757 2186772480 30148 18446744073709551615 1 1 0 0 0 0 4612 1 1073775864 0 0 0 -1 3 0 0 0 0 0 0 0 0 0 0 0 0 0
695 10809 (LogRetentionJob) S 333 333 0 0 -1 1077936192 12 455831 0 220 0 0 1239 2241 20 0 307 0 60675708 2186772480 30148 18446744073709551615 1 1 0 0 0 0 4612 1 1073775864 0 0 0 -1 1 0 0 0 0 0 0 0 0 0 0 0 0 0
695 1082 (WifiManagerThre) S 333 333 0 0 -1 1077936192 459 455831 13 220 24 3 1239 2241 20 0 307 0 5758 2186772480 30148 18446744073709551615 1 1 0 0 0 0 4612 1 1073775864 0 0 0 -1 0 0 0 0 0 0 0 0 0 0 0 0 0 0
695 1084 (AmazonWifiTherm) S 333 333 0 0 -1 1077936192 130 455831 35 220 0 1 1239 2241 20 0 307 0 5760 2186772480 30148 18446744073709551615 1 1 0 0 0 0 4612 1 1073775864 0 0 0 -1 0 0 0 0 0 0 0 0 0 0 0 0 0 0
695 1085 (AmazonInputMana) S 333 333 0 0 -1 1077936192 15057 455831 258 220 172 16 1239 2241 20 0 307 0 5760 2186772480 30148 18446744073709551615 1 1 0 0 0 0 4612 1 1073775864 0 0 0 -1 1 0 0 0 0 0 0 0 0 0 0 0 0 0
695 1086 (AmazonWifiTherm) S 333 333 0 0 -1 1077936192 5 455831 0 220 0 0 1239 2241 20 0 307 0 5761 2186772480 30148 18446744073709551615 1 1 0 0 0 0 4612 1 1073775864 0 0 0 -1 0 0 0 0 0 0 0 0 0 0 0 0 0 0
695 10866 (Binder:695_1A) S 333 333 0 0 -1 1077936448 212542 455831 7236 220 24702 10787 1239 2241 20 0 307 0 25751 2186772480 30148 18446744073709551615 1 1 0 0 0 4096 4612 1 1073775864 0 0 0 -1 3 0 0 0 0 0 0 0 0 0 0 0 0 0
695 1090 (queued-work-loo) S 333 333 0 0 -1 1077936192 10719 455831 220 220 341 664 1239 2241 18 -2 307 0 5762 2186772480 30148 18446744073709551615 1 1 0 0 0 0 4612 1 1073775864 0 0 0 -1 1 0 0 0 0 0 0 0 0 0 0 0 0 0
695 1092 (GenericAppAdapt) S 333 333 0 0 -1 1077936192 7 455831 0 220 0 0 1239 2241 25 5 307 0 5765 2186772480 30148 18446744073709551615 1 1 0 0 0 0 4612 1 1073775864 0 0 0 -1 2 0 0 0 0 0 0 0 0 0 0 0 0 0
695 1093 (Binder:695_4) S 333 333 0 0 -1 1077936448 116183 455831 5801 220 12493 5496 1239 2241 20 0 307 0 5765 2186772480 30148 18446744073709551615 1 1 0 0 0 0 4612 1 1073775864 0 0 0 -1 0 0 0 0 0 0 0 0 0 0 0 0 0 0
695 1102 (LiveTvAppLaunch) S 333 333 0 0 -1 1077936192 5 455831 0 220 0 0 1239 2241 25 5 307 0 5768 2186772480 30148 18446744073709551615 1 1 0 0 0 0 4612 1 1073775864 0 0 0 -1 3 0 0 0 0 0 0 0 0 0 0 0 0 0
695 1103 (AudioArcusHelpe) S 333 333 0 0 -1 1077936192 7469 455831 153 220 128 10 1239 2241 20 0 307 0 5768 2186772480 30148 18446744073709551615 1 1 0 0 0 0 4612 1 1073775864 0 0 0 -1 0 0 0 0 0 0 0 0 0 0 0 0 0 0
695 1105 (AmazonInputMana) S 333 333 0 0 -1 1077936192 529 455831 138 220 3 3 1239 2241 20 0 307 0 5769 2186772480 30148 18446744073709551615 1 1 0 0 0 0 4612 1 1073775864 0 0 0 -1 3 0 0 0 0 0 0 0 0 0 0 0 0 0
695 1106 (DenyListArcusHe) S 333 333 0 0 -1 1077936192 5 455831 0 220 0 0 1239 2241 20 0 307 0 5769 2186772480 30148 18446744073709551615 1 1 0 0 0 0 4612 1 1073775864 0 0 0 -1 1 0 0 0 0 0 0 0 0 0 0 0 0 0
695 1108 (WifiDiagsQueueT) S 333 333 0 0 -1 1077936192 264903 455831 1734 220 14478 11817 1239 2241 20 0 307 0 5770 2186772480 30148 18446744073709551615 1 1 0 0 0 0 4612 1 1073775864 0 0 0 -1 1 0 0 0 0 0 0 0 0 0 0 0 0 0
695 1110 (NetWatchDogQueu) S 333 333 0 0 -1 1077936192 40 455831 51 220 22 52 1239 2241 20 0 307 0 5771 2186772480 30148 18446744073709551615 1 1 0 0 0 0 4612 1 1073775864 0 0 0 -1 3 0 0 0 0 0 0 0 0 0 0 0 0 0
695 1111 (TimeServiceThre) S 333 333 0 0 -1 1077936448 1488 455831 162 220 29 29 1239 2241 20 0 307 0 5771 2186772480 30148 18446744073709551615 1 1 0 0 0 0 4612 1 1073775864 0 0 0 -1 0 0 0 0 0 0 0 0 0 0 0 0 0 0
695 1112 (TimeServiceNetw) S 333 333 0 0 -1 1077936192 5 455831 0 220 0 0 1239 2241 20 0 307 0 5771 2186772480 30148 18446744073709551615 1 1 0 0 0 0 4612 1 1073775864 0 0 0 -1 3 0 0 0 0 0 0 0 0 0 0 0 0 0
695 1114 (AMA Callback Na) S 333 333 0 0 -1 1077936192 6 455831 0 220 0 0 1239 2241 18 -2 307 0 5772 2186772480 30148 18446744073709551615 1 1 0 0 0 0 4612 1 1073775864 0 0 0 -1 0 0 0 0 0 0 0 0 0 0 0 0 0 0
695 1116 (Binder:695_5) S 333 333 0 0 -1 1077936448 124076 455831 5849 220 14200 6205 1239 2241 20 0 307 0 5772 2186772480 30148 18446744073709551615 1 1 0 0 0 0 4612 1 1073775864 0 0 0 -1 0 0 0 0 0 0 0 0 0 0 0 0 0 0
695 1119 (TestMetricBuffe) S 333 333 0 0 -1 1077936192 5 455831 0 220 0 0 1239 2241 20 0 307 0 5773 2186772480 30148 18446744073709551615 1 1 0 0 0 0 4612 1 1073775864 0 0 0 -1 0 0 0 0 0 0 0 0 0 0 0 0 0 0
695 1121 (BspConsumer) S 333 333 0 0 -1 1077936192 153 455831 3 220 4 5 1239 2241 20 0 307 0 5775 2186772480 30148 18446744073709551615 1 1 0 0 0 0 4612 1 1073775864 0 0 0 -1 2 0 0 0 0 0 0 0 0 0 0 0 0 0
695 1124 (TaskSnapshotPer) S 333 333 0 0 -1 1077936192 756 455831 246 220 18 19 1239 2241 30 10 307 0 5775 2186772480 30148 18446744073709551615 1 1 0 0 0 0 4612 1 1073775864 0 0 0 -1 2 0 0 0 0 0 0 0 0 0 0 0 0 0
695 1125 (PhotonicModulat) S 333 333 0 0 -1 1077936192 326 455831 71 220 12 6 1239 2241 20 0 307 0 5777 2186772480 30148 18446744073709551615 1 1 0 0 0 0 4612 1 1073775864 0 0 0 -1 0 0 0 0 0 0 0 0 0 0 0 0 0 0
695 1130 (ContextualSSArc) S 333 333 0 0 -1 1077936192 163 455831 87 220 2 1 1239 2241 20 0 307 0 5780 2186772480 30148 18446744073709551615 1 1 0 0 0 0 4612 1 1073775864 0 0 0 -1 0 0 0 0 0 0 0 0 0 0 0 0 0 0
695 1132 (HomeLauncherArc) S 333 333 0 0 -1 1077936192 1126 455831 77 220 6 4 1239 2241 20 0 307 0 5782 2186772480 30148 18446744073709551615 1 1 0 0 0 0 4612 1 1073775864 0 0 0 -1 2 0 0 0 0 0 0 0 0 0 0 0 0 0
695 1151 (AmazonPmArcusUt) S 333 333 0 0 -1 1077936192 81 455831 4 220 1 0 1239 2241 20 0 307 0 5834 2186772480 30148 18446744073709551615 1 1 0 0 0 0 4612 1 1073775864 0 0 0 -1 3 0 0 0 0 0 0 0 0 0 0 0 0 0
695 1159 (SyncManager) S 333 333 0 0 -1 1077936448 65256 455831 1331 220 1677 753 1239 2241 30 10 307 0 5844 2186772480 30148 18446744073709551615 1 1 0 0 0 0 4612 1 1073775864 0 0 0 -1 3 0 0 0 0 0 0 0 0 0 0 0 0 0
695 1160 (Binder:695_6) S 333 333 0 0 -1 1077936448 115706 455831 5960 220 13014 5969 1239 2241 20 0 307 0 5848 2186772480 30148 18446744073709551615 1 1 0 0 0 0 4612 1 1073775864 0 0 0 -1 1 0 0 0 0 0 0 0 0 0 0 0 0 0
695 1162 (SyncHandler-0) S 333 333 0 0 -1 1077936192 1592 455831 19 220 12 20 1239 2241 20 0 307 0 5857 2186772480 30148 18446744073709551615 1 1 0 0 0 0 4612 1 1073775864 0 0 0 -1 2 0 0 0 0 0 0 0 0 0 0 0 0 0
695 1184 (UsbService host) S 333 333 0 0 -1 4194368 14 455831 22 220 0 0 1239 2241 20 0 307 0 5872 2186772480 30148 18446744073709551615 1 1 0 0 0 0 4612 1 1073775864 0 0 0 -1 1 0 0 0 0 0 0 0 0 0 0 0 0 0
695 11891 (Binder:695_1B) S 333 333 0 0 -1 1077936448 229545 455831 6081 220 25260 11238 1239 2241 20 0 307 0 31185 2186772480 30148 18446744073709551615 1 1 0 0 0 0 4612 1 1073775864 0 0 0 -1 1 0 0 0 0 0 0 0 0 0 0 0 0 0
695 11941 (Binder:695_1C) S 333 333 0 0 -1 1077936448 218741 455831 7054 220 27977 12784 1239 2241 20 0 307 0 31264 2186772480 30148 18446744073709551615 1 1 0 0 0 0 4612 1 1073775864 0 0 0 -1 3 0 0 0 0 0 0 0 0 0 0 0 0 0
695 12141 (LogRetentionJob) S 333 333 0 0 -1 1077936192 8 455831 0 220 0 0 1239 2241 20 0 307 0 26111907 2186772480 30148 18446744073709551615 1 1 0 0 0 0 4612 1 1073775864 0 0 0 -1 3 0 0 0 0 0 0 0 0 0 0 0 0 0
695 12201 (AmazonFingerPri) S 333 333 0 0 -1 1077936192 7 455831 1 220 0 0 1239 2241 30 10 307 0 268212254 2186772480 30148 18446744073709551615 1 1 0 0 0 0 4612 1 1073775864 0 0 0 -1 2 0 0 0 0 0 0 0 0 0 0 0 0 0
695 12222 (Binder:695_1D) S 333 333 0 0 -1 1077936448 261631 455831 6456 220 32591 14609 1239 2241 20 0 307 0 34633 2186772480 30148 18446744073709551615 1 1 0 0 0 0 4612 1 1073775864 0 0 0 -1 1 0 0 0 0 0 0 0 0 0 0 0 0 0
695 12355 (pool-7-thread-2) S 333 333 0 0 -1 1077936192 36367 455831 946 220 1096 1531 1239 2241 20 0 307 0 37001 2186772480 30148 18446744073709551615 1 1 0 0 0 0 4612 1 1073775864 0 0 0 -1 0 0 0 0 0 0 0 0 0 0 0 0 0 0
695 12456 (AmazonFingerPri) S 333 333 0 0 -1 1077936192 5 455831 0 220 0 0 1239 2241 30 10 307 0 129971582 2186772480 30148 18446744073709551615 1 1 0 0 0 0 4612 1 1073775864 0 0 0 -1 3 0 0 0 0 0 0 0 0 0 0 0 0 0
695 12577 (LogRetentionJob) S 333 333 0 0 -1 1077936192 12 455831 3 220 0 0 1239 2241 20 0 307 0 242105957 2186772480 30148 18446744073709551615 1 1 0 0 0 0 4612 1 1073775864 0 0 0 -1 0 0 0 0 0 0 0 0 0 0 0 0 0 0
695 1258 (Binder:695_7) S 333 333 0 0 -1 1077936448 104864 455831 4833 220 12359 5335 1239 2241 20 0 307 0 5893 2186772480 30148 18446744073709551615 1 1 0 0 0 0 4612 1 1073775864 0 0 0 -1 0 0 0 0 0 0 0 0 0 0 0 0 0 0
695 1261 (Binder:695_8) S 333 333 0 0 -1 1077936448 104601 455831 4345 220 12662 5658 1239 2241 20 0 307 0 5893 2186772480 30148 18446744073709551615 1 1 0 0 0 0 4612 1 1073775864 0 0 0 -1 1 0 0 0 0 0 0 0 0 0 0 0 0 0
695 1262 (Binder:695_9) S 333 333 0 0 -1 1077936448 99109 455831 5891 220 11368 5179 1239 2241 20 0 307 0 5893 2186772480 30148 18446744073709551615 1 1 0 0 0 0 4612 1 1073775864 0 0 0 -1 0 0 0 0 0 0 0 0 0 0 0 0 0 0
695 1263 (Binder:695_A) S 333 333 0 0 -1 1077936448 113634 455831 6586 220 12966 5624 1239 2241 20 0 307 0 5894 2186772480 30148 18446744073709551615 1 1 0 0 0 0 4612 1 1073775864 0 0 0 -1 2 0 0 0 0 0 0 0 0 0 0 0 0 0
695 1264 (Binder:695_B) S 333 333 0 0 -1 1077936448 99058 455831 4013 220 11164 4847 1239 2241 20 0 307 0 5894 2186772480 30148 18446744073709551615 1 1 0 0 0 4096 4612 1 1073775864 0 0 0 -1 0 0 0 0 0 0 0 0 0 0 0 0 0 0
695 1266 (Binder:695_C) S 333 333 0 0 -1 1077936448 106303 455831 6575 220 12450 5595 1239 2241 20 0 307 0 5894 2186772480 30148 18446744073709551615 1 1 0 0 0 0 4612 1 1073775864 0 0 0 -1 0 0 0 0 0 0 0 0 0 0 0 0 0 0
695 1267 (Binder:695_D) S 333 333 0 0 -1 1077936448 107307 455831 6895 220 11349 4809 1239 2241 20 0 307 0 5894 2186772480 30148 18446744073709551615 1 1 0 0 0 4096 4612 1 1073775864 0 0 0 -1 0 0 0 0 0 0 0 0 0 0 0 0 0 0
695 13013 (AmazonFingerPri) S 333 333 0 0 -1 1077936192 6 455831 0 220 0 0 1239 2241 30 10 307 0 60847524 2186772480 30148 18446744073709551615 1 1 0 0 0 0 4612 1 1073775864 0 0 0 -1 0 0 0 0 0 0 0 0 0 0 0 0 0 0
695 13572 (LogRetentionJob) S 333 333 0 0 -1 1077936192 8 455831 3 220 0 0 1239 2241 20 0 307 0 185719 2186772480 30148 18446744073709551615 1 1 0 0 0 0 4612 1 1073775864 0 0 0 -1 2 0 0 0 0 0 0 0 0 0 0 0 0 0
695 1373 (pool-9-thread-1) S 333 333 0 0 -1 1077936192 451 455831 129 220 4 6 1239 2241 20 0 307 0 5926 2186772480 30148 18446744073709551615 1 1 0 0 0 0 4612 1 1073775864 0 0 0 -1 2 0 0 0 0 0 0 0 0 0 0 0 0 0
695 1374 (pool-9-thread-2) S 333 333 0 0 -1 1077936192 416 455831 85 220 4 5 1239 2241 20 0 307 0 5926 2186772480 30148 18446744073709551615 1 1 0 0 0 0 4612 1 1073775864 0 0 0 -1 2 0 0 0 0 0 0 0 0 0 0 0 0 0
695 13746 (LogRetentionJob) S 333 333 0 0 -1 1077936192 9 455831 0 220 0 0 1239 2241 20 0 307 0 164355054 2186772480 30148 18446744073709551615 1 1 0 0 0 0 4612 1 1073775864 0 0 0 -1 0 0 0 0 0 0 0 0 0 0 0 0 0 0
695 13851 (AdbDebuggingMan) S 333 333 0 0 -1 4194368 24 455831 2 220 0 0 1239 2241 20 0 307 0 194105 2186772480 30148 18446744073709551615 1 1 0 0 0 0 4612 1 1073775864 0 0 0 -1 1 0 0 0 0 0 0 0 0 0 0 0 0 0
695 14057 (Binder:695_1E) S 333 333 0 0 -1 1077936448 260386 455831 7944 220 31951 14620 1239 2241 20 0 307 0 204245 2186772480 30148 18446744073709551615 1 1 0 0 0 4096 4612 1 1073775864 0 0 0 -1 1 0 0 0 0 0 0 0 0 0 0 0 0 0
695 1421 (Thread-15) S 333 333 0 0 -1 4194368 6 455831 0 220 0 0 1239 2241 20 0 307 0 5953 2186772480 30148 18446744073709551615 1 1 0 0 0 0 4612 1 1073775864 0 0 0 -1 2 0 0 0 0 0 0 0 0 0 0 0 0 0
695 1429 (NetworkStatsObs) S 333 333 0 0 -1 1077936192 3073 455831 245 220 122 103 1239 2241 20 0 307 0 5956 2186772480 30148 18446744073709551615 1 1 0 0 0 0 4612 1 1073775864 0 0 0 -1 0 0 0 0 0 0 0 0 0 0 0 0 0 0
695 14343 (AmazonFingerPri) S 333 333 0 0 -1 1077936192 5 455831 1 220 0 0 1239 2241 30 10 307 0 26287160 2186772480 30148 18446744073709551615 1 1 0 0 0 0 4612 1 1073775864 0 0 0 -1 0 0 0 0 0 0 0 0 0 0 0 0 0 0
695 14374 (LogRetentionJob) S 333 333 0 0 -1 1077936192 12 455831 1 220 0 0 1239 2241 20 0 307 0 86586829 2186772480 30148 18446744073709551615 1 1 0 0 0 0 4612 1 1073775864 0 0 0 -1 0 0 0 0 0 0 0 0 0 0 0 0 0 0
695 14526 (AudioTrack) S 333 333 0 0 -1 1077936192 5 455831 2 220 0 0 1239 2241 4 -16 307 0 204664830 2186772480 30148 18446744073709551615 1 1 0 0 0 0 4612 1 1073775864 0 0 0 -1 2 0 0 0 0 0 0 0 0 0 0 0 0 0
695 14537 (AudioTrack) S 333 333 0 0 -1 1077936192 5 455831 0 220 0 0 1239 2241 4 -16 307 0 204664908 2186772480 30148 18446744073709551615 1 1 0 0 0 0 4612 1 1073775864 0 0 0 -1 0 0 0 0 0 0 0 0 0 0 0 0 0 0
695 1467 (PerfAnimationAr) S 333 333 0 0 -1 1077936192 111 455831 53 220 2 3 1239 2241 30 10 307 0 5970 2186772480 30148 18446744073709551615 1 1 0 0 0 0 4612 1 1073775864 0 0 0 -1 1 0 0 0 0 0 0 0 0 0 0 0 0 0
695 14742 (AmazonFingerPri) S 333 333 0 0 -1 1077936192 7 455831 3 220 0 0 1239 2241 30 10 307 0 242286254 2186772480 30148 18446744073709551615 1 1 0 0 0 0 4612 1 1073775864 0 0 0 -1 0 0 0 0 0 0 0 0 0 0 0 0 0 0
695 14922 (Binder:695_1F) S 333 333 0 0 -1 1077936448 268475 455831 8668 220 34498 15768 1239 2241 20 0 307 0 223944 2186772480 30148 18446744073709551615 1 1 0 0 0 0 4612 1 1073775864 0 0 0 -1 2 0 0 0 0 0 0 0 0 0 0 0 0 0
695 15088 (Binder:695_20) S 333 333 0 0 -1 1077936448 299476 455831 7364 220 38260 17416 1239 2241 20 0 307 0 224908 2186772480 30148 18446744073709551615 1 1 0 0 0 0 4612 1 1073775864 0 0 0 -1 0 0 0 0 0 0 0 0 0 0 0 0 0 0
695 1525 (pool-2-thread-1) S 333 333 0 0 -1 1077936192 576 455831 163 220 5 4 1239 2241 20 0 307 0 6010 2186772480 30148 18446744073709551615 1 1 0 0 0 0 4612 1 1073775864 0 0 0 -1 1 0 0 0 0 0 0 0 0 0 0 0 0 0
695 15294 (Binder:695_21) S 333 333 0 0 -1 1077936448 331872 455831 6486 220 41876 18671 1239 2241 20 0 307 0 230233 2186772480 30148 18446744073709551615 1 1 0 0 0 0 4612 1 1073775864 0 0 0 -1 1 0 0 0 0 0 0 0 0 0 0 0 0 0
695 15492 (LogRetentionJob) S 333 333 0 0 -1 1077936192 9 455831 0 220 0 0 1239 2241 20 0 307 0 121154176 2186772480 30148 18446744073709551615 1 1 0 0 0 0 4612 1 1073775864 0 0 0 -1 3 0 0 0 0 0 0 0 0 0 0 0 0 0
695 1594 (CCodecWatchdog) S 333 333 0 0 -1 1077936192 1 455831 0 220 0 0 1239 2241 20 0 307 0 6044 2186772480 30148 18446744073709551615 1 1 0 0 0 0 4612 1 1073775864 0 0 0 -1 2 0 0 0 0 0 0 0 0 0 0 0 0 0
695 1596 (NDK MediaCodec_) S 333 333 0 0 -1 1077936192 1 455831 0 220 0 0 1239 2241 4 -16 307 0 6044 2186772480 30148 18446744073709551615 1 1 0 0 0 0 4612 1 1073775864 0 0 0 -1 1 0 0 0 0 0 0 0 0 0 0 0 0 0
695 15969 (AmazonFingerPri) S 333 333 0 0 -1 1077936192 5 455831 0 220 0 0 1239 2241 30 10 307 0 164532139 2186772480 30148 18446744073709551615 1 1 0 0 0 0 4612 1 1073775864 0 0 0 -1 3 0 0 0 0 0 0 0 0 0 0 0 0 0
695 1597 (NDK MediaCodec_) S 333 333 0 0 -1 1077936192 1 455831 0 220 0 0 1239 2241 4 -16 307 0 6044 2186772480 30148 18446744073709551615 1 1 0 0 0 0 4612 1 1073775864 0 0 0 -1 0 0 0 0 0 0 0 0 0 0 0 0 0 0
695 1605 (HwBinder:695_4) S 333 333 0 0 -1 1077936192 5555 455831 288 220 498 149 1239 2241 20 0 307 0 6051 2186772480 30148 18446744073709551615 1 1 0 0 0 0 4612 1 1073775864 0 0 0 -1 1 0 0 0 0 0 0 0 0 0 0 0 0 0
695 1612 (HwBinder:695_5) S 333 333 0 0 -1 1077936192 9326 455831 343 220 796 240 1239 2241 20 0 307 0 6060 2186772480 30148 18446744073709551615 1 1 0 0 0 0 4612 1 1073775864 0 0 0 -1 0 0 0 0 0 0 0 0 0 0 0 0 0 0
695 16757 (AmazonFingerPri) S 333 333 0 0 -1 1077936192 5 455831 0 220 0 0 1239 2241 30 10 307 0 86767127 2186772480 30148 18446744073709551615 1 1 0 0 0 0 4612 1 1073775864 0 0 0 -1 1 0 0 0 0 0 0 0 0 0 0 0 0 0
695 1699 (FireTVKeyPolicy) S 333 333 0 0 -1 1077936192 5 455831 0 220 0 0 1239 2241 18 -2 307 0 6123 2186772480 30148 18446744073709551615 1 1 0 0 0 0 4612 1 1073775864 0 0 0 -1 0 0 0 0 0 0 0 0 0 0 0 0 0 0
695 1752 (Binder:695_E) S 333 333 0 0 -1 1077936448 110441 455831 7355 220 12216 5528 1239 2241 20 0 307 0 6209 2186772480 30148 18446744073709551615 1 1 0 0 0 4096 4612 1 1073775864 0 0 0 -1 0 0 0 0 0 0 0 0 0 0 0 0 0 0
695 1759 (VolumeAliasHand) S 333 333 0 0 -1 1077936192 4 455831 0 220 0 0 1239 2241 20 0 307 0 6215 2186772480 30148 18446744073709551615 1 1 0 0 0 0 4612 1 1073775864 0 0 0 -1 2 0 0 0 0 0 0 0 0 0 0 0 0 0
695 1764 (LeGattConnectio) S 333 333 0 0 -1 1077936192 5 455831 0 220 0 0 1239 2241 20 0 307 0 6226 2186772480 30148 18446744073709551615 1 1 0 0 0 0 4612 1 1073775864 0 0 0 -1 0 0 0 0 0 0 0 0 0 0 0 0 0 0
695 1766 (LeGattScanWorke) S 333 333 0 0 -1 1077936192 5 455831 0 220 0 0 1239 2241 20 0 307 0 6226 2186772480 30148 18446744073709551615 1 1 0 0 0 0 4612 1 1073775864 0 0 0 -1 3 0 0 0 0 0 0 0 0 0 0 0 0 0
695 1767 (LeAdapterReques) S 333 333 0 0 -1 1077936192 5 455831 0 220 0 0 1239 2241 20 0 307 0 6227 2186772480 30148 18446744073709551615 1 1 0 0 0 0 4612 1 1073775864 0 0 0 -1 0 0 0 0 0 0 0 0 0 0 0 0 0 0
695 1773 (RedirectListene) S 333 333 0 0 -1 1077936192 5 455831 0 220 0 0 1239 2241 20 0 307 0 6236 2186772480 30148 18446744073709551615 1 1 0 0 0 0 4612 1 1073775864 0 0 0 -1 0 0 0 0 0 0 0 0 0 0 0 0 0 0
695 1782 (AdvertisingIdAr) S 333 333 0 0 -1 1077936192 9 455831 0 220 0 0 1239 2241 20 0 307 0 6239 2186772480 30148 18446744073709551615 1 1 0 0 0 0 4612 1 1073775864 0 0 0 -1 0 0 0 0 0 0 0 0 0 0 0 0 0 0
695 1794 (AmazonFingerPri) S 333 333 0 0 -1 1077936192 20 455831 6 220 0 0 1239 2241 30 10 307 0 6241 2186772480 30148 18446744073709551615 1 1 0 0 0 0 4612 1 1073775864 0 0 0 -1 1 0 0 0 0 0 0 0 0 0 0 0 0 0
695 1798 (ThreadPriorityB) S 333 333 0 0 -1 1077936448 594 455831 210 220 6 11 1239 2241 20 0 307 0 6242 2186772480 30148 18446744073709551615 1 1 0 0 0 0 4612 1 1073775864 0 0 0 -1 1 0 0 0 0 0 0 0 0 0 0 0 0 0
695 1801 (BtLeManagerThre) S 333 333 0 0 -1 1077936192 97 455831 19 220 0 1 1239 2241 20 0 307 0 6244 2186772480 30148 18446744073709551615 1 1 0 0 0 0 4612 1 1073775864 0 0 0 -1 0 0 0 0 0 0 0 0 0 0 0 0 0 0
695 1802 (pool-8-thread-1) S 333 333 0 0 -1 1077936192 1319 455831 269 220 46 42 1239 2241 20 0 307 0 6247 2186772480 30148 18446744073709551615 1 1 0 0 0 0 4612 1 1073775864 0 0 0 -1 1 0 0 0 0 0 0 0 0 0 0 0 0 0
695 1803 (OsuServerHandle) S 333 333 0 0 -1 1077936192 5 455831 0 220 0 0 1239 2241 20 0 307 0 6250 2186772480 30148 18446744073709551615 1 1 0 0 0 0 4612 1 1073775864 0 0 0 -1 1 0 0 0 0 0 0 0 0 0 0 0 0 0
695 1815 (LogRetentionJob) S 333 333 0 0 -1 1077936192 11 455831 2 220 0 0 1239 2241 20 0 307 0 216185958 2186772480 30148 18446744073709551615 1 1 0 0 0 0 4612 1 1073775864 0 0 0 -1 0 0 0 0 0 0 0 0 0 0 0 0 0 0
695 1828 (PerfArcusLooper) S 333 333 0 0 -1 1077936192 168 455831 67 220 2 1 1239 2241 20 0 307 0 6309 2186772480 30148 18446744073709551615 1 1 0 0 0 0 4612 1 1073775864 0 0 0 -1 1 0 0 0 0 0 0 0 0 0 0 0 0 0
695 1842 (PerfSchedTunerA) S 333 333 0 0 -1 1077936192 127 455831 74 220 1 3 1239 2241 30 10 307 0 6315 2186772480 30148 18446744073709551615 1 1 0 0 0 0 4612 1 1073775864 0 0 0 -1 1 0 0 0 0 0 0 0 0 0 0 0 0 0
695 1855 (SamplingThread) S 333 333 0 0 -1 1077936192 4 455831 0 220 0 0 1239 2241 20 0 307 0 6318 2186772480 30148 18446744073709551615 1 1 0 0 0 0 4612 1 1073775864 0 0 0 -1 3 0 0 0 0 0 0 0 0 0 0 0 0 0
695 18720 (AmazonFingerPri) S 333 333 0 0 -1 1077936192 5 455831 0 220 0 0 1239 2241 30 10 307 0 121327246 2186772480 30148 18446744073709551615 1 1 0 0 0 0 4612 1 1073775864 0 0 0 -1 1 0 0 0 0 0 0 0 0 0 0 0 0 0
695 19126 (LogRetentionJob) S 333 333 0 0 -1 1077936192 9 455831 0 220 0 0 1239 2241 20 0 307 0 52050581 2186772480 30148 18446744073709551615 1 1 0 0 0 0 4612 1 1073775864 0 0 0 -1 1 0 0 0 0 0 0 0 0 0 0 0 0 0
695 19181 (LogRetentionJob) S 333 333 0 0 -1 1077936192 9 455831 0 220 0 0 1239 2241 20 0 307 0 198910962 2186772480 30148 18446744073709551615 1 1 0 0 0 0 4612 1 1073775864 0 0 0 -1 1 0 0 0 0 0 0 0 0 0 0 0 0 0
695 20345 (LogRetentionJob) S 333 333 0 0 -1 1077936192 9 455831 0 220 0 0 1239 2241 20 0 307 0 17483740 2186772480 30148 18446744073709551615 1 1 0 0 0 0 4612 1 1073775864 0 0 0 -1 0 0 0 0 0 0 0 0 0 0 0 0 0 0
695 2100 (LazyTaskWriterT) S 333 333 0 0 -1 1077936192 6705 455831 577 220 124 261 1239 2241 30 10 307 0 6581 2186772480 30148 18446744073709551615 1 1 0 0 0 0 4612 1 1073775864 0 0 0 -1 0 0 0 0 0 0 0 0 0 0 0 0 0 0
695 2102 (StorageUserConn) S 333 333 0 0 -1 1077936192 13 455831 0 220 0 0 1239 2241 20 0 307 0 6583 2186772480 30148 18446744073709551615 1 1 0 0 0 0 4612 1 1073775864 0 0 0 -1 2 0 0 0 0 0 0 0 0 0 0 0 0 0
695 21044 (AmazonFingerPri) S 333 333 0 0 -1 1077936192 5 455831 0 220 0 0 1239 2241 30 10 307 0 52207431 2186772480 30148 18446744073709551615 1 1 0 0 0 0 4612 1 1073775864 0 0 0 -1 3 0 0 0 0 0 0 0 0 0 0 0 0 0
695 21475 (AmazonFingerPri) S 333 333 0 0 -1 1077936192 5 455831 0 220 0 0 1239 2241 30 10 307 0 199091512 2186772480 30148 18446744073709551615 1 1 0 0 0 0 4612 1 1073775864 0 0 0 -1 1 0 0 0 0 0 0 0 0 0 0 0 0 0
695 2211 (AudioPortEventH) S 333 333 0 0 -1 1077936192 603 455831 326 220 3 9 1239 2241 20 0 307 0 6637 2186772480 30148 18446744073709551615 1 1 0 0 0 0 4612 1 1073775864 0 0 0 -1 1 0 0 0 0 0 0 0 0 0 0 0 0 0
695 22517 (AmazonFingerPri) S 333 333 0 0 -1 1077936192 6 455831 0 220 0 0 1239 2241 30 10 307 0 17647085 2186772480 30148 18446744073709551615 1 1 0 0 0 0 4612 1 1073775864 0 0 0 -1 1 0 0 0 0 0 0 0 0 0 0 0 0 0
695 22634 (LogRetentionJob) S 333 333 0 0 -1 1077936192 9 455831 1 220 0 0 1239 2241 20 0 307 0 155716626 2186772480 30148 18446744073709551615 1 1 0 0 0 0 4612 1 1073775864 0 0 0 -1 3 0 0 0 0 0 0 0 0 0 0 0 0 0
695 22653 (LogRetentionJob) S 333 333 0 0 -1 1077936192 11 455831 3 220 0 0 1239 2241 20 0 307 0 207556903 2186772480 30148 18446744073709551615 1 1 0 0 0 0 4612 1 1073775864 0 0 0 -1 2 0 0 0 0 0 0 0 0 0 0 0 0 0
695 2279 (AmazonFingerPri) S 333 333 0 0 -1 1077936192 6 455831 0 220 0 0 1239 2241 30 10 307 0 104047951 2186772480 30148 18446744073709551615 1 1 0 0 0 0 4612 1 1073775864 0 0 0 -1 3 0 0 0 0 0 0 0 0 0 0 0 0 0
695 22974 (LogRetentionJob) S 333 333 0 0 -1 1077936192 9 455831 0 220 0 0 1239 2241 20 0 307 0 112524029 2186772480 30148 18446744073709551615 1 1 0 0 0 0 4612 1 1073775864 0 0 0 -1 1 0 0 0 0 0 0 0 0 0 0 0 0 0
695 24468 (LogRetentionJob) S 333 333 0 0 -1 1077936192 11 455831 8 220 0 0 1239 2241 20 0 307 0 233465958 2186772480 30148 18446744073709551615 1 1 0 0 0 0 4612 1 1073775864 0 0 0 -1 2 0 0 0 0 0 0 0 0 0 0 0 0 0
695 24597 (LogRetentionJob) S 333 333 0 0 -1 1077936192 10 455831 0 220 0 0 1239 2241 20 0 307 0 190274408 2186772480 30148 18446744073709551615 1 1 0 0 0 0 4612 1 1073775864 0 0 0 -1 1 0 0 0 0 0 0 0 0 0 0 0 0 0
695 2489 (pool-7-thread-1) S 333 333 0 0 -1 1077936192 36890 455831 993 220 1079 1553 1239 2241 20 0 307 0 6947 2186772480 30148 18446744073709551615 1 1 0 0 0 0 4612 1 1073775864 0 0 0 -1 3 0 0 0 0 0 0 0 0 0 0 0 0 0
695 25127 (AmazonFingerPri) S 333 333 0 0 -1 1077936192 5 455831 1 220 0 0 1239 2241 30 10 307 0 112688023 2186772480 30148 18446744073709551615 1 1 0 0 0 0 4612 1 1073775864 0 0 0 -1 1 0 0 0 0 0 0 0 0 0 0 0 0 0
695 25157 (AmazonFingerPri) S 333 333 0 0 -1 1077936192 6 455831 0 220 0 0 1239 2241 30 10 307 0 155892024 2186772480 30148 18446744073709551615 1 1 0 0 0 0 4612 1 1073775864 0 0 0 -1 0 0 0 0 0 0 0 0 0 0 0 0 0 0
695 25397 (AmazonFingerPri) S 333 333 0 0 -1 1077936192 8 455831 0 220 0 0 1239 2241 30 10 307 0 207732746 2186772480 30148 18446744073709551615 1 1 0 0 0 0 4612 1 1073775864 0 0 0 -1 3 0 0 0 0 0 0 0 0 0 0 0 0 0
695 2542 (Okio Watchdog) S 333 333 0 0 -1 1077936192 102 455831 63 220 86 99 1239 2241 20 0 307 0 6967 2186772480 30148 18446744073709551615 1 1 0 0 0 0 4612 1 1073775864 0 0 0 -1 1 0 0 0 0 0 0 0 0 0 0 0 0 0
695 25479 (LogRetentionJob) S 333 333 0 0 -1 1077936192 9 455831 0 220 0 0 1239 2241 20 0 307 0 77960230 2186772480 30148 18446744073709551615 1 1 0 0 0 0 4612 1 1073775864 0 0 0 -1 1 0 0 0 0 0 0 0 0 0 0 0 0 0
695 26957 (AmazonFingerPri) S 333 333 0 0 -1 1077936192 9 455831 2 220 0 0 1239 2241 30 10 307 0 233646255 2186772480 30148 18446744073709551615 1 1 0 0 0 0 4612 1 1073775864 0 0 0 -1 2 0 0 0 0 0 0 0 0 0 0 0 0 0
695 27340 (AmazonFingerPri) S 333 333 0 0 -1 1077936192 5 455831 0 220 0 0 1239 2241 30 10 307 0 190452511 2186772480 30148 18446744073709551615 1 1 0 0 0 0 4612 1 1073775864 0 0 0 -1 3 0 0 0 0 0 0 0 0 0 0 0 0 0
695 27405 (AsyncTask #16) S 333 333 0 0 -1 1077936192 4677 455831 204 220 50 29 1239 2241 30 10 307 0 254950814 2186772480 30148 18446744073709551615 1 1 0 0 0 0 4612 1 1073775864 0 0 0 -1 0 0 0 0 0 0 0 0 0 0 0 0 0 0
695 27645 (AmazonFingerPri) S 333 333 0 0 -1 1077936192 5 455831 1 220 0 0 1239 2241 30 10 307 0 78127720 2186772480 30148 18446744073709551615 1 1 0 0 0 0 4612 1 1073775864 0 0 0 -1 3 0 0 0 0 0 0 0 0 0 0 0 0 0
695 28310 (LogRetentionJob) S 333 333 0 0 -1 1077936192 10 455831 2 220 0 0 1239 2241 20 0 307 0 43395587 2186772480 30148 18446744073709551615 1 1 0 0 0 0 4612 1 1073775864 0 0 0 -1 1 0 0 0 0 0 0 0 0 0 0 0 0 0
695 29014 (LogRetentionJob) S 333 333 0 0 -1 1077936192 8 455831 1 220 0 0 1239 2241 20 0 307 0 8827337 2186772480 30148 18446744073709551615 1 1 0 0 0 0 4612 1 1073775864 0 0 0 -1 1 0 0 0 0 0 0 0 0 0 0 0 0 0
695 29588 (LogRetentionJob) S 333 333 0 0 -1 1077936192 13 455831 4 220 0 0 1239 2241 20 0 307 0 250745958 2186772480 30148 18446744073709551615 1 1 0 0 0 0 4612 1 1073775864 0 0 0 -1 3 0 0 0 0 0 0 0 0 0 0 0 0 0
695 29756 (LogRetentionJob) S 333 333 0 0 -1 1077936192 10 455831 0 220 0 0 1239 2241 20 0 307 0 147084566 2186772480 30148 18446744073709551615 1 1 0 0 0 0 4612 1 1073775864 0 0 0 -1 0 0 0 0 0 0 0 0 0 0 0 0 0 0
695 30600 (LogRetentionJob) S 333 333 0 0 -1 1077936192 12 455831 5 220 0 0 1239 2241 20 0 307 0 259385957 2186772480 30148 18446744073709551615 1 1 0 0 0 0 4612 1 1073775864 0 0 0 -1 0 0 0 0 0 0 0 0 0 0 0 0 0 0
695 30920 (AmazonFingerPri) S 333 333 0 0 -1 1077936192 6 455831 1 220 0 0 1239 2241 30 10 307 0 43567339 2186772480 30148 18446744073709551615 1 1 0 0 0 0 4612 1 1073775864 0 0 0 -1 3 0 0 0 0 0 0 0 0 0 0 0 0 0
695 30945 (AmazonFingerPri) S 333 333 0 0 -1 1077936192 8 455831 4 220 0 0 1239 2241 30 10 307 0 366254 2186772480 30148 18446744073709551615 1 1 0 0 0 0 4612 1 1073775864 0 0 0 -1 2 0 0 0 0 0 0 0 0 0 0 0 0 0
695 31028 (AmazonFingerPri) S 333 333 0 0 -1 1077936192 6 455831 0 220 0 0 1239 2241 30 10 307 0 9006991 2186772480 30148 18446744073709551615 1 1 0 0 0 0 4612 1 1073775864 0 0 0 -1 2 0 0 0 0 0 0 0 0 0 0 0 0 0
695 31588 (LogRetentionJob) S 333 333 0 0 -1 1077936192 10 455831 0 220 0 0 1239 2241 20 0 307 0 103868899 2186772480 30148 18446744073709551615 1 1 0 0 0 0 4612 1 1073775864 0 0 0 -1 1 0 0 0 0 0 0 0 0 0 0 0 0 0
695 31855 (AmazonFingerPri) S 333 333 0 0 -1 1077936192 6 455831 0 220 0 0 1239 2241 30 10 307 0 147251855 2186772480 30148 18446744073709551615 1 1 0 0 0 0 4612 1 1073775864 0 0 0 -1 1 0 0 0 0 0 0 0 0 0 0 0 0 0
695 31983 (AmazonFingerPri) S 333 333 0 0 -1 1077936192 7 455831 0 220 0 0 1239 2241 30 10 307 0 250926254 2186772480 30148 18446744073709551615 1 1 0 0 0 0 4612 1 1073775864 0 0 0 -1 1 0 0 0 0 0 0 0 0 0 0 0 0 0
695 3214 (BtCallback) S 333 333 0 0 -1 1077936192 61 455831 9 220 0 1 1239 2241 20 0 307 0 7572 2186772480 30148 18446744073709551615 1 1 0 0 0 0 4612 1 1073775864 0 0 0 -1 3 0 0 0 0 0 0 0 0 0 0 0 0 0
695 3245 (AmazonFingerPri) S 333 333 0 0 -1 1077936192 7 455831 1 220 0 0 1239 2241 30 10 307 0 69487613 2186772480 30148 18446744073709551615 1 1 0 0 0 0 4612 1 1073775864 0 0 0 -1 0 0 0 0 0 0 0 0 0 0 0 0 0 0
695 32698 (OkHttp Connecti) S 333 333 0 0 -1 1077936192 8 455831 3 220 0 0 1239 2241 20 0 307 0 271464962 2186772480 30148 18446744073709551615 1 1 0 0 0 0 4612 1 1073775864 0 0 0 -1 1 0 0 0 0 0 0 0 0 0 0 0 0 0
695 32725 (LogRetentionJob) S 333 333 0 0 -1 1077936192 9 455831 0 220 0 0 1239 2241 20 0 307 0 69334139 2186772480 30148 18446744073709551615 1 1 0 0 0 0 4612 1 1073775864 0 0 0 -1 0 0 0 0 0 0 0 0 0 0 0 0 0 0
695 3367 (AmazonFingerPri) S 333 333 0 0 -1 1077936192 5 455831 0 220 0 0 1239 2241 30 10 307 0 181812401 2186772480 30148 18446744073709551615 1 1 0 0 0 0 4612 1 1073775864 0 0 0 -1 3 0 0 0 0 0 0 0 0 0 0 0 0 0
695 3390 (LogRetentionJob) S 333 333 0 0 -1 1077936192 10 455831 0 220 0 0 1239 2241 20 0 307 0 138429987 2186772480 30148 18446744073709551615 1 1 0 0 0 0 4612 1 1073775864 0 0 0 -1 0 0 0 0 0 0 0 0 0 0 0 0 0 0
695 353 (LogRetentionJob) S 333 333 0 0 -1 1077936192 9 455831 0 220 0 0 1239 2241 20 0 307 0 181644164 2186772480 30148 18446744073709551615 1 1 0 0 0 0 4612 1 1073775864 0 0 0 -1 3 0 0 0 0 0 0 0 0 0 0 0 0 0
695 4400 (Binder:695_F) S 333 333 0 0 -1 1077936448 104254 455831 6022 220 11584 5066 1239 2241 20 0 307 0 9269 2186772480 30148 18446744073709551615 1 1 0 0 0 0 4612 1 1073775864 0 0 0 -1 0 0 0 0 0 0 0 0 0 0 0 0 0 0
695 4552 (AmazonFingerPri) S 333 333 0 0 -1 1077936192 6 455831 0 220 0 0 1239 2241 30 10 307 0 216366254 2186772480 30148 18446744073709551615 1 1 0 0 0 0 4612 1 1073775864 0 0 0 -1 0 0 0 0 0 0 0 0 0 0 0 0 0 0
695 4634 (AmazonKeyEventL) S 333 333 0 0 -1 1077936192 1162 455831 631 220 51 53 1239 2241 20 0 307 0 9769 2186772480 30148 18446744073709551615 1 1 0 0 0 0 4612 1 1073775864 0 0 0 -1 2 0 0 0 0 0 0 0 0 0 0 0 0 0
695 4882 (Binder:695_10) S 333 333 0 0 -1 1077936448 119228 455831 5430 220 13585 6358 1239 2241 20 0 307 0 10131 2186772480 30148 18446744073709551615 1 1 0 0 0 0 4612 1 1073775864 0 0 0 -1 0 0 0 0 0 0 0 0 0 0 0 0 0 0
695 4949 (LogRetentionJob) S 333 333 0 0 -1 1077936192 12 455831 0 220 0 0 1239 2241 20 0 307 0 34746810 2186772480 30148 18446744073709551615 1 1 0 0 0 0 4612 1 1073775864 0 0 0 -1 3 0 0 0 0 0 0 0 0 0 0 0 0 0
695 5713 (pool-6-thread-1) S 333 333 0 0 -1 1077936192 10917 455831 334 220 651 186 1239 2241 20 0 307 0 12369 2186772480 30148 18446744073709551615 1 1 0 0 0 0 4612 1 1073775864 0 0 0 -1 0 0 0 0 0 0 0 0 0 0 0 0 0 0
695 5832 (AmazonFingerPri) S 333 333 0 0 -1 1077936192 5 455831 0 220 0 0 1239 2241 30 10 307 0 138611723 2186772480 30148 18446744073709551615 1 1 0 0 0 0 4612 1 1073775864 0 0 0 -1 3 0 0 0 0 0 0 0 0 0 0 0 0 0
695 6078 (Binder:695_11) S 333 333 0 0 -1 1077936448 117331 455831 5536 220 12945 5755 1239 2241 20 0 307 0 13684 2186772480 30148 18446744073709551615 1 1 0 0 0 0 4612 1 1073775864 0 0 0 -1 1 0 0 0 0 0 0 0 0 0 0 0 0 0
695 6150 (LogRetentionJob) S 333 333 0 0 -1 1077936192 14 455831 4 220 0 0 1239 2241 20 0 307 0 224825959 2186772480 30148 18446744073709551615 1 1 0 0 0 0 4612 1 1073775864 0 0 0 -1 1 0 0 0 0 0 0 0 0 0 0 0 0 0
695 6304 (Binder:695_12) S 333 333 0 0 -1 1077936448 126069 455831 5683 220 14325 6450 1239 2241 20 0 307 0 14215 2186772480 30148 18446744073709551615 1 1 0 0 0 0 4612 1 1073775864 0 0 0 -1 1 0 0 0 0 0 0 0 0 0 0 0 0 0
695 6513 (LogRetentionJob) S 333 333 0 0 -1 1077936192 9 455831 0 220 0 0 1239 2241 20 0 307 0 173014960 2186772480 30148 18446744073709551615 1 1 0 0 0 0 4612 1 1073775864 0 0 0 -1 3 0 0 0 0 0 0 0 0 0 0 0 0 0
695 6541 (Binder:695_13) S 333 333 0 0 -1 1077936448 124211 455831 7106 220 13564 6076 1239 2241 20 0 307 0 15162 2186772480 30148 18446744073709551615 1 1 0 0 0 0 4612 1 1073775864 0 0 0 -1 0 0 0 0 0 0 0 0 0 0 0 0 0 0
695 6632 (Binder:695_14) S 333 333 0 0 -1 1077936448 157776 455831 6345 220 17397 7977 1239 2241 20 0 307 0 15411 2186772480 30148 18446744073709551615 1 1 0 0 0 0 4612 1 1073775864 0 0 0 -1 3 0 0 0 0 0 0 0 0 0 0 0 0 0
695 6785 (Binder:695_15) S 333 333 0 0 -1 1077936448 141302 455831 4950 220 16064 7022 1239 2241 20 0 307 0 15816 2186772480 30148 18446744073709551615 1 1 0 0 0 0 4612 1 1073775864 0 0 0 -1 1 0 0 0 0 0 0 0 0 0 0 0 0 0
695 695 (Binder:695_3) S 333 333 0 0 -1 1077936448 2786327 455831 44373 220 82948 20463 1239 2241 18 -2 307 0 1304 2186772480 30148 18446744073709551615 1 1 0 0 0 0 4612 1 1073775864 0 0 0 17 2 0 0 0 0 0 0 0 0 0 0 0 0 0
695 701 (Signal Catcher) S 333 333 0 0 -1 1077936192 46 455831 0 220 0 0 1239 2241 0 -20 307 0 1306 2186772480 30148 18446744073709551615 1 1 0 0 0 0 4096 1 1073775864 0 0 0 -1 1 0 0 0 0 0 0 0 0 0 0 0 0 0
695 702 (perfetto_hprof_) S 333 333 0 0 -1 4194368 5 455831 0 220 0 0 1239 2241 0 -20 307 0 1306 2186772480 30148 18446744073709551615 1 1 0 0 0 0 4612 1 1073775864 0 0 0 -1 1 0 0 0 0 0 0 0 0 0 0 0 0 0
695 703 (Jit thread pool) S 333 333 0 0 -1 1077936192 62442 455831 2513 220 387 139 1239 2241 20 0 307 0 1307 2186772480 30148 18446744073709551615 1 1 0 0 0 0 4612 1 1073775864 0 0 0 -1 1 0 0 0 0 0 0 0 0 0 0 0 0 0
695 704 (HeapTaskDaemon) S 333 333 0 0 -1 1077936192 3053932 455831 162778 220 106458 8492 1239 2241 24 4 307 0 1307 2186772480 30148 18446744073709551615 1 1 0 0 0 0 4612 1 1073775864 0 0 0 -1 2 0 0 0 0 0 0 0 0 0 0 0 0 0
695 705 (ReferenceQueueD) S 333 333 0 0 -1 1077936192 2891 455831 2669 220 2088 520 1239 2241 24 4 307 0 1307 2186772480 30148 18446744073709551615 1 1 0 0 0 0 4612 1 1073775864 0 0 0 -1 2 0 0 0 0 0 0 0 0 0 0 0 0 0
695 706 (FinalizerDaemon) S 333 333 0 0 -1 1077936192 7450 455831 1980 220 779 311 1239 2241 24 4 307 0 1307 2186772480 30148 18446744073709551615 1 1 0 0 0 0 4612 1 1073775864 0 0 0 -1 2 0 0 0 0 0 0 0 0 0 0 0 0 0
695 707 (FinalizerWatchd) S 333 333 0 0 -1 1077936192 48 455831 21 220 48 34 1239 2241 24 4 307 0 1307 2186772480 30148 18446744073709551615 1 1 0 0 0 0 4612 1 1073775864 0 0 0 -1 2 0 0 0 0 0 0 0 0 0 0 0 0 0
695 7145 (Timer-43) S 333 333 0 0 -1 1077936192 4 455831 2 220 0 0 1239 2241 20 0 307 0 267852421 2186772480 30148 18446744073709551615 1 1 0 0 0 0 4612 1 1073775864 0 0 0 -1 3 0 0 0 0 0 0 0 0 0 0 0 0 0
695 7260 (AmazonFingerPri) S 333 333 0 0 -1 1077936192 6 455831 1 220 0 0 1239 2241 30 10 307 0 34927250 2186772480 30148 18446744073709551615 1 1 0 0 0 0 4612 1 1073775864 0 0 0 -1 1 0 0 0 0 0 0 0 0 0 0 0 0 0
695 729 (Binder:695_1) S 333 333 0 0 -1 1077936448 137887 455831 4397 220 16604 7193 1239 2241 20 0 307 0 1538 2186772480 30148 18446744073709551615 1 1 0 0 0 0 4612 1 1073775864 0 0 0 -1 2 0 0 0 0 0 0 0 0 0 0 0 0 0
695 730 (Binder:695_2) S 333 333 0 0 -1 1077936448 102771 455831 4538 220 12567 5729 1239 2241 20 0 307 0 1538 2186772480 30148 18446744073709551615 1 1 0 0 0 0 4612 1 1073775864 0 0 0 -1 1 0 0 0 0 0 0 0 0 0 0 0 0 0
695 731 (android.fg) S 333 333 0 0 -1 1077936448 967404 455831 3520 220 24830 18339 1239 2241 20 0 307 0 1579 2186772480 30148 18446744073709551615 1 1 0 0 0 0 4612 1 1073775864 0 0 0 -1 1 0 0 0 0 0 0 0 0 0 0 0 0 0
695 732 (android.ui) S 333 333 0 0 -1 1077936448 11898 455831 2327 220 7168 5696 1239 2241 18 -2 307 0 1579 2186772480 30148 18446744073709551615 1 1 0 0 0 0 4612 1 1073775864 0 0 0 -1 3 0 0 0 0 0 0 0 0 0 0 0 0 0
695 733 (android.io) S 333 333 0 0 -1 1077936192 350460 455831 1168 220 6533 3599 1239 2241 20 0 307 0 1579 2186772480 30148 18446744073709551615 1 1 0 0 0 0 4612 1 1073775864 0 0 0 -1 2 0 0 0 0 0 0 0 0 0 0 0 0 0
695 734 (android.display) S 333 333 0 0 -1 1077936448 41521 455831 6871 220 1529 761 1239 2241 17 -3 307 0 1579 2186772480 30148 18446744073709551615 1 1 0 0 0 0 4612 1 1073775864 0 0 0 -1 2 0 0 0 0 0 0 0 0 0 0 0 0 0
695 735 (android.anim) S 333 333 0 0 -1 1077936192 1574462 455831 13584 220 3405 1688 1239 2241 16 -4 307 0 1579 2186772480 30148 18446744073709551615 1 1 0 0 0 0 4612 1 1073775864 0 0 0 -1 2 0 0 0 0 0 0 0 0 0 0 0 0 0
695 736 (android.anim.lf) S 333 333 0 0 -1 1077936192 1093 455831 743 220 345 256 1239 2241 16 -4 307 0 1579 2186772480 30148 18446744073709551615 1 1 0 0 0 0 4612 1 1073775864 0 0 0 -1 2 0 0 0 0 0 0 0 0 0 0 0 0 0
695 737 (watchdog) S 333 333 0 0 -1 1077936192 8469 455831 172 220 1560 1070 1239 2241 20 0 307 0 1579 2186772480 30148 18446744073709551615 1 1 0 0 0 0 4612 1 1073775864 0 0 0 -1 0 0 0 0 0 0 0 0 0 0 0 0 0 0
695 739 (PackageRecency ) S 333 333 0 0 -1 1077936192 397 455831 149 220 16 9 1239 2241 30 10 307 0 1585 2186772480 30148 18446744073709551615 1 1 0 0 0 0 4612 1 1073775864 0 0 0 -1 1 0 0 0 0 0 0 0 0 0 0 0 0 0
695 740 (android.bg) S 333 333 0 0 -1 1077936448 1056095 455831 31859 220 25542 74952 1239 2241 30 10 307 0 1586 2186772480 30148 18446744073709551615 1 1 0 0 0 0 4612 1 1073775864 0 0 0 -1 3 0 0 0 0 0 0 0 0 0 0 0 0 0
695 741 (ActivityManager) S 333 333 0 0 -1 1077936448 132102 455831 8895 220 14422 33014 1239 2241 18 -2 307 0 1587 2186772480 30148 18446744073709551615 1 1 0 0 0 0 4612 1 1073775864 0 0 0 -1 0 0 0 0 0 0 0 0 0 0 0 0 0 0
695 742 (ActivityManager) S 333 333 0 0 -1 1077936448 53880 455831 1019 220 961 606 1239 2241 18 -2 307 0 1587 2186772480 30148 18446744073709551615 1 1 0 0 0 0 4612 1 1073775864 0 0 0 -1 1 0 0 0 0 0 0 0 0 0 0 0 0 0
695 743 (ActivityManager) S 333 333 0 0 -1 1077936448 4363 455831 2145 220 325 1213 1239 2241 30 10 307 0 1601 2186772480 30148 18446744073709551615 1 1 0 0 0 0 4612 1 1073775864 0 0 0 -1 0 0 0 0 0 0 0 0 0 0 0 0 0 0
695 744 (ActivityManager) S 333 333 0 0 -1 1077936192 3856 455831 1659 220 211 226 1239 2241 30 10 307 0 1601 2186772480 30148 18446744073709551615 1 1 0 0 0 0 4612 1 1073775864 0 0 0 -1 0 0 0 0 0 0 0 0 0 0 0 0 0 0
695 745 (Thread-2) S 333 333 0 0 -1 1077936192 144 455831 289 220 3 199 1239 2241 20 0 307 0 1601 2186772480 30148 18446744073709551615 1 1 0 0 0 0 4612 1 1073775864 0 0 0 -1 1 0 0 0 0 0 0 0 0 0 0 0 0 0
695 746 (OomAdjuster) S 333 333 0 0 -1 1077936448 5189 455831 202 220 8700 35091 1239 2241 10 -10 307 0 1601 2186772480 30148 18446744073709551615 1 1 0 0 0 0 4612 1 1073775864 0 0 0 -1 0 0 0 0 0 0 0 0 0 0 0 0 0 0
695 747 (batterystats-wo) S 333 333 0 0 -1 1077936192 348139 455831 5921 220 4092 3575 1239 2241 20 0 307 0 1604 2186772480 30148 18446744073709551615 1 1 0 0 0 0 4612 1 1073775864 0 0 0 -1 0 0 0 0 0 0 0 0 0 0 0 0 0 0
695 748 (FileObserver) S 333 333 0 0 -1 4194368 83 455831 26 220 0 1 1239 2241 20 0 307 0 1626 2186772480 30148 18446744073709551615 1 1 0 0 0 0 4612 1 1073775864 0 0 0 -1 0 0 0 0 0 0 0 0 0 0 0 0 0 0
695 749 (CpuTracker) S 333 333 0 0 -1 1077936448 7739 455831 413 220 3005 12429 1239 2241 20 0 307 0 1628 2186772480 30148 18446744073709551615 1 1 0 0 0 0 4612 1 1073775864 0 0 0 -1 1 0 0 0 0 0 0 0 0 0 0 0 0 0
695 750 (Thread-3) S 333 333 0 0 -1 1077936192 8 455831 0 220 0 0 1239 2241 18 -2 307 0 1629 2186772480 30148 18446744073709551615 1 1 0 0 0 0 4612 1 1073775864 0 0 0 -1 2 0 0 0 0 0 0 0 0 0 0 0 0 0
695 751 (Thread-4) S 333 333 0 0 -1 1077936192 6 455831 0 220 0 0 1239 2241 18 -2 307 0 1629 2186772480 30148 18446744073709551615 1 1 0 0 0 0 4612 1 1073775864 0 0 0 -1 1 0 0 0 0 0 0 0 0 0 0 0 0 0
695 752 (Thread-5) S 333 333 0 0 -1 1077936192 279 455831 194 220 6075 20535 1239 2241 18 -2 307 0 1629 2186772480 30148 18446744073709551615 1 1 0 0 0 0 4612 1 1073775864 0 0 0 -1 3 0 0 0 0 0 0 0 0 0 0 0 0 0
695 753 (AmazonPowerMana) S 333 333 0 0 -1 1077936192 1180 455831 267 220 101 34 1239 2241 25 5 307 0 1630 2186772480 30148 18446744073709551615 1 1 0 0 0 0 4612 1 1073775864 0 0 0 -1 2 0 0 0 0 0 0 0 0 0 0 0 0 0
695 754 (SuspendToRamVen) S 333 333 0 0 -1 1077936192 46 455831 22 220 0 0 1239 2241 25 5 307 0 1630 2186772480 30148 18446744073709551615 1 1 0 0 0 0 4612 1 1073775864 0 0 0 -1 3 0 0 0 0 0 0 0 0 0 0 0 0 0
695 755 (HomeLauncherCal) S 333 333 0 0 -1 1077936448 208 455831 53 220 8 8 1239 2241 25 5 307 0 1630 2186772480 30148 18446744073709551615 1 1 0 0 0 0 4612 1 1073775864 0 0 0 -1 0 0 0 0 0 0 0 0 0 0 0 0 0 0
695 756 (PowerManagerSer) S 333 333 0 0 -1 1077936448 8805 455831 1297 220 2264 2020 1239 2241 10 -10 307 0 1630 2186772480 30148 18446744073709551615 1 1 0 0 0 0 4612 1 1073775864 0 0 0 -1 2 0 0 0 0 0 0 0 0 0 0 0 0 0
695 757 (HwBinder:695_1) S 333 333 0 0 -1 1077936192 3865 455831 365 220 327 102 1239 2241 20 0 307 0 1631 2186772480 30148 18446744073709551615 1 1 0 0 0 0 4612 1 1073775864 0 0 0 -1 0 0 0 0 0 0 0 0 0 0 0 0 0 0
695 758 (BatteryStats_wa) S 333 333 0 0 -1 1077936192 6 455831 0 220 0 0 1239 2241 18 -2 307 0 1631 2186772480 30148 18446744073709551615 1 1 0 0 0 0 4612 1 1073775864 0 0 0 -1 2 0 0 0 0 0 0 0 0 0 0 0 0 0
695 760 (PackageManager) S 333 333 0 0 -1 1077936192 6 455831 0 220 0 0 1239 2241 30 10 307 0 1639 2186772480 30148 18446744073709551615 1 1 0 0 0 0 4612 1 1073775864 0 0 0 -1 1 0 0 0 0 0 0 0 0 0 0 0 0 0
695 761 (PackageManager) S 333 333 0 0 -1 1077936448 437275 455831 8312 220 13616 4583 1239 2241 30 10 307 0 1652 2186772480 30148 18446744073709551615 1 1 0 0 0 0 4612 1 1073775864 0 0 0 -1 3 0 0 0 0 0 0 0 0 0 0 0 0 0
695 772 (PackageInstalle) S 333 333 0 0 -1 1077936192 177730 455831 4107 220 3220 827 1239 2241 20 0 307 0 2983 2186772480 30148 18446744073709551615 1 1 0 0 0 0 4612 1 1073775864 0 0 0 -1 0 0 0 0 0 0 0 0 0 0 0 0 0 0
695 7739 (Binder:695_16) S 333 333 0 0 -1 1077936448 146692 455831 5537 220 16837 7289 1239 2241 20 0 307 0 18295 2186772480 30148 18446744073709551615 1 1 0 0 0 0 4612 1 1073775864 0 0 0 -1 2 0 0 0 0 0 0 0 0 0 0 0 0 0
695 775 (HealthServiceHw) S 333 333 0 0 -1 1077936192 6 455831 0 220 0 0 1239 2241 20 0 307 0 3058 2186772480 30148 18446744073709551615 1 1 0 0 0 0 4612 1 1073775864 0 0 0 -1 0 0 0 0 0 0 0 0 0 0 0 0 0 0
695 778 (RollbackPackage) S 333 333 0 0 -1 1077936192 9 455831 0 220 0 0 1239 2241 20 0 307 0 3060 2186772480 30148 18446744073709551615 1 1 0 0 0 0 4612 1 1073775864 0 0 0 -1 1 0 0 0 0 0 0 0 0 0 0 0 0 0
695 779 (RollbackManager) S 333 333 0 0 -1 1077936192 1621 455831 322 220 65 42 1239 2241 20 0 307 0 3061 2186772480 30148 18446744073709551615 1 1 0 0 0 0 4612 1 1073775864 0 0 0 -1 1 0 0 0 0 0 0 0 0 0 0 0 0 0
695 7793 (LogRetentionJob) S 333 333 0 0 -1 1077936192 10 455831 1 220 0 0 1239 2241 20 0 307 0 95242888 2186772480 30148 18446744073709551615 1 1 0 0 0 0 4612 1 1073775864 0 0 0 -1 0 0 0 0 0 0 0 0 0 0 0 0 0 0
695 781 (AccountManagerS) S 333 333 0 0 -1 1077936192 2563 455831 1063 220 78 35 1239 2241 18 -2 307 0 3064 2186772480 30148 18446744073709551615 1 1 0 0 0 0 4612 1 1073775864 0 0 0 -1 3 0 0 0 0 0 0 0 0 0 0 0 0 0
695 782 (SettingsProvide) S 333 333 0 0 -1 1077936192 11676 455831 1152 220 604 235 1239 2241 30 10 307 0 3067 2186772480 30148 18446744073709551615 1 1 0 0 0 0 4612 1 1073775864 0 0 0 -1 1 0 0 0 0 0 0 0 0 0 0 0 0 0
695 787 (AlarmManager) S 333 333 0 0 -1 1077936448 20553 455831 881 220 1724 1486 1239 2241 20 0 307 0 3142 2186772480 30148 18446744073709551615 1 1 0 0 0 0 4612 1 1073775864 0 0 0 -1 3 0 0 0 0 0 0 0 0 0 0 0 0 0
695 789 (AmazonAccMgrCal) S 333 333 0 0 -1 1077936192 5 455831 0 220 0 0 1239 2241 30 10 307 0 3150 2186772480 30148 18446744073709551615 1 1 0 0 0 0 4612 1 1073775864 0 0 0 -1 1 0 0 0 0 0 0 0 0 0 0 0 0 0
695 790 (MagnifierSettin) S 333 333 0 0 -1 1077936192 5 455831 0 220 0 0 1239 2241 20 0 307 0 3152 2186772480 30148 18446744073709551615 1 1 0 0 0 0 4612 1 1073775864 0 0 0 -1 2 0 0 0 0 0 0 0 0 0 0 0 0 0
695 792 (CustomAppLaunch) S 333 333 0 0 -1 1077936192 4 455831 0 220 0 0 1239 2241 25 5 307 0 3155 2186772480 30148 18446744073709551615 1 1 0 0 0 0 4612 1 1073775864 0 0 0 -1 2 0 0 0 0 0 0 0 0 0 0 0 0 0
695 793 (UEventObserver) S 333 333 0 0 -1 4194624 730 455831 284 220 30 34 1239 2241 20 0 307 0 3156 2186772480 30148 18446744073709551615 1 1 0 0 0 0 4612 1 1073775864 0 0 0 -1 1 0 0 0 0 0 0 0 0 0 0 0 0 0
695 794 (AmazonWindowMet) S 333 333 0 0 -1 1077936192 6816 455831 1010 220 130 46 1239 2241 20 0 307 0 3157 2186772480 30148 18446744073709551615 1 1 0 0 0 0 4612 1 1073775864 0 0 0 -1 2 0 0 0 0 0 0 0 0 0 0 0 0 0
695 795 (ArcusConfig) S 333 333 0 0 -1 1077936192 151 455831 102 220 2 2 1239 2241 20 0 307 0 3157 2186772480 30148 18446744073709551615 1 1 0 0 0 0 4612 1 1073775864 0 0 0 -1 1 0 0 0 0 0 0 0 0 0 0 0 0 0
695 796 (PipUpdateHandle) S 333 333 0 0 -1 1077936192 5 455831 0 220 0 0 1239 2241 20 0 307 0 3157 2186772480 30148 18446744073709551615 1 1 0 0 0 0 4612 1 1073775864 0 0 0 -1 2 0 0 0 0 0 0 0 0 0 0 0 0 0
695 797 (InputDispatcher) S 333 333 0 0 -1 1077936192 3741 455831 1956 220 486 1149 1239 2241 12 -8 307 0 3157 2186772480 30148 18446744073709551615 1 1 0 0 0 0 4612 1 1073775864 0 0 0 -1 0 0 0 0 0 0 0 0 0 0 0 0 0 0
695 798 (InputReader) S 333 333 0 0 -1 1077936448 10696 455831 1784 220 566 1246 1239 2241 12 -8 307 0 3157 2186772480 30148 18446744073709551615 1 1 0 0 0 0 4612 1 1073775864 0 0 0 -1 2 0 0 0 0 0 0 0 0 0 0 0 0 0
695 800 (NetworkWatchlis) S 333 333 0 0 -1 1077936192 76827 455831 1164 220 2444 1329 1239 2241 30 10 307 0 3160 2186772480 30148 18446744073709551615 1 1 0 0 0 0 4612 1 1073775864 0 0 0 -1 3 0 0 0 0 0 0 0 0 0 0 0 0 0
695 801 (AppIntegrityMan) S 333 333 0 0 -1 1077936448 30013 455831 4397 220 401 202 1239 2241 20 0 307 0 3160 2186772480 30148 18446744073709551615 1 1 0 0 0 0 4612 1 1073775864 0 0 0 -1 2 0 0 0 0 0 0 0 0 0 0 0 0 0
695 802 (StorageManagerS) S 333 333 0 0 -1 1077936192 1305 455831 158 220 17 13 1239 2241 20 0 307 0 3165 2186772480 30148 18446744073709551615 1 1 0 0 0 0 4612 1 1073775864 0 0 0 -1 1 0 0 0 0 0 0 0 0 0 0 0 0 0
695 8454 (AmazonFingerPri) S 333 333 0 0 -1 1077936192 6 455831 6 220 0 1 1239 2241 30 10 307 0 225006254 2186772480 30148 18446744073709551615 1 1 0 0 0 0 4612 1 1073775864 0 0 0 -1 3 0 0 0 0 0 0 0 0 0 0 0 0 0
695 8880 (Binder:695_17) S 333 333 0 0 -1 1077936448 182322 455831 6023 220 20251 9074 1239 2241 20 0 307 0 20691 2186772480 30148 18446744073709551615 1 1 0 0 0 0 4612 1 1073775864 0 0 0 -1 1 0 0 0 0 0 0 0 0 0 0 0 0 0
695 8961 (AmazonFingerPri) S 333 333 0 0 -1 1077936192 5 455831 0 220 0 0 1239 2241 30 10 307 0 173172283 2186772480 30148 18446744073709551615 1 1 0 0 0 0 4612 1 1073775864 0 0 0 -1 0 0 0 0 0 0 0 0 0 0 0 0 0 0
695 9268 (AudioTrack) S 333 333 0 0 -1 1077936192 8 455831 3 220 0 0 1239 2241 4 -16 307 0 200357252 2186772480 30148 18446744073709551615 1 1 0 0 0 0 4612 1 1073775864 0 0 0 -1 2 0 0 0 0 0 0 0 0 0 0 0 0 0
695 9484 (Binder:695_18) S 333 333 0 0 -1 1077936448 186004 455831 7415 220 22419 10065 1239 2241 20 0 307 0 21846 2186772480 30148 18446744073709551615 1 1 0 0 0 4096 4612 1 1073775864 0 0 0 -1 2 0 0 0 0 0 0 0 0 0 0 0 0 0
695 970 (LockSettingsSer) S 333 333 0 0 -1 1077936192 9 455831 0 220 0 0 1239 2241 30 10 307 0 5587 2186772480 30148 18446744073709551615 1 1 0 0 0 0 4612 1 1073775864 0 0 0 -1 0 0 0 0 0 0 0 0 0 0 0 0 0 0
695 973 (NetworkStats) S 333 333 0 0 -1 1077936448 10129675 455831 7619 220 627282 19551 1239 2241 20 0 307 0 5614 2186772480 30148 18446744073709551615 1 1 0 0 0 0 4612 1 1073775864 0 0 0 -1 3 0 0 0 0 0 0 0 0 0 0 0 0 0
695 974 (NetworkPolicy) S 333 333 0 0 -1 1077936192 2910376 455831 757 220 30365 6137 1239 2241 20 0 307 0 5615 2186772480 30148 18446744073709551615 1 1 0 0 0 0 4612 1 1073775864 0 0 0 -1 0 0 0 0 0 0 0 0 0 0 0 0 0 0
695 975 (tworkPolicy.uid) S 333 333 0 0 -1 1077936192 58675 455831 696 220 710 708 1239 2241 18 -2 307 0 5615 2186772480 30148 18446744073709551615 1 1 0 0 0 0 4612 1 1073775864 0 0 0 -1 0 0 0 0 0 0 0 0 0 0 0 0 0 0
695 976 (AsyncChannelHan) S 333 333 0 0 -1 1077936192 6 455831 0 220 0 0 1239 2241 20 0 307 0 5619 2186772480 30148 18446744073709551615 1 1 0 0 0 0 4612 1 1073775864 0 0 0 -1 1 0 0 0 0 0 0 0 0 0 0 0 0 0
695 977 (WifiHandlerThre) S 333 333 0 0 -1 1077936448 2263466 455831 14537 220 62934 21913 1239 2241 20 0 307 0 5619 2186772480 30148 18446744073709551615 1 1 0 0 0 0 4612 1 1073775864 0 0 0 -1 1 0 0 0 0 0 0 0 0 0 0 0 0 0
695 978 (WifiP2pService) S 333 333 0 0 -1 1077936192 1492 455831 493 220 22 23 1239 2241 20 0 307 0 5619 2186772480 30148 18446744073709551615 1 1 0 0 0 0 4612 1 1073775864 0 0 0 -1 2 0 0 0 0 0 0 0 0 0 0 0 0 0
695 979 (PasspointProvis) S 333 333 0 0 -1 1077936192 86 455831 2 220 4 1 1239 2241 20 0 307 0 5619 2186772480 30148 18446744073709551615 1 1 0 0 0 0 4612 1 1073775864 0 0 0 -1 1 0 0 0 0 0 0 0 0 0 0 0 0 0
695 980 (WifiScanningSer) S 333 333 0 0 -1 1077936448 2681 455831 63 220 78 9 1239 2241 20 0 307 0 5643 2186772480 30148 18446744073709551615 1 1 0 0 0 0 4612 1 1073775864 0 0 0 -1 2 0 0 0 0 0 0 0 0 0 0 0 0 0
695 981 (ConnectivitySer) S 333 333 0 0 -1 1077936192 1223227 455831 2954 220 65005 2944 1239 2241 20 0 307 0 5649 2186772480 30148 18446744073709551615 1 1 0 0 0 0 4612 1 1073775864 0 0 0 -1 1 0 0 0 0 0 0 0 0 0 0 0 0 0
695 9814 (AmazonFingerPri) S 333 333 0 0 -1 1077936192 6 455831 0 220 0 0 1239 2241 30 10 307 0 95407880 2186772480 30148 18446744073709551615 1 1 0 0 0 0 4612 1 1073775864 0 0 0 -1 0 0 0 0 0 0 0 0 0 0 0 0 0 0
695 982 (roid.pacmanager) S 333 333 0 0 -1 1077936192 5 455831 0 220 0 0 1239 2241 20 0 307 0 5649 2186772480 30148 18446744073709551615 1 1 0 0 0 0 4612 1 1073775864 0 0 0 -1 1 0 0 0 0 0 0 0 0 0 0 0 0 0
695 983 (NsdService) S 333 333 0 0 -1 1077936192 6 455831 0 220 0 0 1239 2241 20 0 307 0 5651 2186772480 30148 18446744073709551615 1 1 0 0 0 0 4612 1 1073775864 0 0 0 -1 3 0 0 0 0 0 0 0 0 0 0 0 0 0
695 984 (mDnsConnector) S 333 333 0 0 -1 1077936192 6 455831 0 220 0 0 1239 2241 20 0 307 0 5652 2186772480 30148 18446744073709551615 1 1 0 0 0 0 4612 1 1073775864 0 0 0 -1 0 0 0 0 0 0 0 0 0 0 0 0 0 0
695 985 (ranker) S 333 333 0 0 -1 1077936192 106438 455831 344 220 940 169 1239 2241 30 10 307 0 5655 2186772480 30148 18446744073709551615 1 1 0 0 0 0 4612 1 1073775864 0 0 0 -1 2 0 0 0 0 0 0 0 0 0 0 0 0 0
695 986 (notification-sq) S 333 333 0 0 -1 1077936192 7091 455831 4636 220 374 1335 1239 2241 30 10 307 0 5655 2186772480 30148 18446744073709551615 1 1 0 0 0 0 4612 1 1073775864 0 0 0 -1 1 0 0 0 0 0 0 0 0 0 0 0 0 0
695 987 (onProviders.ECP) S 333 333 0 0 -1 1077936448 106 455831 42 220 4 7 1239 2241 30 10 307 0 5655 2186772480 30148 18446744073709551615 1 1 0 0 0 0 4612 1 1073775864 0 0 0 -1 2 0 0 0 0 0 0 0 0 0 0 0 0 0
695 988 (DeviceStorageMo) S 333 333 0 0 -1 1077936192 21036 455831 745 220 3293 3617 1239 2241 30 10 307 0 5658 2186772480 30148 18446744073709551615 1 1 0 0 0 0 4612 1 1073775864 0 0 0 -1 3 0 0 0 0 0 0 0 0 0 0 0 0 0
695 989 (AS.SfxWorker) S 333 333 0 0 -1 1077936192 554 455831 150 220 36 43 1239 2241 20 0 307 0 5659 2186772480 30148 18446744073709551615 1 1 0 0 0 0 4612 1 1073775864 0 0 0 -1 2 0 0 0 0 0 0 0 0 0 0 0 0 0
695 990 (AudioService) S 333 333 0 0 -1 1077936192 684 455831 301 220 20 18 1239 2241 20 0 307 0 5660 2186772480 30148 18446744073709551615 1 1 0 0 0 0 4612 1 1073775864 0 0 0 -1 0 0 0 0 0 0 0 0 0 0 0 0 0 0
695 991 (AudioDeviceBrok) S 333 333 0 0 -1 1077936192 350 455831 236 220 14 9 1239 2241 20 0 307 0 5662 2186772480 30148 18446744073709551615 1 1 0 0 0 0 4612 1 1073775864 0 0 0 -1 3 0 0 0 0 0 0 0 0 0 0 0 0 0
695 992 (Thread-8) S 333 333 0 0 -1 1077936192 8 455831 0 220 0 0 1239 2241 20 0 307 0 5673 2186772480 30148 18446744073709551615 1 1 0 0 0 0 4612 1 1073775864 0 0 0 -1 0 0 0 0 0 0 0 0 0 0 0 0 0 0
695 994 (HwBinder:695_2) S 333 333 0 0 -1 1077936192 3072 455831 275 220 267 83 1239 2241 20 0 307 0 5676 2186772480 30148 18446744073709551615 1 1 0 0 0 0 4612 1 1073775864 0 0 0 -1 0 0 0 0 0 0 0 0 0 0 0 0 0 0
695 995 (HwBinder:695_3) S 333 333 0 0 -1 1077936192 4087 455831 375 220 331 100 1239 2241 20 0 307 0 5676 2186772480 30148 18446744073709551615 1 1 0 0 0 0 4612 1 1073775864 0 0 0 -1 1 0 0 0 0 0 0 0 0 0 0 0 0 0
695 9959 (Binder:695_19) S 333 333 0 0 -1 1077936448 171815 455831 6379 220 19592 8552 1239 2241 20 0 307 0 22768 2186772480 30148 18446744073709551615 1 1 0 0 0 0 4612 1 1073775864 0 0 0 -1 2 0 0 0 0 0 0 0 0 0 0 0 0 0
695 997 (ConnectivityThr) S 333 333 0 0 -1 1077936192 14080 455831 313 220 247 98 1239 2241 20 0 307 0 5677 2186772480 30148 18446744073709551615 1 1 0 0 0 0 4612 1 1073775864 0 0 0 -1 3 0 0 0 0 0 0 0 0 0 0 0 0 0
695 999 (backup) S 333 333 0 0 -1 1077936192 9 455831 0 220 0 0 1239 2241 30 10 307 0 5678 2186772480 30148 18446744073709551615 1 1 0 0 0 0 4612 1 1073775864 0 0 0 -1 3 0 0 0 0 0 0 0 0 0 0 0 0 0
421 12715 (Binder:421_B) S 1 421 0 0 -1 1077936192 1378 0 1062 0 1057 1216 0 0 20 0 27 0 56183809 100147200 1234 18446744073709551615 1 1 0 0 0 0 0 4096 1073775864 0 0 0 -1 2 0 0 0 0 0 0 0 0 0 0 0 0 0
421 13139 (Binder:421_8) S 1 421 0 0 -1 1077936192 1637 0 1497 0 1162 1393 0 0 20 0 27 0 170936 100147200 1234 18446744073709551615 1 1 0 0 0 0 0 4096 1073775864 0 0 0 -1 2 0 0 0 0 0 0 0 0 0 0 0 0 0
421 1497 (Binder:421_4) S 1 421 0 0 -1 1077936192 1330 0 1607 0 1015 1236 0 0 20 0 27 0 5982 100147200 1234 18446744073709551615 1 1 0 0 0 0 0 4096 1073775864 0 0 0 -1 2 0 0 0 0 0 0 0 0 0 0 0 0 0
421 1755 (Binder:421_5) S 1 421 0 0 -1 1077936192 1179 0 1654 0 925 1105 0 0 20 0 27 0 6211 100147200 1234 18446744073709551615 1 1 0 0 0 0 0 4096 1073775864 0 0 0 -1 2 0 0 0 0 0 0 0 0 0 0 0 0 0
421 20227 (Binder:421_9) S 1 421 0 0 -1 1077936192 994 0 1181 0 1078 1304 0 0 20 0 27 0 3538829 100147200 1234 18446744073709551615 1 1 0 0 0 0 0 4096 1073775864 0 0 0 -1 2 0 0 0 0 0 0 0 0 0 0 0 0 0
421 2098 (Binder:421_E) S 1 421 0 0 -1 1077936192 1105 0 1279 0 1018 1258 0 0 20 0 27 0 222558174 100147200 1234 18446744073709551615 1 1 0 0 0 0 0 4096 1073775864 0 0 0 -1 1 0 0 0 0 0 0 0 0 0 0 0 0 0
421 2176 (Binder:421_F) S 1 421 0 0 -1 1077936192 1470 0 1704 0 1011 1190 0 0 20 0 27 0 222560643 100147200 1234 18446744073709551615 1 1 0 0 0 0 0 4096 1073775864 0 0 0 -1 1 0 0 0 0 0 0 0 0 0 0 0 0 0
421 22281 (Binder:421_A) S 1 421 0 0 -1 1077936192 1359 0 1690 0 944 1158 0 0 20 0 27 0 12975899 100147200 1234 18446744073709551615 1 1 0 0 0 0 0 4096 1073775864 0 0 0 -1 2 0 0 0 0 0 0 0 0 0 0 0 0 0
421 2304 (Binder:421_10) S 1 421 0 0 -1 1077936192 1033 0 1300 0 1137 1321 0 0 20 0 27 0 222563395 100147200 1234 18446744073709551615 1 1 0 0 0 0 0 4096 1073775864 0 0 0 -1 2 0 0 0 0 0 0 0 0 0 0 0 0 0
421 2961 (Binder:421_C) S 1 421 0 0 -1 1077936192 947 0 1462 0 786 953 0 0 20 0 27 0 64815230 100147200 1234 18446744073709551615 1 1 0 0 0 0 0 4096 1073775864 0 0 0 -1 2 0 0 0 0 0 0 0 0 0 0 0 0 0
421 30043 (HwBinder:421_3) S 1 421 0 0 -1 1077936192 12 0 11 0 0 0 0 0 20 0 27 0 253212263 100147200 1234 18446744073709551615 1 1 0 0 0 0 0 4096 1073775864 0 0 0 -1 2 0 0 0 0 0 0 0 0 0 0 0 0 0
421 4158 (Binder:421_6) S 1 421 0 0 -1 1077936192 2072 0 2751 0 1058 1244 0 0 20 0 27 0 8659 100147200 1234 18446744073709551615 1 1 0 0 0 0 0 4096 1073775864 0 0 0 -1 2 0 0 0 0 0 0 0 0 0 0 0 0 0
421 421 (audioserver) S 1 421 0 0 -1 1077936384 4933 0 1887 0 1020 1209 0 0 20 0 27 0 859 100147200 1234 18446744073709551615 1 1 0 0 0 0 0 4096 1073775864 0 0 0 17 2 0 0 0 0 0 0 0 0 0 0 0 0 0
421 465 (DeviceEffectMan) S 1 421 0 0 -1 1077936192 40 0 67 0 0 0 0 0 4 -16 27 0 888 100147200 1234 18446744073709551615 1 1 0 0 0 0 0 4096 1073775864 0 0 0 -1 3 0 0 0 0 0 0 0 0 0 0 0 0 0
421 473 (HwBinder:421_1) S 1 421 0 0 -1 1077936192 10 0 8 0 0 0 0 0 20 0 27 0 894 100147200 1234 18446744073709551615 1 1 0 0 0 0 0 4096 1073775864 0 0 0 -1 3 0 0 0 0 0 0 0 0 0 0 0 0 0
421 474 (HwBinder:421_2) S 1 421 0 0 -1 1077936192 30 0 34 0 0 0 0 0 20 0 27 0 894 100147200 1234 18446744073709551615 1 1 0 0 0 0 0 4096 1073775864 0 0 0 -1 3 0 0 0 0 0 0 0 0 0 0 0 0 0
421 6116 (Binder:421_7) S 1 421 0 0 -1 1077936192 1859 0 2424 0 1062 1257 0 0 20 0 27 0 13799 100147200 1234 18446744073709551615 1 1 0 0 0 0 0 4096 1073775864 0 0 0 -1 2 0 0 0 0 0 0 0 0 0 0 0 0 0
421 626 (ApmAudio) S 1 421 0 0 -1 1077936192 220 0 410 0 8 9 0 0 4 -16 27 0 1188 100147200 1234 18446744073709551615 1 1 0 0 0 0 0 4096 1073775864 0 0 0 -1 1 0 0 0 0 0 0 0 0 0 0 0 0 0
421 627 (ApmOutput) S 1 421 0 0 -1 1077936192 1510 0 663 0 1748 686 0 0 4 -16 27 0 1188 100147200 1234 18446744073709551615 1 1 0 0 0 0 0 4096 1073775864 0 0 0 -1 2 0 0 0 0 0 0 0 0 0 0 0 0 0
421 652 (Binder:421_1) S 1 421 0 0 -1 1077936192 1796 0 1886 0 1019 1168 0 0 20 0 27 0 1212 100147200 1234 18446744073709551615 1 1 0 0 0 0 0 4096 1073775864 0 0 0 -1 2 0 0 0 0 0 0 0 0 0 0 0 0 0
421 653 (Binder:421_2) S 1 421 0 0 -1 1077936192 1306 0 1687 0 990 1250 0 0 20 0 27 0 1212 100147200 1234 18446744073709551615 1 1 0 0 0 0 0 4096 1073775864 0 0 0 -1 2 0 0 0 0 0 0 0 0 0 0 0 0 0
421 683 (AudioOut_D) S 1 421 0 0 -1 1077936192 161471 0 4533 0 1163899 1346456 0 0 1 -19 27 0 1276 100147200 1234 18446744073709551615 1 1 0 0 0 0 0 4096 1073775864 0 0 0 -1 2 0 0 0 0 0 0 0 0 0 0 0 0 0
421 688 (FastMixer) S 1 421 0 0 -1 1077936192 1 0 0 0 0 0 0 0 -4 -19 27 0 1294 100147200 1234 18446744073709551615 1 1 0 0 0 0 0 4096 1073775864 0 0 0 -1 3 3 1 0 0 0 0 0 0 0 0 0 0 0
421 689 (AudioOut_15) S 1 421 0 0 -1 1077936192 999 0 1903 0 321 319 0 0 1 -19 27 0 1294 100147200 1234 18446744073709551615 1 1 0 0 0 0 0 4096 1073775864 0 0 0 -1 0 0 0 0 0 0 0 0 0 0 0 0 0 0
421 7056 (Binder:421_D) S 1 421 0 0 -1 1077936192 814 0 717 0 886 993 0 0 20 0 27 0 200307787 100147200 1234 18446744073709551615 1 1 0 0 0 0 0 4096 1073775864 0 0 0 -1 2 0 0 0 0 0 0 0 0 0 0 0 0 0
421 773 (Binder:421_3) S 1 421 0 0 -1 1077936192 1458 0 1592 0 975 1157 0 0 20 0 27 0 3007 100147200 1234 18446744073709551615 1 1 0 0 0 0 0 4096 1073775864 0 0 0 -1 2 0 0 0 0 0 0 0 0 0 0 0 0 0
421 776 (TimeCheckThread) S 1 421 0 0 -1 1077936192 37 0 42 0 768 2303 0 0 1 -19 27 0 3060 100147200 1234 18446744073709551615 1 1 0 0 0 0 0 4096 1073775864 0 0 0 -1 3 0 0 0 0 0 0 0 0 0 0 0 0 0
388 12955 (HwBinder:388_6) S 1 388 0 0 -1 1077952832 6467 0 832 0 4921 5618 0 0 20 0 14 0 254106422 87240704 723 18446744073709551615 1 1 0 0 0 0 0 0 1073775864 0 0 0 -1 1 0 0 0 0 0 0 0 0 0 0 0 0 0
388 1757 (HwBinder:388_3) S 1 388 0 0 -1 1077936448 13081 0 1118 0 19 18 0 0 20 0 14 0 6213 87240704 723 18446744073709551615 1 1 0 0 0 0 0 0 1073775864 0 0 0 -1 3 0 0 0 0 0 0 0 0 0 0 0 0 0
388 2240 (HwBinder:388_4) S 1 388 0 0 -1 1077952832 26807 0 2265 0 5980 7342 0 0 20 0 14 0 6658 87240704 723 18446744073709551615 1 1 0 0 0 0 0 0 1073775864 0 0 0 -1 0 0 0 0 0 0 0 0 0 0 0 0 0 0
388 388 (audio.service) S 1 388 0 0 -1 1077936384 16343 0 785 0 5841 6791 0 0 20 0 14 0 838 87240704 723 18446744073709551615 1 1 0 0 0 0 0 0 1073775864 0 0 0 17 3 0 0 0 0 0 0 0 0 0 0 0 0 0
388 406 (Binder:388_1) S 1 388 0 0 -1 1077936192 12 0 0 0 0 0 0 0 20 0 14 0 853 87240704 723 18446744073709551615 1 1 0 0 0 0 0 0 1073775864 0 0 0 -1 0 0 0 0 0 0 0 0 0 0 0 0 0 0
388 412 (Binder:388_2) S 1 388 0 0 -1 1077936192 2 0 0 0 0 0 0 0 20 0 14 0 856 87240704 723 18446744073709551615 1 1 0 0 0 0 0 0 1073775864 0 0 0 -1 0 0 0 0 0 0 0 0 0 0 0 0 0 0
388 436 (HwBinder:388_1) S 1 388 0 0 -1 1077936192 18248 0 971 0 2537 3281 0 0 20 0 14 0 869 87240704 723 18446744073709551615 1 1 0 0 0 0 0 0 1073775864 0 0 0 -1 3 0 0 0 0 0 0 0 0 0 0 0 0 0
388 437 (HwBinder:388_2) S 1 388 0 0 -1 1077952832 13506 0 2685 0 2653 3316 0 0 20 0 14 0 869 87240704 723 18446744073709551615 1 1 0 0 0 0 0 0 1073775864 0 0 0 -1 3 0 0 0 0 0 0 0 0 0 0 0 0 0
388 668 (audio.service) S 1 388 0 0 -1 1077936192 0 0 0 0 0 0 0 0 20 0 14 0 1231 87240704 723 18446744073709551615 1 1 0 0 0 0 0 0 1073775864 0 0 0 -1 2 0 0 0 0 0 0 0 0 0 0 0 0 0
388 679 (MS12ConfigThrea) S 1 388 0 0 -1 1077936192 1 0 0 0 0 0 0 0 -3 -19 14 0 1269 87240704 723 18446744073709551615 1 1 0 0 0 0 0 0 1073775864 0 0 0 -1 3 2 1 0 0 0 0 0 0 0 0 0 0 0
388 680 (audio.service) S 1 388 0 0 -1 1077936192 269 0 638 0 1 13 0 0 20 0 14 0 1271 87240704 723 18446744073709551615 1 1 0 0 0 0 0 0 1073775864 0 0 0 -1 1 0 0 0 0 0 0 0 0 0 0 0 0 0
388 687 (MixerThread) S 1 388 0 0 -1 1077936192 1 0 0 0 0 0 0 0 1 -19 14 0 1292 87240704 723 18446744073709551615 1 1 0 0 0 0 0 0 1073775864 0 0 0 -1 3 0 0 0 0 0 0 0 0 0 0 0 0 0
388 783 (writer) R 1 388 0 0 -1 4194624 1275 0 1164 0 1538224 1313075 0 0 1 -19 14 0 3095 87240704 723 18446744073709551615 1 1 0 0 0 0 0 0 1073775864 0 0 0 -1 0 0 0 0 0 0 0 0 0 0 0 0 0 0
388 9833 (HwBinder:388_5) S 1 388 0 0 -1 1077952832 47570 0 4912 0 6619 7888 0 0 20 0 14 0 22494 87240704 723 18446744073709551615 1 1 0 0 0 0 0 0 1073775864 0 0 0 -1 2 0 0 0 0 0 0 0 0 0 0 0 0 0
1951 1951 (.deathride.perf) S 333 333 0 0 -1 1077936448 11444 0 822 0 763 384 0 0 10 -10 59 0 271484936 1539682304 44549 18446744073709551615 1 1 0 0 0 0 4612 1 1073775864 0 0 0 17 0 0 0 0 0 0 0 0 0 0 0 0 0 0
1951 1963 (Signal Catcher) S 333 333 0 0 -1 1077936192 58 0 0 0 0 0 0 0 12 -8 59 0 271484946 1539682304 44552 18446744073709551615 1 1 0 0 0 0 4096 1 1073775864 0 0 0 -1 3 0 0 0 0 0 0 0 0 0 0 0 0 0
1951 1964 (perfetto_hprof_) S 333 333 0 0 -1 4194368 11 0 0 0 0 0 0 0 0 -20 59 0 271484947 1539702784 44553 18446744073709551615 1 1 0 0 0 0 4612 1 1073775864 0 0 0 -1 0 0 0 0 0 0 0 0 0 0 0 0 0 0
1951 1965 (ADB-JDWP Connec) S 333 333 0 0 -1 4194368 9 0 2 0 0 0 0 0 0 -20 59 0 271484947 1539702784 44553 18446744073709551615 1 1 0 0 0 0 4612 1 1073775864 0 0 0 -1 1 0 0 0 0 0 0 0 0 0 0 0 0 0
1951 1966 (Jit thread pool) S 333 333 0 0 -1 1077936192 103714 0 682 0 601 138 0 0 20 0 59 0 271484947 1539702784 44553 18446744073709551615 1 1 0 0 0 0 4612 1 1073775864 0 0 0 -1 3 0 0 0 0 0 0 0 0 0 0 0 0 0
1951 1967 (HeapTaskDaemon) S 333 333 0 0 -1 1077936192 20164 0 24 0 265 65 0 0 24 4 59 0 271484947 1539682304 44553 18446744073709551615 1 1 0 0 0 0 4612 1 1073775864 0 0 0 -1 3 0 0 0 0 0 0 0 0 0 0 0 0 0
1951 1968 (ReferenceQueueD) S 333 333 0 0 -1 1077936192 9 0 1 0 16 0 0 0 24 4 59 0 271484947 1539682304 44556 18446744073709551615 1 1 0 0 0 0 4612 1 1073775864 0 0 0 -1 3 0 0 0 0 0 0 0 0 0 0 0 0 0
1951 1969 (FinalizerDaemon) S 333 333 0 0 -1 1077936192 80 0 0 0 1 1 0 0 24 4 59 0 271484947 1539682304 44556 18446744073709551615 1 1 0 0 0 0 4612 1 1073775864 0 0 0 -1 1 0 0 0 0 0 0 0 0 0 0 0 0 0
1951 1970 (FinalizerWatchd) S 333 333 0 0 -1 1077936192 6 0 0 0 0 0 0 0 24 4 59 0 271484947 1539682304 44557 18446744073709551615 1 1 0 0 0 0 4612 1 1073775864 0 0 0 -1 1 0 0 0 0 0 0 0 0 0 0 0 0 0
1951 1971 (Binder:1951_1) S 333 333 0 0 -1 1077936192 17 0 0 0 0 1 0 0 20 0 59 0 271484948 1539690496 44557 18446744073709551615 1 1 0 0 0 0 4612 1 1073775864 0 0 0 -1 1 0 0 0 0 0 0 0 0 0 0 0 0 0
1951 1973 (Binder:1951_2) S 333 333 0 0 -1 1077936192 100 0 1 0 0 1 0 0 20 0 59 0 271484948 1539682304 44557 18446744073709551615 1 1 0 0 0 0 4612 1 1073775864 0 0 0 -1 1 0 0 0 0 0 0 0 0 0 0 0 0 0
1951 1974 (Binder:1951_3) S 333 333 0 0 -1 1077936192 43 0 1 0 0 2 0 0 20 0 59 0 271484950 1539682304 44557 18446744073709551615 1 1 0 0 0 0 4612 1 1073775864 0 0 0 -1 1 0 0 0 0 0 0 0 0 0 0 0 0 0
1951 1979 (Profile Saver) S 333 333 0 0 -1 1077936192 2974 0 0 0 51 5 0 0 29 9 59 0 271485003 1539682304 44561 18446744073709551615 1 1 0 0 0 0 4612 1 1073775864 0 0 0 -1 3 0 0 0 0 0 0 0 0 0 0 0 0 0
1951 1980 (RenderThread) S 333 333 0 0 -1 1077936192 623 0 21 0 3 2 0 0 10 -10 59 0 271485008 1539682304 44561 18446744073709551615 1 1 0 0 0 0 4612 1 1073775864 0 0 0 -1 3 0 0 0 0 0 0 0 0 0 0 0 0 0
1951 1993 (deathride-cours) S 333 333 0 0 -1 1077936192 7375 0 2 0 841 9 0 0 33 13 59 0 271485106 1539682304 44562 18446744073709551615 1 1 0 0 0 0 4612 1 1073775864 0 0 0 -1 1 0 0 0 0 0 0 0 0 0 0 0 0 0
1951 2000 (AmazonAccMgrCal) S 333 333 0 0 -1 1077936192 6 0 0 0 0 0 0 0 30 10 59 0 271485148 1539682304 44562 18446744073709551615 1 1 0 0 0 0 4612 1 1073775864 0 0 0 -1 1 0 0 0 0 0 0 0 0 0 0 0 0 0
1951 2007 (GLThread 50438) S 333 333 0 0 -1 1077936192 326384 0 84 0 17551 2806 0 0 16 -4 59 0 271485150 1539682304 44562 18446744073709551615 1 1 0 0 0 0 4612 1 1073775864 0 0 0 -1 3 0 0 0 0 0 0 0 0 0 0 0 0 0
1951 2010 (Binder:PerfStat) S 333 333 0 0 -1 1077936192 13 0 0 0 0 0 0 0 30 10 59 0 271485158 1539682304 44562 18446744073709551615 1 1 0 0 0 0 4612 1 1073775864 0 0 0 -1 1 0 0 0 0 0 0 0 0 0 0 0 0 0
1951 2013 (hwuiTask0) S 333 333 0 0 -1 1077936192 5 0 0 0 0 0 0 0 18 -2 59 0 271485167 1539682304 44565 18446744073709551615 1 1 0 0 0 0 4612 1 1073775864 0 0 0 -1 0 0 0 0 0 0 0 0 0 0 0 0 0 0
1951 2014 (hwuiTask1) S 333 333 0 0 -1 1077936192 7 0 0 0 0 0 0 0 18 -2 59 0 271485167 1539702784 44566 18446744073709551615 1 1 0 0 0 0 4612 1 1073775864 0 0 0 -1 0 0 0 0 0 0 0 0 0 0 0 0 0 0
1951 2018 (RenderThread) S 333 333 0 0 -1 1077936192 256 0 0 0 437 513 0 0 10 -10 59 0 271485170 1539682304 44566 18446744073709551615 1 1 0 0 0 0 4612 1 1073775864 0 0 0 -1 2 0 0 0 0 0 0 0 0 0 0 0 0 0
1951 2068 (CCodecWatchdog) S 333 333 0 0 -1 1077936192 1 0 0 0 0 0 0 0 20 0 59 0 271485237 1539690496 44566 18446744073709551615 1 1 0 0 0 0 4612 1 1073775864 0 0 0 -1 3 0 0 0 0 0 0 0 0 0 0 0 0 0
1951 2069 (NDK MediaCodec_) S 333 333 0 0 -1 1077936192 9 0 0 0 0 0 0 0 4 -16 59 0 271485239 1539682304 44566 18446744073709551615 1 1 0 0 0 0 4612 1 1073775864 0 0 0 -1 0 0 0 0 0 0 0 0 0 0 0 0 0 0
1951 2070 (NDK MediaCodec_) S 333 333 0 0 -1 1077936192 1 0 0 0 0 0 0 0 4 -16 59 0 271485239 1539682304 44569 18446744073709551615 1 1 0 0 0 0 4612 1 1073775864 0 0 0 -1 3 0 0 0 0 0 0 0 0 0 0 0 0 0
1951 2071 (HwBinder:1951_1) S 333 333 0 0 -1 1077936192 112 0 0 0 1 4 0 0 10 -10 59 0 271485239 1539682304 44569 18446744073709551615 1 1 0 0 0 0 4612 1 1073775864 0 0 0 -1 0 0 0 0 0 0 0 0 0 0 0 0 0 0
1951 2081 (Binder:1951_4) S 333 333 0 0 -1 1077936192 6 0 0 0 0 0 0 0 20 0 59 0 271485255 1539682304 44571 18446744073709551615 1 1 0 0 0 0 4612 1 1073775864 0 0 0 -1 1 0 0 0 0 0 0 0 0 0 0 0 0 0
1951 2125 (Binder:1951_5) S 333 333 0 0 -1 1077936192 4 0 0 0 1 0 0 0 20 0 59 0 271485276 1539682304 44571 18446744073709551615 1 1 0 0 0 0 4612 1 1073775864 0 0 0 -1 0 0 0 0 0 0 0 0 0 0 0 0 0 0
1951 2138 (deathride-profi) S 333 333 0 0 -1 1077936192 6199 0 2 0 111 19 0 0 33 13 59 0 271485287 1539702784 44571 18446744073709551615 1 1 0 0 0 0 4612 1 1073775864 0 0 0 -1 1 0 0 0 0 0 0 0 0 0 0 0 0 0
1951 2181 (Binder:1951_6) S 333 333 0 0 -1 1077936192 7 0 0 0 0 0 0 0 20 0 59 0 271485309 1539702784 44574 18446744073709551615 1 1 0 0 0 0 4612 1 1073775864 0 0 0 -1 3 0 0 0 0 0 0 0 0 0 0 0 0 0
1951 2183 (Binder:1951_7) S 333 333 0 0 -1 1077936192 3 0 0 0 0 1 0 0 20 0 59 0 271485309 1539702784 44574 18446744073709551615 1 1 0 0 0 0 4612 1 1073775864 0 0 0 -1 2 0 0 0 0 0 0 0 0 0 0 0 0 0
1951 2233 (deathride-link-) S 333 333 0 0 -1 1077936192 321 0 0 0 17 6 0 0 33 13 59 0 271485341 1539702784 44575 18446744073709551615 1 1 0 0 0 0 4612 1 1073775864 0 0 0 -1 1 0 0 0 0 0 0 0 0 0 0 0 0 0
1951 2259 (DefaultDispatch) S 333 333 0 0 -1 1077936192 8180 0 16 0 706 190 0 0 33 13 59 0 271485355 1539682304 44575 18446744073709551615 1 1 0 0 0 0 4612 1 1073775864 0 0 0 -1 0 0 0 0 0 0 0 0 0 0 0 0 0 0
1951 2261 (DefaultDispatch) S 333 333 0 0 -1 1077936192 61437 0 5 0 2090 223 0 0 33 13 59 0 271485355 1539682304 44575 18446744073709551615 1 1 0 0 0 0 4612 1 1073775864 0 0 0 -1 0 0 0 0 0 0 0 0 0 0 0 0 0 0
1951 2264 (DefaultDispatch) S 333 333 0 0 -1 4194368 8734 0 3 0 771 194 0 0 33 13 59 0 271485355 1539682304 44575 18446744073709551615 1 1 0 0 0 0 4612 1 1073775864 0 0 0 -1 2 0 0 0 0 0 0 0 0 0 0 0 0 0
1951 2328 (DefaultExecutor) S 333 333 0 0 -1 1077936192 157 0 0 0 73 45 0 0 33 13 59 0 271485435 1539702784 44578 18446744073709551615 1 1 0 0 0 0 4612 1 1073775864 0 0 0 -1 1 0 0 0 0 0 0 0 0 0 0 0 0 0
1951 2367 (DefaultDispatch) S 333 333 0 0 -1 1077936192 6700 0 1 0 684 180 0 0 33 13 59 0 271485531 1539690496 44578 18446744073709551615 1 1 0 0 0 0 4612 1 1073775864 0 0 0 -1 0 0 0 0 0 0 0 0 0 0 0 0 0 0
1951 2368 (DefaultDispatch) S 333 333 0 0 -1 1077936192 8556 0 0 0 720 192 0 0 33 13 59 0 271485531 1539682304 44579 18446744073709551615 1 1 0 0 0 0 4612 1 1073775864 0 0 0 -1 1 0 0 0 0 0 0 0 0 0 0 0 0 0
1951 2369 (DefaultDispatch) S 333 333 0 0 -1 1077936192 7409 0 3 0 716 184 0 0 33 13 59 0 271485531 1539682304 44579 18446744073709551615 1 1 0 0 0 0 4612 1 1073775864 0 0 0 -1 3 0 0 0 0 0 0 0 0 0 0 0 0 0
1951 2378 (DefaultDispatch) S 333 333 0 0 -1 1077936192 6646 0 2 0 666 188 0 0 33 13 59 0 271485725 1539702784 44579 18446744073709551615 1 1 0 0 0 0 4612 1 1073775864 0 0 0 -1 2 0 0 0 0 0 0 0 0 0 0 0 0 0
1951 2379 (DefaultDispatch) S 333 333 0 0 -1 1077936192 7748 0 2 0 733 200 0 0 33 13 59 0 271485725 1539682304 44579 18446744073709551615 1 1 0 0 0 0 4612 1 1073775864 0 0 0 -1 0 0 0 0 0 0 0 0 0 0 0 0 0 0
1951 3041 (DefaultDispatch) S 333 333 0 0 -1 1077936192 7095 0 1 0 654 181 0 0 33 13 59 0 271489030 1539682304 44582 18446744073709551615 1 1 0 0 0 0 4612 1 1073775864 0 0 0 -1 2 0 0 0 0 0 0 0 0 0 0 0 0 0
1951 3042 (DefaultDispatch) S 333 333 0 0 -1 1077936192 8075 0 0 0 690 189 0 0 33 13 59 0 271489030 1539682304 44582 18446744073709551615 1 1 0 0 0 0 4612 1 1073775864 0 0 0 -1 2 0 0 0 0 0 0 0 0 0 0 0 0 0
1951 3051 (DeathRideAudio) S 333 333 0 0 -1 1077936192 1315 0 2 0 422 1415 0 0 20 0 59 0 271489168 1539682304 44584 18446744073709551615 1 1 0 0 0 0 4612 1 1073775864 0 0 0 -1 2 0 0 0 0 0 0 0 0 0 0 0 0 0
1951 3053 (DefaultDispatch) S 333 333 0 0 -1 1077936192 8703 0 0 0 699 170 0 0 33 13 59 0 271489173 1539690496 44584 18446744073709551615 1 1 0 0 0 0 4612 1 1073775864 0 0 0 -1 1 0 0 0 0 0 0 0 0 0 0 0 0 0
1951 3055 (DefaultDispatch) S 333 333 0 0 -1 1077936192 5748 0 0 0 613 190 0 0 33 13 59 0 271489194 1539702784 44584 18446744073709551615 1 1 0 0 0 0 4612 1 1073775864 0 0 0 -1 3 0 0 0 0 0 0 0 0 0 0 0 0 0
1951 3057 (DefaultDispatch) S 333 333 0 0 -1 1077936192 9031 0 0 0 738 179 0 0 33 13 59 0 271489229 1539682304 44584 18446744073709551615 1 1 0 0 0 0 4612 1 1073775864 0 0 0 -1 2 0 0 0 0 0 0 0 0 0 0 0 0 0
1951 3155 (DefaultDispatch) S 333 333 0 0 -1 1077936192 6358 0 0 0 600 172 0 0 33 13 59 0 271491277 1539702784 44587 18446744073709551615 1 1 0 0 0 0 4612 1 1073775864 0 0 0 -1 1 0 0 0 0 0 0 0 0 0 0 0 0 0
1951 3306 (DefaultDispatch) S 333 333 0 0 -1 1077936192 5061 0 0 0 479 151 0 0 33 13 59 0 271495628 1539682304 44587 18446744073709551615 1 1 0 0 0 0 4612 1 1073775864 0 0 0 -1 0 0 0 0 0 0 0 0 0 0 0 0 0 0
1951 3307 (DefaultDispatch) S 333 333 0 0 -1 1077936192 6438 0 0 0 557 133 0 0 33 13 59 0 271495628 1539682304 44588 18446744073709551615 1 1 0 0 0 0 4612 1 1073775864 0 0 0 -1 0 0 0 0 0 0 0 0 0 0 0 0 0 0
1951 3309 (DefaultDispatch) S 333 333 0 0 -1 1077936192 6092 0 0 0 523 138 0 0 33 13 59 0 271495629 1539682304 44588 18446744073709551615 1 1 0 0 0 0 4612 1 1073775864 0 0 0 -1 0 0 0 0 0 0 0 0 0 0 0 0 0 0
1951 3931 (AudioTrack) S 333 333 0 0 -1 1077936192 4 0 0 0 0 0 0 0 4 -16 59 0 271519886 1539702784 44588 18446744073709551615 1 1 0 0 0 0 4612 1 1073775864 0 0 0 -1 2 0 0 0 0 0 0 0 0 0 0 0 0 0
1951 3953 (Binder:1951_8) S 333 333 0 0 -1 1077936192 4 0 0 0 0 0 0 0 20 0 59 0 271520389 1539690496 44591 18446744073709551615 1 1 0 0 0 0 4612 1 1073775864 0 0 0 -1 2 0 0 0 0 0 0 0 0 0 0 0 0 0
1951 3959 (AudioTrack) S 333 333 0 0 -1 1077936192 5 0 0 0 0 0 0 0 4 -16 59 0 271520563 1539682304 44591 18446744073709551615 1 1 0 0 0 0 4612 1 1073775864 0 0 0 -1 3 0 0 0 0 0 0 0 0 0 0 0 0 0
1951 4039 (AudioTrack) S 333 333 0 0 -1 1077936192 4 0 0 0 0 0 0 0 4 -16 59 0 271522430 1539682304 44592 18446744073709551615 1 1 0 0 0 0 4612 1 1073775864 0 0 0 -1 1 0 0 0 0 0 0 0 0 0 0 0 0 0
1951 4058 (AudioTrack) S 333 333 0 0 -1 1077936192 5 0 0 0 0 0 0 0 4 -16 59 0 271523202 1539682304 44592 18446744073709551615 1 1 0 0 0 0 4612 1 1073775864 0 0 0 -1 2 0 0 0 0 0 0 0 0 0 0 0 0 0
1951 4099 (AudioTrack) S 333 333 0 0 -1 1077936192 5 0 0 0 0 0 0 0 4 -16 59 0 271525647 1539682304 44592 18446744073709551615 1 1 0 0 0 0 4612 1 1073775864 0 0 0 -1 1 0 0 0 0 0 0 0 0 0 0 0 0 0
1951 4101 (AudioTrack) S 333 333 0 0 -1 1077936192 4 0 0 0 0 0 0 0 4 -16 59 0 271525669 1539682304 44592 18446744073709551615 1 1 0 0 0 0 4612 1 1073775864 0 0 0 -1 2 0 0 0 0 0 0 0 0 0 0 0 0 0
1951 4104 (AudioTrack) S 333 333 0 0 -1 1077936192 5 0 0 0 0 0 0 0 4 -16 59 0 271525781 1539682304 44593 18446744073709551615 1 1 0 0 0 0 4612 1 1073775864 0 0 0 -1 1 0 0 0 0 0 0 0 0 0 0 0 0 0
1951 4106 (AudioTrack) S 333 333 0 0 -1 1077936192 5 0 0 0 0 0 0 0 4 -16 59 0 271525884 1539682304 44596 18446744073709551615 1 1 0 0 0 0 4612 1 1073775864 0 0 0 -1 0 0 0 0 0 0 0 0 0 0 0 0 0 0
==schedstat
421 12715 22737947506 19924730615 268460
421 13139 25560687526 23369720639 305536
421 1497 22520531562 20226116718 267353
421 1755 20306956646 17836390968 237038
421 20227 23827560944 22065619321 291063
421 2098 22764903370 19034042874 284504
421 2176 22020132224 17982857463 262645
421 22281 21034887795 19886388929 256756
421 2304 24598256878 19355582184 291434
421 2961 17399900685 16577579801 215147
421 30043 2200073 176156 19
421 4158 23023053067 20078451586 267920
421 421 22300845235 20124182673 267591
421 465 3817386 3586000 26
421 473 700538 23077 3
421 474 5513311 1148228 59
421 6116 23203665662 20628813402 282947
421 626 176728151 60724926 2277
421 627 24343659464 4754216594 81912
421 652 21872994612 19878260422 255837
421 653 22415910887 20782228217 268284
421 683 25104506686398 2809267961651 950117395
421 688 116308 0 1
421 689 6414897203 3075059269 81582
421 7056 18799211563 15109657927 225576
421 773 21335406671 18306356221 260251
421 776 30717450347 8797937679 1411018
388 12955 105400353871 29222529898 598565
388 1757 377073144 341846247 2049
388 2240 133229932894 70650413344 737650
388 388 126335557063 36247760457 723243
388 406 467692 30257231 2
388 412 105231 27846 1
388 436 58188772131 50466912943 316935
388 437 59702425187 50572692767 322256
388 668 103846 7787616 1
388 679 171539 71769 1
388 680 147145386 27965081 525
388 687 117308 219846 2
388 783 28514159339149 2715783348461 948100208
388 9833 145082839085 47471149183 833806
1951 1951 11524084692 8315307705 33795
1951 1963 1044462 27461 3
1951 1964 480385 0 1
1951 1965 674077 0 1
1951 1966 7398602980 2561285162 21685
1951 1967 3314425621 1497266375 10412
1951 1968 168751631 133941526 598
1951 1969 25914070 1279690 77
1951 1970 3134542 12245153 60
1951 1971 25714923 70581987 504
1951 1973 27044222 60828396 382
1951 1974 28906929 67943381 567
1951 1979 569221070 377488612 2837
1951 1980 65910313 31239538 111
1951 1993 8509709265 1429850142 5470
1951 2000 992461 4104769 1
1951 2007 204365180486 33711188372 594504
1951 2010 2164615 235769 3
1951 2013 912846 315846 2
1951 2014 406461 1051692 1
1951 2018 9547090759 1429120864 56662
1951 2068 314847 5408077 3
1951 2069 7480694 14348542 80
1951 2070 1012540 2995846 11
1951 2071 56767847 53366695 500
1951 2081 9921611 33363230 210
1951 2125 15551160 37667235 339
1951 2138 1308529966 906236577 11427
1951 2181 5840237 7126308 126
1951 2183 17010308 45929157 364
1951 2233 244000607 244602237 1201
1951 2259 8969971104 21421022604 72968
1951 2261 23140002947 21353568050 77052
1951 2264 9662702743 21657525128 73961
1951 2328 1182333314 3258670587 16094
1951 2367 8648392682 20773590955 71749
1951 2368 9123754384 20752213819 74240
1951 2369 9006392686 21269450115 74287
1951 2378 8546356404 20592661144 71610
1951 2379 9345718199 20965884585 74924
1951 3041 8357038738 20327476737 73008
1951 3042 8795614947 20727230820 71755
1951 3051 18389281216 8783793819 91893
1951 3053 8702549163 19933512841 66855
1951 3055 8044926605 20674868611 71414
1951 3057 9184077387 20065570026 67003
1951 3155 7727561084 18431893181 65766
1951 3306 6303145100 15578428605 55128
1951 3307 6909948990 15703263225 54160
1951 3309 6625591929 15449493704 54371
1951 3931 3227465 1838844 74
1951 3953 985925 532308 10
1951 3959 615232 3076 6
1951 4039 693307 695999 18
1951 4058 4540382 3946154 141
1951 4099 833310 1623998 43
1951 4101 673001 5654616 12
1951 4104 845005 3331612 31
1951 4106 873004 7278842 43
==net
Inter-|   Receive                                                |  Transmit
 face |bytes    packets errs drop fifo frame compressed multicast|bytes    packets errs drop fifo colls carrier compressed
    lo: 5113855  132505    0    0    0     0          0         0  5113855  132505    0    0    0     0       0          0
dummy0:       0       0    0    0    0     0          0         0   167477    1109    0    0    0     0       0          0
  ifb0:       0       0    0    0    0     0          0         0        0       0    0    0    0     0       0          0
  ifb1:       0       0    0    0    0     0          0         0        0       0    0    0    0     0       0          0
 tunl0:       0       0    0    0    0     0          0         0        0       0    0    0    0     0       0          0
  gre0:       0       0    0    0    0     0          0         0        0       0    0    0    0     0       0          0
gretap0:       0       0    0    0    0     0          0         0        0       0    0    0    0     0       0          0
erspan0:       0       0    0    0    0     0          0         0        0       0    0    0    0     0       0          0
ip_vti0:       0       0    0    0    0     0          0         0        0       0    0    0    0     0       0          0
ip6_vti0:       0       0    0    0    0     0          0         0        0       0    0    0    0     0       0          0
  sit0:       0       0    0    0    0     0          0         0        0       0    0    0    0     0       0          0
ip6tnl0:       0       0    0    0    0     0          0         0        0       0    0    0    0     0       0          0
ip6gre0:       0       0    0    0    0     0          0         0        0       0    0    0    0     0       0          0
 wlan0: 5059338976 9594102    0    0    0     0          0         0 16311194119 15718497   18    0    0     0       0          0
  p2p0:       0       0    0    0    0     0          0         0        0       0    0    0    0     0       0          0
   ap0:       0       0    0    0    0     0          0         0        0       0    0    0    0     0       0          0
==uptime
2715271.92 9925918.70
