695 1000 (GraphicsStats-d) S 333 333 0 0 -1 1077936448 2608 460122 2862 226 46 241 1248 2263 30 10 309 0 5680 2213097472 32156 18446744073709551615 1 1 0 0 0 0 4612 1 1073775864 0 0 0 -1 0 0 0 0 0 0 0 0 0 0 0 0 0 0
695 10009 (LogRetentionJob) S 333 333 0 0 -1 1077936192 13 460122 6 226 0 0 1248 2263 20 0 309 0 268025958 2213097472 32156 18446744073709551615 1 1 0 0 0 0 4612 1 1073775864 0 0 0 -1 3 0 0 0 0 0 0 0 0 0 0 0 0 0
695 1002 (BlobStore) S 333 333 0 0 -1 1077936192 238 460122 20 226 2 8 1248 2263 20 0 309 0 5681 2213097472 32156 18446744073709551615 1 1 0 0 0 0 4612 1 1073775864 0 0 0 -1 1 0 0 0 0 0 0 0 0 0 0 0 0 0
695 1003 (SessionRecordTh) S 333 333 0 0 -1 1077936192 116 460122 330 226 0 12 1248 2263 20 0 309 0 5681 2213097472 32156 18446744073709551615 1 1 0 0 0 0 4612 1 1073775864 0 0 0 -1 3 0 0 0 0 0 0 0 0 0 0 0 0 0
695 1004 (Hdmi Control Io) S 333 333 0 0 -1 1077936192 1443 460122 159 226 37 35 1248 2263 20 0 309 0 5681 2213097472 32156 18446744073709551615 1 1 0 0 0 0 4612 1 1073775864 0 0 0 -1 0 0 0 0 0 0 0 0 0 0 0 0 0 0
695 1005 (SliceManagerSer) S 333 333 0 0 -1 1077936192 297 460122 66 226 1 0 1248 2263 30 10 309 0 5685 2213097472 32156 18446744073709551615 1 1 0 0 0 0 4612 1 1073775864 0 0 0 -1 1 0 0 0 0 0 0 0 0 0 0 0 0 0
695 1006 (StatsCompanionS) S 333 333 0 0 -1 1077936192 5 460122 0 226 0 0 1248 2263 20 0 309 0 5686 2213097472 32156 18446744073709551615 1 1 0 0 0 0 4612 1 1073775864 0 0 0 -1 3 0 0 0 0 0 0 0 0 0 0 0 0 0
695 1012 (FireTvDeepLinkS) S 333 333 0 0 -1 1077936192 5 460122 0 226 0 0 1248 2263 25 5 309 0 5704 2213097472 32156 18446744073709551615 1 1 0 0 0 0 4612 1 1073775864 0 0 0 -1 2 0 0 0 0 0 0 0 0 0 0 0 0 0
695 10124 (LogRetentionJob) S 333 333 0 0 -1 1077936192 10 460122 0 226 0 0 1248 2263 20 0 309 0 129792585 2213097472 32156 18446744073709551615 1 1 0 0 0 0 4612 1 1073775864 0 0 0 -1 3 0 0 0 0 0 0 0 0 0 0 0 0 0
695 1013 (AmazonInputMana) S 333 333 0 0 -1 1077936192 290 460122 75 226 1 5 1248 2263 25 5 309 0 5704 2213097472 32156 18446744073709551615 1 1 0 0 0 0 4612 1 1073775864 0 0 0 -1 1 0 0 0 0 0 0 0 0 0 0 0 0 0
695 1014 (ArcusHandlerThr) S 333 333 0 0 -1 1077936448 4480 460122 4485 226 144 266 1248 2263 20 0 309 0 5708 2213097472 32156 18446744073709551615 1 1 0 0 0 0 4612 1 1073775864 0 0 0 -1 3 0 0 0 0 0 0 0 0 0 0 0 0 0
695 1015 (LogRetentionJob) S 333 333 0 0 -1 1077936192 18 460122 7 226 0 0 1248 2263 20 0 309 0 5708 2213097472 32156 18446744073709551615 1 1 0 0 0 0 4612 1 1073775864 0 0 0 -1 2 0 0 0 0 0 0 0 0 0 0 0 0 0
695 1016 (AmzWifiDisplayM) S 333 333 0 0 -1 1077936192 6 460122 0 226 0 0 1248 2263 20 0 309 0 5709 2213097472 32156 18446744073709551615 1 1 0 0 0 0 4612 1 1073775864 0 0 0 -1 2 0 0 0 0 0 0 0 0 0 0 0 0 0
695 1017 (AmazonAudioServ) S 333 333 0 0 -1 1077936192 70 460122 5 226 2 0 1248 2263 20 0 309 0 5709 2213097472 32156 18446744073709551615 1 1 0 0 0 0 4612 1 1073775864 0 0 0 -1 1 0 0 0 0 0 0 0 0 0 0 0 0 0
695 1018 (EventHandler) S 333 333 0 0 -1 1077936192 26 460122 0 226 0 0 1248 2263 20 0 309 0 5709 2213097472 32156 18446744073709551615 1 1 0 0 0 0 4612 1 1073775864 0 0 0 -1 1 0 0 0 0 0 0 0 0 0 0 0 0 0
695 1019 (AmazonWifiServi) S 333 333 0 0 -1 1077936192 3419 460122 647 226 165 81 1248 2263 20 0 309 0 5711 2213097472 32156 18446744073709551615 1 1 0 0 0 0 4612 1 1073775864 0 0 0 -1 3 0 0 0 0 0 0 0 0 0 0 0 0 0
695 1020 (AmazonNetworkUn) S 333 333 0 0 -1 1077936192 88 460122 16 226 2 0 1248 2263 20 0 309 0 5712 2213097472 32156 18446744073709551615 1 1 0 0 0 0 4612 1 1073775864 0 0 0 -1 3 0 0 0 0 0 0 0 0 0 0 0 0 0
695 1021 (AmazonProfileSe) S 333 333 0 0 -1 1077936192 3348 460122 469 226 53 36 1248 2263 25 5 309 0 5713 2213097472 32156 18446744073709551615 1 1 0 0 0 0 4612 1 1073775864 0 0 0 -1 2 0 0 0 0 0 0 0 0 0 0 0 0 0
695 1022 (wakeup_thread) S 333 333 0 0 -1 1077936192 6 460122 0 226 0 0 1248 2263 20 0 309 0 5713 2213097472 32156 18446744073709551615 1 1 0 0 0 0 4612 1 1073775864 0 0 0 -1 2 0 0 0 0 0 0 0 0 0 0 0 0 0
695 1023 (PactArcusHelper) S 333 333 0 0 -1 1077936192 145 460122 90 226 1 2 1248 2263 20 0 309 0 5713 2213097472 32156 18446744073709551615 1 1 0 0 0 0 4612 1 1073775864 0 0 0 -1 3 0 0 0 0 0 0 0 0 0 0 0 0 0
695 1025 (APSArcusHelper) S 333 333 0 0 -1 1077936192 145 460122 97 226 3 1 1248 2263 20 0 309 0 5713 2213097472 32156 18446744073709551615 1 1 0 0 0 0 4612 1 1073775864 0 0 0 -1 3 0 0 0 0 0 0 0 0 0 0 0 0 0
695 1026 (DeviceModelInfo) S 333 333 0 0 -1 1077936192 4 460122 0 226 0 0 1248 2263 25 5 309 0 5714 2213097472 32156 18446744073709551615 1 1 0 0 0 0 4612 1 1073775864 0 0 0 -1 1 0 0 0 0 0 0 0 0 0 0 0 0 0
695 1027 (AmazonHdmiServi) S 333 333 0 0 -1 1077936192 355 460122 218 226 7 11 1248 2263 20 0 309 0 5715 2213097472 32156 18446744073709551615 1 1 0 0 0 0 4612 1 1073775864 0 0 0 -1 0 0 0 0 0 0 0 0 0 0 0 0 0 0
695 1028 (AmazonBuellerSh) S 333 333 0 0 -1 1077936192 8 460122 0 226 0 0 1248 2263 20 0 309 0 5715 2213097472 32156 18446744073709551615 1 1 0 0 0 0 4612 1 1073775864 0 0 0 -1 0 0 0 0 0 0 0 0 0 0 0 0 0 0
695 1029 (FireTvLedManage) S 333 333 0 0 -1 1077936192 7 460122 0 226 0 0 1248 2263 20 0 309 0 5722 2213097472 32156 18446744073709551615 1 1 0 0 0 0 4612 1 1073775864 0 0 0 -1 2 0 0 0 0 0 0 0 0 0 0 0 0 0
695 1030 (Timer-0) S 333 333 0 0 -1 1077936192 140416 460122 628 226 1715 1498 1248 2263 20 0 309 0 5724 2213097472 32156 18446744073709551615 1 1 0 0 0 0 4612 1 1073775864 0 0 0 -1 2 0 0 0 0 0 0 0 0 0 0 0 0 0
695 1031 (TemperatureObse) S 333 333 0 0 -1 1077936192 441 460122 77 226 3 2 1248 2263 30 10 309 0 5724 2213097472 32156 18446744073709551615 1 1 0 0 0 0 4612 1 1073775864 0 0 0 -1 1 0 0 0 0 0 0 0 0 0 0 0 0 0
695 1032 (ThermalEventMon) S 333 333 0 0 -1 1077936192 3359 460122 326 226 41 22 1248 2263 30 10 309 0 5725 2213097472 32156 18446744073709551615 1 1 0 0 0 0 4612 1 1073775864 0 0 0 -1 2 0 0 0 0 0 0 0 0 0 0 0 0 0
695 1033 (CloudPairingAma) S 333 333 0 0 -1 1077936192 6 460122 0 226 0 0 1248 2263 20 0 309 0 5727 2213097472 32156 18446744073709551615 1 1 0 0 0 0 4612 1 1073775864 0 0 0 -1 2 0 0 0 0 0 0 0 0 0 0 0 0 0
695 1034 (CirrusThread) S 333 333 0 0 -1 1077936192 53 460122 31 226 0 0 1248 2263 30 10 309 0 5727 2213097472 32156 18446744073709551615 1 1 0 0 0 0 4612 1 1073775864 0 0 0 -1 2 0 0 0 0 0 0 0 0 0 0 0 0 0
695 1035 (RuntimePersiste) S 333 333 0 0 -1 1077936448 3913 460122 267 226 112 71 1248 2263 20 0 309 0 5727 2213097472 32156 18446744073709551615 1 1 0 0 0 0 4612 1 1073775864 0 0 0 -1 1 0 0 0 0 0 0 0 0 0 0 0 0 0
695 1036 (AmazonUsageStat) S 333 333 0 0 -1 1077936192 6914 460122 2669 226 205 160 1248 2263 30 10 309 0 5728 2213097472 32156 18446744073709551615 1 1 0 0 0 0 4612 1 1073775864 0 0 0 -1 2 0 0 0 0 0 0 0 0 0 0 0 0 0
695 1039 (AmaMessageHandl) S 333 333 0 0 -1 1077936192 5 460122 0 226 0 0 1248 2263 20 0 309 0 5730 2213097472 32156 18446744073709551615 1 1 0 0 0 0 4612 1 1073775864 0 0 0 -1 3 0 0 0 0 0 0 0 0 0 0 0 0 0
695 1040 (DfuWorker) S 333 333 0 0 -1 1077936192 7 460122 0 226 0 0 1248 2263 20 0 309 0 5730 2213097472 32156 18446744073709551615 1 1 0 0 0 0 4612 1 1073775864 0 0 0 -1 1 0 0 0 0 0 0 0 0 0 0 0 0 0
695 1041 (DiscoveryWorker) S 333 333 0 0 -1 1077936192 6 460122 0 226 0 0 1248 2263 20 0 309 0 5730 2213097472 32156 18446744073709551615 1 1 0 0 0 0 4612 1 1073775864 0 0 0 -1 0 0 0 0 0 0 0 0 0 0 0 0 0 0
695 1042 (BulkDataWorker) S 333 333 0 0 -1 1077936192 5 460122 0 226 0 0 1248 2263 20 0 309 0 5730 2213097472 32156 18446744073709551615 1 1 0 0 0 0 4612 1 1073775864 0 0 0 -1 3 0 0 0 0 0 0 0 0 0 0 0 0 0
695 1043 (CloudPairingWor) S 333 333 0 0 -1 1077936192 8 460122 0 226 0 0 1248 2263 20 0 309 0 5730 2213097472 32156 18446744073709551615 1 1 0 0 0 0 4612 1 1073775864 0 0 0 -1 1 0 0 0 0 0 0 0 0 0 0 0 0 0
695 1044 (CrashReporterSe) S 333 333 0 0 -1 1077936192 39 460122 1 226 0 0 1248 2263 25 5 309 0 5731 2213097472 32156 18446744073709551615 1 1 0 0 0 0 4612 1 1073775864 0 0 0 -1 0 0 0 0 0 0 0 0 0 0 0 0 0 0
695 1045 (AmazonProtometr) S 333 333 0 0 -1 1077936192 13957 460122 1719 226 326 122 1248 2263 30 10 309 0 5731 2213097472 32156 18446744073709551615 1 1 0 0 0 0 4612 1 1073775864 0 0 0 -1 2 0 0 0 0 0 0 0 0 0 0 0 0 0
695 1047 (MetricsHandler) S 333 333 0 0 -1 1077936192 334 460122 155 226 15 9 1248 2263 20 0 309 0 5732 2213097472 32156 18446744073709551615 1 1 0 0 0 0 4612 1 1073775864 0 0 0 -1 3 0 0 0 0 0 0 0 0 0 0 0 0 0
695 1048 (AccessoryServic) S 333 333 0 0 -1 1077936192 6 460122 0 226 0 0 1248 2263 20 0 309 0 5732 2213097472 32156 18446744073709551615 1 1 0 0 0 0 4612 1 1073775864 0 0 0 -1 3 0 0 0 0 0 0 0 0 0 0 0 0 0
695 1049 (AmazonEmmcConsu) S 333 333 0 0 -1 1077936192 12323 460122 1215 226 305 117 1248 2263 30 10 309 0 5732 2213097472 32156 18446744073709551615 1 1 0 0 0 0 4612 1 1073775864 0 0 0 -1 0 0 0 0 0 0 0 0 0 0 0 0 0 0
695 1050 (ice.EventHelper) S 333 333 0 0 -1 1077936192 6 460122 0 226 0 0 1248 2263 20 0 309 0 5732 2213097472 32156 18446744073709551615 1 1 0 0 0 0 4612 1 1073775864 0 0 0 -1 0 0 0 0 0 0 0 0 0 0 0 0 0 0
695 10507 (AmazonFingerPri) S 333 333 0 0 -1 1077936192 11 460122 3 226 0 0 1248 2263 30 10 309 0 259566254 2213097472 32156 18446744073709551615 1 1 0 0 0 0 4612 1 1073775864 0 0 0 -1 3 0 0 0 0 0 0 0 0 0 0 0 0 0
695 1051 (ice.EventHelper) S 333 333 0 0 -1 1077936192 6 460122 0 226 0 0 1248 2263 20 0 309 0 5732 2213097472 32156 18446744073709551615 1 1 0 0 0 0 4612 1 1073775864 0 0 0 -1 0 0 0 0 0 0 0 0 0 0 0 0 0 0
695 1052 (ice.EventHelper) S 333 333 0 0 -1 1077936192 7 460122 0 226 0 0 1248 2263 20 0 309 0 5733 2213097472 32156 18446744073709551615 1 1 0 0 0 0 4612 1 1073775864 0 0 0 -1 3 0 0 0 0 0 0 0 0 0 0 0 0 0
695 1053 (ice.EventHelper) S 333 333 0 0 -1 1077936192 8 460122 0 226 0 0 1248 2263 20 0 309 0 5733 2213097472 32156 18446744073709551615 1 1 0 0 0 0 4612 1 1073775864 0 0 0 -1 1 0 0 0 0 0 0 0 0 0 0 0 0 0
695 1054 (ice.EventHelper) S 333 333 0 0 -1 1077936192 5 460122 0 226 0 0 1248 2263 20 0 309 0 5733 2213097472 32156 18446744073709551615 1 1 0 0 0 0 4612 1 1073775864 0 0 0 -1 0 0 0 0 0 0 0 0 0 0 0 0 0 0
695 1055 (ice.EventHelper) S 333 333 0 0 -1 1077936192 6 460122 0 226 0 0 1248 2263 20 0 309 0 5733 2213097472 32156 18446744073709551615 1 1 0 0 0 0 4612 1 1073775864 0 0 0 -1 2 0 0 0 0 0 0 0 0 0 0 0 0 0
695 1056 (ice.EventHelper) S 333 333 0 0 -1 1077936192 6 460122 0 226 0 0 1248 2263 20 0 309 0 5733 2213097472 32156 18446744073709551615 1 1 0 0 0 0 4612 1 1073775864 0 0 0 -1 2 0 0 0 0 0 0 0 0 0 0 0 0 0
695 1057 (ice.EventHelper) S 333 333 0 0 -1 1077936192 7 460122 0 226 0 0 1248 2263 20 0 309 0 5733 2213097472 32156 18446744073709551615 1 1 0 0 0 0 4612 1 1073775864 0 0 0 -1 2 0 0 0 0 0 0 0 0 0 0 0 0 0
695 1058 (ice.EventHelper) S 333 333 0 0 -1 1077936192 7 460122 0 226 0 0 1248 2263 20 0 309 0 5733 2213097472 32156 18446744073709551615 1 1 0 0 0 0 4612 1 1073775864 0 0 0 -1 1 0 0 0 0 0 0 0 0 0 0 0 0 0
695 1059 (ice.EventHelper) S 333 333 0 0 -1 1077936192 5 460122 0 226 0 0 1248 2263 20 0 309 0 5733 2213097472 32156 18446744073709551615 1 1 0 0 0 0 4612 1 1073775864 0 0 0 -1 0 0 0 0 0 0 0 0 0 0 0 0 0 0
695 1060 (ice.EventHelper) S 333 333 0 0 -1 1077936192 8 460122 0 226 0 0 1248 2263 20 0 309 0 5733 2213097472 32156 18446744073709551615 1 1 0 0 0 0 4612 1 1073775864 0 0 0 -1 2 0 0 0 0 0 0 0 0 0 0 0 0 0
695 1061 (ice.EventHelper) S 333 333 0 0 -1 1077936192 7 460122 0 226 0 0 1248 2263 20 0 309 0 5733 2213097472 32156 18446744073709551615 1 1 0 0 0 0 4612 1 1073775864 0 0 0 -1 1 0 0 0 0 0 0 0 0 0 0 0 0 0
695 1062 (OomAdjustment H) S 333 333 0 0 -1 1077936192 1077 460122 1140 226 5 135 1248 2263 30 10 309 0 5734 2213097472 32156 18446744073709551615 1 1 0 0 0 0 4612 1 1073775864 0 0 0 -1 1 0 0 0 0 0 0 0 0 0 0 0 0 0
695 1063 (Favorite apps H) S 333 333 0 0 -1 1077936192 7 460122 0 226 0 0 1248 2263 30 10 309 0 5734 2213097472 32156 18446744073709551615 1 1 0 0 0 0 4612 1 1073775864 0 0 0 -1 2 0 0 0 0 0 0 0 0 0 0 0 0 0
695 1064 (Metrics Handler) S 333 333 0 0 -1 1077936192 6 460122 0 226 0 0 1248 2263 30 10 309 0 5734 2213097472 32156 18446744073709551615 1 1 0 0 0 0 4612 1 1073775864 0 0 0 -1 1 0 0 0 0 0 0 0 0 0 0 0 0 0
695 1065 (Prewarm Handler) S 333 333 0 0 -1 1077936192 1939 460122 626 226 80 54 1248 2263 30 10 309 0 5734 2213097472 32156 18446744073709551615 1 1 0 0 0 0 4612 1 1073775864 0 0 0 -1 1 0 0 0 0 0 0 0 0 0 0 0 0 0
695 1066 (AmazonPowerMana) S 333 333 0 0 -1 1077936192 60 460122 22 226 0 0 1248 2263 25 5 309 0 5734 2213097472 32156 18446744073709551615 1 1 0 0 0 0 4612 1 1073775864 0 0 0 -1 2 0 0 0 0 0 0 0 0 0 0 0 0 0
695 1067 (EveThread) S 333 333 0 0 -1 1077936192 123309 460122 10158 226 6388 2905 1248 2263 30 10 309 0 5734 2213097472 32156 18446744073709551615 1 1 0 0 0 0 4612 1 1073775864 0 0 0 -1 0 0 0 0 0 0 0 0 0 0 0 0 0 0
695 1068 (EthernetService) S 333 333 0 0 -1 1077936192 6082 460122 355 226 89 64 1248 2263 20 0 309 0 5744 2213097472 32156 18446744073709551615 1 1 0 0 0 0 4612 1 1073775864 0 0 0 -1 2 0 0 0 0 0 0 0 0 0 0 0 0 0
695 1072 (KeyMapManager) S 333 333 0 0 -1 1077936192 582 460122 0 226 7 1 1248 2263 25 5 309 0 5747 2213097472 32156 18446744073709551615 1 1 0 0 0 0 4612 1 1073775864 0 0 0 -1 2 0 0 0 0 0 0 0 0 0 0 0 0 0
695 1074 (MCL-ArcusHelper) S 333 333 0 0 -1 1077936192 255 460122 113 226 2 6 1248 2263 20 0 309 0 5748 2213097472 32156 18446744073709551615 1 1 0 0 0 0 4612 1 1073775864 0 0 0 -1 0 0 0 0 0 0 0 0 0 0 0 0 0 0
695 1075 (HealthServiceHw) S 333 333 0 0 -1 1077936192 9 460122 0 226 0 0 1248 2263 20 0 309 0 5748 2213097472 32156 18446744073709551615 1 1 0 0 0 0 4612 1 1073775864 0 0 0 -1 2 0 0 0 0 0 0 0 0 0 0 0 0 0
695 1080 (Thread-11) S 333 333 0 0 -1 1077936192 1359637 460122 12758 226 95935 14345 1248 2263 20 0 309 0 5757 2213097472 32156 18446744073709551615 1 1 0 0 0 0 4612 1 1073775864 0 0 0 -1 2 0 0 0 0 0 0 0 0 0 0 0 0 0
695 10809 (LogRetentionJob) S 333 333 0 0 -1 1077936192 12 460122 0 226 0 0 1248 2263 20 0 309 0 60675708 2213097472 32156 18446744073709551615 1 1 0 0 0 0 4612 1 1073775864 0 0 0 -1 1 0 0 0 0 0 0 0 0 0 0 0 0 0
695 1082 (WifiManagerThre) S 333 333 0 0 -1 1077936192 459 460122 13 226 24 3 1248 2263 20 0 309 0 5758 2213097472 32156 18446744073709551615 1 1 0 0 0 0 4612 1 1073775864 0 0 0 -1 0 0 0 0 0 0 0 0 0 0 0 0 0 0
695 1084 (AmazonWifiTherm) S 333 333 0 0 -1 1077936192 130 460122 35 226 0 1 1248 2263 20 0 309 0 5760 2213097472 32156 18446744073709551615 1 1 0 0 0 0 4612 1 1073775864 0 0 0 -1 0 0 0 0 0 0 0 0 0 0 0 0 0 0
695 1085 (AmazonInputMana) S 333 333 0 0 -1 1077936192 15057 460122 258 226 172 16 1248 2263 20 0 309 0 5760 2213097472 32156 18446744073709551615 1 1 0 0 0 0 4612 1 1073775864 0 0 0 -1 1 0 0 0 0 0 0 0 0 0 0 0 0 0
695 1086 (AmazonWifiTherm) S 333 333 0 0 -1 1077936192 5 460122 0 226 0 0 1248 2263 20 0 309 0 5761 2213097472 32156 18446744073709551615 1 1 0 0 0 0 4612 1 1073775864 0 0 0 -1 0 0 0 0 0 0 0 0 0 0 0 0 0 0
695 10866 (Binder:695_1A) S 333 333 0 0 -1 1077936448 214052 460122 7361 226 24923 10890 1248 2263 20 0 309 0 25751 2213097472 32156 18446744073709551615 1 1 0 0 0 4096 4612 1 1073775864 0 0 0 -1 3 0 0 0 0 0 0 0 0 0 0 0 0 0
695 1090 (queued-work-loo) S 333 333 0 0 -1 1077936192 10860 460122 220 226 344 674 1248 2263 18 -2 309 0 5762 2213097472 32156 18446744073709551615 1 1 0 0 0 0 4612 1 1073775864 0 0 0 -1 3 0 0 0 0 0 0 0 0 0 0 0 0 0
695 1092 (GenericAppAdapt) S 333 333 0 0 -1 1077936192 7 460122 0 226 0 0 1248 2263 25 5 309 0 5765 2213097472 32156 18446744073709551615 1 1 0 0 0 0 4612 1 1073775864 0 0 0 -1 2 0 0 0 0 0 0 0 0 0 0 0 0 0
695 1093 (Binder:695_4) S 333 333 0 0 -1 1077936448 116704 460122 5938 226 12541 5523 1248 2263 20 0 309 0 5765 2213097472 32156 18446744073709551615 1 1 0 0 0 0 4612 1 1073775864 0 0 0 -1 0 0 0 0 0 0 0 0 0 0 0 0 0 0
695 1102 (LiveTvAppLaunch) S 333 333 0 0 -1 1077936192 5 460122 0 226 0 0 1248 2263 25 5 309 0 5768 2213097472 32156 18446744073709551615 1 1 0 0 0 0 4612 1 1073775864 0 0 0 -1 3 0 0 0 0 0 0 0 0 0 0 0 0 0
695 1103 (AudioArcusHelpe) S 333 333 0 0 -1 1077936192 7469 460122 153 226 128 10 1248 2263 20 0 309 0 5768 2213097472 32156 18446744073709551615 1 1 0 0 0 0 4612 1 1073775864 0 0 0 -1 0 0 0 0 0 0 0 0 0 0 0 0 0 0
695 1105 (AmazonInputMana) S 333 333 0 0 -1 1077936192 529 460122 138 226 3 3 1248 2263 20 0 309 0 5769 2213097472 32156 18446744073709551615 1 1 0 0 0 0 4612 1 1073775864 0 0 0 -1 3 0 0 0 0 0 0 0 0 0 0 0 0 0
695 1106 (DenyListArcusHe) S 333 333 0 0 -1 1077936192 5 460122 0 226 0 0 1248 2263 20 0 309 0 5769 2213097472 32156 18446744073709551615 1 1 0 0 0 0 4612 1 1073775864 0 0 0 -1 1 0 0 0 0 0 0 0 0 0 0 0 0 0
695 1108 (WifiDiagsQueueT) S 333 333 0 0 -1 1077936192 266401 460122 1778 226 14541 11874 1248 2263 20 0 309 0 5770 2213097472 32156 18446744073709551615 1 1 0 0 0 0 4612 1 1073775864 0 0 0 -1 0 0 0 0 0 0 0 0 0 0 0 0 0 0
695 1110 (NetWatchDogQueu) S 333 333 0 0 -1 1077936192 44 460122 55 226 22 53 1248 2263 20 0 309 0 5771 2213097472 32156 18446744073709551615 1 1 0 0 0 0 4612 1 1073775864 0 0 0 -1 2 0 0 0 0 0 0 0 0 0 0 0 0 0
695 1111 (TimeServiceThre) S 333 333 0 0 -1 1077936448 1499 460122 164 226 29 29 1248 2263 20 0 309 0 5771 2213097472 32156 18446744073709551615 1 1 0 0 0 0 4612 1 1073775864 0 0 0 -1 0 0 0 0 0 0 0 0 0 0 0 0 0 0
695 1112 (TimeServiceNetw) S 333 333 0 0 -1 1077936192 5 460122 0 226 0 0 1248 2263 20 0 309 0 5771 2213097472 32156 18446744073709551615 1 1 0 0 0 0 4612 1 1073775864 0 0 0 -1 3 0 0 0 0 0 0 0 0 0 0 0 0 0
695 1114 (AMA Callback Na) S 333 333 0 0 -1 1077936192 6 460122 0 226 0 0 1248 2263 18 -2 309 0 5772 2213097472 32156 18446744073709551615 1 1 0 0 0 0 4612 1 1073775864 0 0 0 -1 0 0 0 0 0 0 0 0 0 0 0 0 0 0
695 1116 (Binder:695_5) S 333 333 0 0 -1 1077936448 124426 460122 5924 226 14239 6223 1248 2263 20 0 309 0 5772 2213097472 32156 18446744073709551615 1 1 0 0 0 0 4612 1 1073775864 0 0 0 -1 2 0 0 0 0 0 0 0 0 0 0 0 0 0
695 1119 (TestMetricBuffe) S 333 333 0 0 -1 1077936192 5 460122 0 226 0 0 1248 2263 20 0 309 0 5773 2213097472 32156 18446744073709551615 1 1 0 0 0 0 4612 1 1073775864 0 0 0 -1 0 0 0 0 0 0 0 0 0 0 0 0 0 0
695 1121 (BspConsumer) S 333 333 0 0 -1 1077936192 153 460122 3 226 4 5 1248 2263 20 0 309 0 5775 2213097472 32156 18446744073709551615 1 1 0 0 0 0 4612 1 1073775864 0 0 0 -1 2 0 0 0 0 0 0 0 0 0 0 0 0 0
695 1124 (TaskSnapshotPer) S 333 333 0 0 -1 1077936192 774 460122 258 226 18 19 1248 2263 30 10 309 0 5775 2213097472 32156 18446744073709551615 1 1 0 0 0 0 4612 1 1073775864 0 0 0 -1 1 0 0 0 0 0 0 0 0 0 0 0 0 0
695 1125 (PhotonicModulat) S 333 333 0 0 -1 1077936192 326 460122 71 226 12 6 1248 2263 20 0 309 0 5777 2213097472 32156 18446744073709551615 1 1 0 0 0 0 4612 1 1073775864 0 0 0 -1 0 0 0 0 0 0 0 0 0 0 0 0 0 0
695 1130 (ContextualSSArc) S 333 333 0 0 -1 1077936192 163 460122 87 226 2 1 1248 2263 20 0 309 0 5780 2213097472 32156 18446744073709551615 1 1 0 0 0 0 4612 1 1073775864 0 0 0 -1 0 0 0 0 0 0 0 0 0 0 0 0 0 0
695 1132 (HomeLauncherArc) S 333 333 0 0 -1 1077936192 1126 460122 77 226 6 4 1248 2263 20 0 309 0 5782 2213097472 32156 18446744073709551615 1 1 0 0 0 0 4612 1 1073775864 0 0 0 -1 2 0 0 0 0 0 0 0 0 0 0 0 0 0
695 1151 (AmazonPmArcusUt) S 333 333 0 0 -1 1077936192 81 460122 4 226 1 0 1248 2263 20 0 309 0 5834 2213097472 32156 18446744073709551615 1 1 0 0 0 0 4612 1 1073775864 0 0 0 -1 3 0 0 0 0 0 0 0 0 0 0 0 0 0
695 1159 (SyncManager) S 333 333 0 0 -1 1077936448 65550 460122 1388 226 1685 757 1248 2263 30 10 309 0 5844 2213097472 32156 18446744073709551615 1 1 0 0 0 0 4612 1 1073775864 0 0 0 -1 1 0 0 0 0 0 0 0 0 0 0 0 0 0
695 1160 (Binder:695_6) S 333 333 0 0 -1 1077936448 115735 460122 5988 226 13016 5969 1248 2263 20 0 309 0 5848 2213097472 32156 18446744073709551615 1 1 0 0 0 0 4612 1 1073775864 0 0 0 -1 1 0 0 0 0 0 0 0 0 0 0 0 0 0
695 1162 (SyncHandler-0) S 333 333 0 0 -1 1077936192 1604 460122 19 226 12 20 1248 2263 20 0 309 0 5857 2213097472 32156 18446744073709551615 1 1 0 0 0 0 4612 1 1073775864 0 0 0 -1 2 0 0 0 0 0 0 0 0 0 0 0 0 0
695 1184 (UsbService host) S 333 333 0 0 -1 4194368 14 460122 22 226 0 0 1248 2263 20 0 309 0 5872 2213097472 32156 18446744073709551615 1 1 0 0 0 0 4612 1 1073775864 0 0 0 -1 1 0 0 0 0 0 0 0 0 0 0 0 0 0
695 11891 (Binder:695_1B) S 333 333 0 0 -1 1077936448 231247 460122 6262 226 25550 11345 1248 2263 20 0 309 0 31185 2213097472 32156 18446744073709551615 1 1 0 0 0 0 4612 1 1073775864 0 0 0 -1 3 0 0 0 0 0 0 0 0 0 0 0 0 0
695 11941 (Binder:695_1C) S 333 333 0 0 -1 1077936448 221579 460122 7248 226 28315 12943 1248 2263 20 0 309 0 31264 2213097472 32156 18446744073709551615 1 1 0 0 0 0 4612 1 1073775864 0 0 0 -1 2 0 0 0 0 0 0 0 0 0 0 0 0 0
695 12141 (LogRetentionJob) S 333 333 0 0 -1 1077936192 8 460122 0 226 0 0 1248 2263 20 0 309 0 26111907 2213097472 32156 18446744073709551615 1 1 0 0 0 0 4612 1 1073775864 0 0 0 -1 3 0 0 0 0 0 0 0 0 0 0 0 0 0
695 12201 (AmazonFingerPri) S 333 333 0 0 -1 1077936192 7 460122 1 226 0 0 1248 2263 30 10 309 0 268212254 2213097472 32156 18446744073709551615 1 1 0 0 0 0 4612 1 1073775864 0 0 0 -1 2 0 0 0 0 0 0 0 0 0 0 0 0 0
695 12222 (Binder:695_1D) S 333 333 0 0 -1 1077936448 263061 460122 6638 226 32758 14689 1248 2263 20 0 309 0 34633 2213097472 32156 18446744073709551615 1 1 0 0 0 0 4612 1 1073775864 0 0 0 -1 3 0 0 0 0 0 0 0 0 0 0 0 0 0
695 12355 (pool-7-thread-2) S 333 333 0 0 -1 1077936192 36573 460122 981 226 1100 1538 1248 2263 20 0 309 0 37001 2213097472 32156 18446744073709551615 1 1 0 0 0 0 4612 1 1073775864 0 0 0 -1 2 0 0 0 0 0 0 0 0 0 0 0 0 0
695 12456 (AmazonFingerPri) S 333 333 0 0 -1 1077936192 5 460122 0 226 0 0 1248 2263 30 10 309 0 129971582 2213097472 32156 18446744073709551615 1 1 0 0 0 0 4612 1 1073775864 0 0 0 -1 3 0 0 0 0 0 0 0 0 0 0 0 0 0
695 12577 (LogRetentionJob) S 333 333 0 0 -1 1077936192 12 460122 3 226 0 0 1248 2263 20 0 309 0 242105957 2213097472 32156 18446744073709551615 1 1 0 0 0 0 4612 1 1073775864 0 0 0 -1 0 0 0 0 0 0 0 0 0 0 0 0 0 0
695 1258 (Binder:695_7) S 333 333 0 0 -1 1077936448 104917 460122 4885 226 12364 5337 1248 2263 20 0 309 0 5893 2213097472 32156 18446744073709551615 1 1 0 0 0 0 4612 1 1073775864 0 0 0 -1 1 0 0 0 0 0 0 0 0 0 0 0 0 0
695 1261 (Binder:695_8) S 333 333 0 0 -1 1077936448 104864 460122 4421 226 12688 5669 1248 2263 20 0 309 0 5893 2213097472 32156 18446744073709551615 1 1 0 0 0 0 4612 1 1073775864 0 0 0 -1 1 0 0 0 0 0 0 0 0 0 0 0 0 0
695 1262 (Binder:695_9) S 333 333 0 0 -1 1077936448 99204 460122 5935 226 11375 5182 1248 2263 20 0 309 0 5893 2213097472 32156 18446744073709551615 1 1 0 0 0 0 4612 1 1073775864 0 0 0 -1 2 0 0 0 0 0 0 0 0 0 0 0 0 0
695 1263 (Binder:695_A) S 333 333 0 0 -1 1077936448 114315 460122 6721 226 13020 5646 1248 2263 20 0 309 0 5894 2213097472 32156 18446744073709551615 1 1 0 0 0 0 4612 1 1073775864 0 0 0 -1 2 0 0 0 0 0 0 0 0 0 0 0 0 0
695 1264 (Binder:695_B) S 333 333 0 0 -1 1077936448 99603 460122 4120 226 11259 4887 1248 2263 20 0 309 0 5894 2213097472 32156 18446744073709551615 1 1 0 0 0 4096 4612 1 1073775864 0 0 0 -1 2 0 0 0 0 0 0 0 0 0 0 0 0 0
695 1266 (Binder:695_C) S 333 333 0 0 -1 1077936448 106571 460122 6620 226 12489 5617 1248 2263 20 0 309 0 5894 2213097472 32156 18446744073709551615 1 1 0 0 0 0 4612 1 1073775864 0 0 0 -1 3 0 0 0 0 0 0 0 0 0 0 0 0 0
695 1267 (Binder:695_D) S 333 333 0 0 -1 1077936448 107430 460122 6937 226 11358 4813 1248 2263 20 0 309 0 5894 2213097472 32156 18446744073709551615 1 1 0 0 0 4096 4612 1 1073775864 0 0 0 -1 1 0 0 0 0 0 0 0 0 0 0 0 0 0
695 13013 (AmazonFingerPri) S 333 333 0 0 -1 1077936192 6 460122 0 226 0 0 1248 2263 30 10 309 0 60847524 2213097472 32156 18446744073709551615 1 1 0 0 0 0 4612 1 1073775864 0 0 0 -1 0 0 0 0 0 0 0 0 0 0 0 0 0 0
695 13572 (LogRetentionJob) S 333 333 0 0 -1 1077936192 8 460122 3 226 0 0 1248 2263 20 0 309 0 185719 2213097472 32156 18446744073709551615 1 1 0 0 0 0 4612 1 1073775864 0 0 0 -1 2 0 0 0 0 0 0 0 0 0 0 0 0 0
695 1373 (pool-9-thread-1) S 333 333 0 0 -1 1077936192 451 460122 129 226 4 6 1248 2263 20 0 309 0 5926 2213097472 32156 18446744073709551615 1 1 0 0 0 0 4612 1 1073775864 0 0 0 -1 2 0 0 0 0 0 0 0 0 0 0 0 0 0
695 1374 (pool-9-thread-2) S 333 333 0 0 -1 1077936192 416 460122 85 226 4 5 1248 2263 20 0 309 0 5926 2213097472 32156 18446744073709551615 1 1 0 0 0 0 4612 1 1073775864 0 0 0 -1 2 0 0 0 0 0 0 0 0 0 0 0 0 0
695 13746 (LogRetentionJob) S 333 333 0 0 -1 1077936192 9 460122 0 226 0 0 1248 2263 20 0 309 0 164355054 2213097472 32156 18446744073709551615 1 1 0 0 0 0 4612 1 1073775864 0 0 0 -1 0 0 0 0 0 0 0 0 0 0 0 0 0 0
695 13851 (AdbDebuggingMan) S 333 333 0 0 -1 4194368 24 460122 2 226 0 0 1248 2263 20 0 309 0 194105 2213097472 32156 18446744073709551615 1 1 0 0 0 0 4612 1 1073775864 0 0 0 -1 1 0 0 0 0 0 0 0 0 0 0 0 0 0
695 14057 (Binder:695_1E) S 333 333 0 0 -1 1077936448 262338 460122 8136 226 32175 14721 1248 2263 20 0 309 0 204245 2213097472 32156 18446744073709551615 1 1 0 0 0 4096 4612 1 1073775864 0 0 0 -1 1 0 0 0 0 0 0 0 0 0 0 0 0 0
695 1421 (Thread-15) S 333 333 0 0 -1 4194368 6 460122 0 226 0 0 1248 2263 20 0 309 0 5953 2213097472 32156 18446744073709551615 1 1 0 0 0 0 4612 1 1073775864 0 0 0 -1 2 0 0 0 0 0 0 0 0 0 0 0 0 0
695 1429 (NetworkStatsObs) S 333 333 0 0 -1 1077936192 3113 460122 251 226 124 106 1248 2263 20 0 309 0 5956 2213097472 32156 18446744073709551615 1 1 0 0 0 0 4612 1 1073775864 0 0 0 -1 2 0 0 0 0 0 0 0 0 0 0 0 0 0
695 14343 (AmazonFingerPri) S 333 333 0 0 -1 1077936192 5 460122 1 226 0 0 1248 2263 30 10 309 0 26287160 2213097472 32156 18446744073709551615 1 1 0 0 0 0 4612 1 1073775864 0 0 0 -1 0 0 0 0 0 0 0 0 0 0 0 0 0 0
695 14374 (LogRetentionJob) S 333 333 0 0 -1 1077936192 12 460122 1 226 0 0 1248 2263 20 0 309 0 86586829 2213097472 32156 18446744073709551615 1 1 0 0 0 0 4612 1 1073775864 0 0 0 -1 0 0 0 0 0 0 0 0 0 0 0 0 0 0
695 14526 (AudioTrack) S 333 333 0 0 -1 1077936192 5 460122 2 226 0 0 1248 2263 4 -16 309 0 204664830 2213097472 32156 18446744073709551615 1 1 0 0 0 0 4612 1 1073775864 0 0 0 -1 2 0 0 0 0 0 0 0 0 0 0 0 0 0
695 14537 (AudioTrack) S 333 333 0 0 -1 1077936192 5 460122 0 226 0 0 1248 2263 4 -16 309 0 204664908 2213097472 32156 18446744073709551615 1 1 0 0 0 0 4612 1 1073775864 0 0 0 -1 0 0 0 0 0 0 0 0 0 0 0 0 0 0
695 1467 (PerfAnimationAr) S 333 333 0 0 -1 1077936192 111 460122 53 226 2 3 1248 2263 30 10 309 0 5970 2213097472 32156 18446744073709551615 1 1 0 0 0 0 4612 1 1073775864 0 0 0 -1 1 0 0 0 0 0 0 0 0 0 0 0 0 0
695 14742 (AmazonFingerPri) S 333 333 0 0 -1 1077936192 7 460122 3 226 0 0 1248 2263 30 10 309 0 242286254 2213097472 32156 18446744073709551615 1 1 0 0 0 0 4612 1 1073775864 0 0 0 -1 0 0 0 0 0 0 0 0 0 0 0 0 0 0
695 14922 (Binder:695_1F) S 333 333 0 0 -1 1077936448 269855 460122 8904 226 34669 15845 1248 2263 20 0 309 0 223944 2213097472 32156 18446744073709551615 1 1 0 0 0 0 4612 1 1073775864 0 0 0 -1 2 0 0 0 0 0 0 0 0 0 0 0 0 0
695 15088 (Binder:695_20) S 333 333 0 0 -1 1077936448 301126 460122 7560 226 38470 17528 1248 2263 20 0 309 0 224908 2213097472 32156 18446744073709551615 1 1 0 0 0 0 4612 1 1073775864 0 0 0 -1 3 0 0 0 0 0 0 0 0 0 0 0 0 0
695 1525 (pool-2-thread-1) S 333 333 0 0 -1 1077936192 591 460122 169 226 5 4 1248 2263 20 0 309 0 6010 2213097472 32156 18446744073709551615 1 1 0 0 0 0 4612 1 1073775864 0 0 0 -1 1 0 0 0 0 0 0 0 0 0 0 0 0 0
695 15294 (Binder:695_21) S 333 333 0 0 -1 1077936448 336130 460122 6842 226 42435 18882 1248 2263 20 0 309 0 230233 2213097472 32156 18446744073709551615 1 1 0 0 0 0 4612 1 1073775864 0 0 0 -1 1 0 0 0 0 0 0 0 0 0 0 0 0 0
695 15492 (LogRetentionJob) S 333 333 0 0 -1 1077936192 9 460122 0 226 0 0 1248 2263 20 0 309 0 121154176 2213097472 32156 18446744073709551615 1 1 0 0 0 0 4612 1 1073775864 0 0 0 -1 3 0 0 0 0 0 0 0 0 0 0 0 0 0
695 1594 (CCodecWatchdog) S 333 333 0 0 -1 1077936192 1 460122 0 226 0 0 1248 2263 20 0 309 0 6044 2213097472 32156 18446744073709551615 1 1 0 0 0 0 4612 1 1073775864 0 0 0 -1 2 0 0 0 0 0 0 0 0 0 0 0 0 0
695 1596 (NDK MediaCodec_) S 333 333 0 0 -1 1077936192 1 460122 0 226 0 0 1248 2263 4 -16 309 0 6044 2213097472 32156 18446744073709551615 1 1 0 0 0 0 4612 1 1073775864 0 0 0 -1 1 0 0 0 0 0 0 0 0 0 0 0 0 0
695 15969 (AmazonFingerPri) S 333 333 0 0 -1 1077936192 5 460122 0 226 0 0 1248 2263 30 10 309 0 164532139 2213097472 32156 18446744073709551615 1 1 0 0 0 0 4612 1 1073775864 0 0 0 -1 3 0 0 0 0 0 0 0 0 0 0 0 0 0
695 1597 (NDK MediaCodec_) S 333 333 0 0 -1 1077936192 1 460122 0 226 0 0 1248 2263 4 -16 309 0 6044 2213097472 32156 18446744073709551615 1 1 0 0 0 0 4612 1 1073775864 0 0 0 -1 0 0 0 0 0 0 0 0 0 0 0 0 0 0
695 1605 (HwBinder:695_4) S 333 333 0 0 -1 1077936192 5608 460122 302 226 499 149 1248 2263 20 0 309 0 6051 2213097472 32156 18446744073709551615 1 1 0 0 0 0 4612 1 1073775864 0 0 0 -1 3 0 0 0 0 0 0 0 0 0 0 0 0 0
695 1612 (HwBinder:695_5) S 333 333 0 0 -1 1077936192 9440 460122 349 226 800 240 1248 2263 20 0 309 0 6060 2213097472 32156 18446744073709551615 1 1 0 0 0 0 4612 1 1073775864 0 0 0 -1 1 0 0 0 0 0 0 0 0 0 0 0 0 0
695 16757 (AmazonFingerPri) S 333 333 0 0 -1 1077936192 5 460122 0 226 0 0 1248 2263 30 10 309 0 86767127 2213097472 32156 18446744073709551615 1 1 0 0 0 0 4612 1 1073775864 0 0 0 -1 1 0 0 0 0 0 0 0 0 0 0 0 0 0
695 1699 (FireTVKeyPolicy) S 333 333 0 0 -1 1077936192 5 460122 0 226 0 0 1248 2263 18 -2 309 0 6123 2213097472 32156 18446744073709551615 1 1 0 0 0 0 4612 1 1073775864 0 0 0 -1 0 0 0 0 0 0 0 0 0 0 0 0 0 0
695 1752 (Binder:695_E) S 333 333 0 0 -1 1077936448 110610 460122 7438 226 12226 5532 1248 2263 20 0 309 0 6209 2213097472 32156 18446744073709551615 1 1 0 0 0 4096 4612 1 1073775864 0 0 0 -1 2 0 0 0 0 0 0 0 0 0 0 0 0 0
695 1759 (VolumeAliasHand) S 333 333 0 0 -1 1077936192 4 460122 0 226 0 0 1248 2263 20 0 309 0 6215 2213097472 32156 18446744073709551615 1 1 0 0 0 0 4612 1 1073775864 0 0 0 -1 2 0 0 0 0 0 0 0 0 0 0 0 0 0
695 1764 (LeGattConnectio) S 333 333 0 0 -1 1077936192 5 460122 0 226 0 0 1248 2263 20 0 309 0 6226 2213097472 32156 18446744073709551615 1 1 0 0 0 0 4612 1 1073775864 0 0 0 -1 0 0 0 0 0 0 0 0 0 0 0 0 0 0
695 1766 (LeGattScanWorke) S 333 333 0 0 -1 1077936192 5 460122 0 226 0 0 1248 2263 20 0 309 0 6226 2213097472 32156 18446744073709551615 1 1 0 0 0 0 4612 1 1073775864 0 0 0 -1 3 0 0 0 0 0 0 0 0 0 0 0 0 0
695 1767 (LeAdapterReques) S 333 333 0 0 -1 1077936192 5 460122 0 226 0 0 1248 2263 20 0 309 0 6227 2213097472 32156 18446744073709551615 1 1 0 0 0 0 4612 1 1073775864 0 0 0 -1 0 0 0 0 0 0 0 0 0 0 0 0 0 0
695 1773 (RedirectListene) S 333 333 0 0 -1 1077936192 5 460122 0 226 0 0 1248 2263 20 0 309 0 6236 2213097472 32156 18446744073709551615 1 1 0 0 0 0 4612 1 1073775864 0 0 0 -1 0 0 0 0 0 0 0 0 0 0 0 0 0 0
695 1782 (AdvertisingIdAr) S 333 333 0 0 -1 1077936192 9 460122 0 226 0 0 1248 2263 20 0 309 0 6239 2213097472 32156 18446744073709551615 1 1 0 0 0 0 4612 1 1073775864 0 0 0 -1 0 0 0 0 0 0 0 0 0 0 0 0 0 0
695 1794 (AmazonFingerPri) S 333 333 0 0 -1 1077936192 20 460122 6 226 0 0 1248 2263 30 10 309 0 6241 2213097472 32156 18446744073709551615 1 1 0 0 0 0 4612 1 1073775864 0 0 0 -1 1 0 0 0 0 0 0 0 0 0 0 0 0 0
695 1798 (ThreadPriorityB) S 333 333 0 0 -1 1077936448 608 460122 217 226 7 11 1248 2263 20 0 309 0 6242 2213097472 32156 18446744073709551615 1 1 0 0 0 0 4612 1 1073775864 0 0 0 -1 3 0 0 0 0 0 0 0 0 0 0 0 0 0
695 1801 (BtLeManagerThre) S 333 333 0 0 -1 1077936192 97 460122 19 226 0 1 1248 2263 20 0 309 0 6244 2213097472 32156 18446744073709551615 1 1 0 0 0 0 4612 1 1073775864 0 0 0 -1 0 0 0 0 0 0 0 0 0 0 0 0 0 0
695 1802 (pool-8-thread-1) S 333 333 0 0 -1 1077936192 1319 460122 269 226 46 42 1248 2263 20 0 309 0 6247 2213097472 32156 18446744073709551615 1 1 0 0 0 0 4612 1 1073775864 0 0 0 -1 1 0 0 0 0 0 0 0 0 0 0 0 0 0
695 1803 (OsuServerHandle) S 333 333 0 0 -1 1077936192 5 460122 0 226 0 0 1248 2263 20 0 309 0 6250 2213097472 32156 18446744073709551615 1 1 0 0 0 0 4612 1 1073775864 0 0 0 -1 1 0 0 0 0 0 0 0 0 0 0 0 0 0
695 1815 (LogRetentionJob) S 333 333 0 0 -1 1077936192 11 460122 2 226 0 0 1248 2263 20 0 309 0 216185958 2213097472 32156 18446744073709551615 1 1 0 0 0 0 4612 1 1073775864 0 0 0 -1 0 0 0 0 0 0 0 0 0 0 0 0 0 0
695 1828 (PerfArcusLooper) S 333 333 0 0 -1 1077936192 168 460122 67 226 2 1 1248 2263 20 0 309 0 6309 2213097472 32156 18446744073709551615 1 1 0 0 0 0 4612 1 1073775864 0 0 0 -1 1 0 0 0 0 0 0 0 0 0 0 0 0 0
695 1842 (PerfSchedTunerA) S 333 333 0 0 -1 1077936192 127 460122 74 226 1 3 1248 2263 30 10 309 0 6315 2213097472 32156 18446744073709551615 1 1 0 0 0 0 4612 1 1073775864 0 0 0 -1 1 0 0 0 0 0 0 0 0 0 0 0 0 0
695 1855 (SamplingThread) S 333 333 0 0 -1 1077936192 4 460122 0 226 0 0 1248 2263 20 0 309 0 6318 2213097472 32156 18446744073709551615 1 1 0 0 0 0 4612 1 1073775864 0 0 0 -1 3 0 0 0 0 0 0 0 0 0 0 0 0 0
695 18720 (AmazonFingerPri) S 333 333 0 0 -1 1077936192 5 460122 0 226 0 0 1248 2263 30 10 309 0 121327246 2213097472 32156 18446744073709551615 1 1 0 0 0 0 4612 1 1073775864 0 0 0 -1 1 0 0 0 0 0 0 0 0 0 0 0 0 0
695 19126 (LogRetentionJob) S 333 333 0 0 -1 1077936192 9 460122 0 226 0 0 1248 2263 20 0 309 0 52050581 2213097472 32156 18446744073709551615 1 1 0 0 0 0 4612 1 1073775864 0 0 0 -1 1 0 0 0 0 0 0 0 0 0 0 0 0 0
695 19181 (LogRetentionJob) S 333 333 0 0 -1 1077936192 9 460122 0 226 0 0 1248 2263 20 0 309 0 198910962 2213097472 32156 18446744073709551615 1 1 0 0 0 0 4612 1 1073775864 0 0 0 -1 1 0 0 0 0 0 0 0 0 0 0 0 0 0
695 20345 (LogRetentionJob) S 333 333 0 0 -1 1077936192 9 460122 0 226 0 0 1248 2263 20 0 309 0 17483740 2213097472 32156 18446744073709551615 1 1 0 0 0 0 4612 1 1073775864 0 0 0 -1 0 0 0 0 0 0 0 0 0 0 0 0 0 0
695 2100 (LazyTaskWriterT) S 333 333 0 0 -1 1077936192 6893 460122 604 226 128 268 1248 2263 30 10 309 0 6581 2213097472 32156 18446744073709551615 1 1 0 0 0 0 4612 1 1073775864 0 0 0 -1 1 0 0 0 0 0 0 0 0 0 0 0 0 0
695 2102 (StorageUserConn) S 333 333 0 0 -1 1077936192 13 460122 0 226 0 0 1248 2263 20 0 309 0 6583 2213097472 32156 18446744073709551615 1 1 0 0 0 0 4612 1 1073775864 0 0 0 -1 2 0 0 0 0 0 0 0 0 0 0 0 0 0
695 21044 (AmazonFingerPri) S 333 333 0 0 -1 1077936192 5 460122 0 226 0 0 1248 2263 30 10 309 0 52207431 2213097472 32156 18446744073709551615 1 1 0 0 0 0 4612 1 1073775864 0 0 0 -1 3 0 0 0 0 0 0 0 0 0 0 0 0 0
695 21475 (AmazonFingerPri) S 333 333 0 0 -1 1077936192 5 460122 0 226 0 0 1248 2263 30 10 309 0 199091512 2213097472 32156 18446744073709551615 1 1 0 0 0 0 4612 1 1073775864 0 0 0 -1 1 0 0 0 0 0 0 0 0 0 0 0 0 0
695 2211 (AudioPortEventH) S 333 333 0 0 -1 1077936192 603 460122 326 226 3 9 1248 2263 20 0 309 0 6637 2213097472 32156 18446744073709551615 1 1 0 0 0 0 4612 1 1073775864 0 0 0 -1 1 0 0 0 0 0 0 0 0 0 0 0 0 0
695 22517 (AmazonFingerPri) S 333 333 0 0 -1 1077936192 6 460122 0 226 0 0 1248 2263 30 10 309 0 17647085 2213097472 32156 18446744073709551615 1 1 0 0 0 0 4612 1 1073775864 0 0 0 -1 1 0 0 0 0 0 0 0 0 0 0 0 0 0
695 22634 (LogRetentionJob) S 333 333 0 0 -1 1077936192 9 460122 1 226 0 0 1248 2263 20 0 309 0 155716626 2213097472 32156 18446744073709551615 1 1 0 0 0 0 4612 1 1073775864 0 0 0 -1 3 0 0 0 0 0 0 0 0 0 0 0 0 0
695 22653 (LogRetentionJob) S 333 333 0 0 -1 1077936192 11 460122 3 226 0 0 1248 2263 20 0 309 0 207556903 2213097472 32156 18446744073709551615 1 1 0 0 0 0 4612 1 1073775864 0 0 0 -1 2 0 0 0 0 0 0 0 0 0 0 0 0 0
695 2279 (AmazonFingerPri) S 333 333 0 0 -1 1077936192 6 460122 0 226 0 0 1248 2263 30 10 309 0 104047951 2213097472 32156 18446744073709551615 1 1 0 0 0 0 4612 1 1073775864 0 0 0 -1 3 0 0 0 0 0 0 0 0 0 0 0 0 0
695 22974 (LogRetentionJob) S 333 333 0 0 -1 1077936192 9 460122 0 226 0 0 1248 2263 20 0 309 0 112524029 2213097472 32156 18446744073709551615 1 1 0 0 0 0 4612 1 1073775864 0 0 0 -1 1 0 0 0 0 0 0 0 0 0 0 0 0 0
695 24468 (LogRetentionJob) S 333 333 0 0 -1 1077936192 11 460122 8 226 0 0 1248 2263 20 0 309 0 233465958 2213097472 32156 18446744073709551615 1 1 0 0 0 0 4612 1 1073775864 0 0 0 -1 2 0 0 0 0 0 0 0 0 0 0 0 0 0
695 24597 (LogRetentionJob) S 333 333 0 0 -1 1077936192 10 460122 0 226 0 0 1248 2263 20 0 309 0 190274408 2213097472 32156 18446744073709551615 1 1 0 0 0 0 4612 1 1073775864 0 0 0 -1 1 0 0 0 0 0 0 0 0 0 0 0 0 0
695 2489 (pool-7-thread-1) S 333 333 0 0 -1 1077936192 37085 460122 1022 226 1085 1559 1248 2263 20 0 309 0 6947 2213097472 32156 18446744073709551615 1 1 0 0 0 0 4612 1 1073775864 0 0 0 -1 2 0 0 0 0 0 0 0 0 0 0 0 0 0
695 25127 (AmazonFingerPri) S 333 333 0 0 -1 1077936192 5 460122 1 226 0 0 1248 2263 30 10 309 0 112688023 2213097472 32156 18446744073709551615 1 1 0 0 0 0 4612 1 1073775864 0 0 0 -1 1 0 0 0 0 0 0 0 0 0 0 0 0 0
695 25157 (AmazonFingerPri) S 333 333 0 0 -1 1077936192 6 460122 0 226 0 0 1248 2263 30 10 309 0 155892024 2213097472 32156 18446744073709551615 1 1 0 0 0 0 4612 1 1073775864 0 0 0 -1 0 0 0 0 0 0 0 0 0 0 0 0 0 0
695 25397 (AmazonFingerPri) S 333 333 0 0 -1 1077936192 8 460122 0 226 0 0 1248 2263 30 10 309 0 207732746 2213097472 32156 18446744073709551615 1 1 0 0 0 0 4612 1 1073775864 0 0 0 -1 3 0 0 0 0 0 0 0 0 0 0 0 0 0
695 2542 (Okio Watchdog) S 333 333 0 0 -1 1077936192 103 460122 65 226 87 99 1248 2263 20 0 309 0 6967 2213097472 32156 18446744073709551615 1 1 0 0 0 0 4612 1 1073775864 0 0 0 -1 3 0 0 0 0 0 0 0 0 0 0 0 0 0
695 25479 (LogRetentionJob) S 333 333 0 0 -1 1077936192 9 460122 0 226 0 0 1248 2263 20 0 309 0 77960230 2213097472 32156 18446744073709551615 1 1 0 0 0 0 4612 1 1073775864 0 0 0 -1 1 0 0 0 0 0 0 0 0 0 0 0 0 0
695 26957 (AmazonFingerPri) S 333 333 0 0 -1 1077936192 9 460122 2 226 0 0 1248 2263 30 10 309 0 233646255 2213097472 32156 18446744073709551615 1 1 0 0 0 0 4612 1 1073775864 0 0 0 -1 2 0 0 0 0 0 0 0 0 0 0 0 0 0
695 27340 (AmazonFingerPri) S 333 333 0 0 -1 1077936192 5 460122 0 226 0 0 1248 2263 30 10 309 0 190452511 2213097472 32156 18446744073709551615 1 1 0 0 0 0 4612 1 1073775864 0 0 0 -1 3 0 0 0 0 0 0 0 0 0 0 0 0 0
695 27405 (AsyncTask #16) S 333 333 0 0 -1 1077936192 5031 460122 234 226 55 31 1248 2263 30 10 309 0 254950814 2213097472 32156 18446744073709551615 1 1 0 0 0 0 4612 1 1073775864 0 0 0 -1 2 0 0 0 0 0 0 0 0 0 0 0 0 0
695 27645 (AmazonFingerPri) S 333 333 0 0 -1 1077936192 5 460122 1 226 0 0 1248 2263 30 10 309 0 78127720 2213097472 32156 18446744073709551615 1 1 0 0 0 0 4612 1 1073775864 0 0 0 -1 3 0 0 0 0 0 0 0 0 0 0 0 0 0
695 28310 (LogRetentionJob) S 333 333 0 0 -1 1077936192 10 460122 2 226 0 0 1248 2263 20 0 309 0 43395587 2213097472 32156 18446744073709551615 1 1 0 0 0 0 4612 1 1073775864 0 0 0 -1 1 0 0 0 0 0 0 0 0 0 0 0 0 0
695 29014 (LogRetentionJob) S 333 333 0 0 -1 1077936192 8 460122 1 226 0 0 1248 2263 20 0 309 0 8827337 2213097472 32156 18446744073709551615 1 1 0 0 0 0 4612 1 1073775864 0 0 0 -1 1 0 0 0 0 0 0 0 0 0 0 0 0 0
695 29588 (LogRetentionJob) S 333 333 0 0 -1 1077936192 13 460122 4 226 0 0 1248 2263 20 0 309 0 250745958 2213097472 32156 18446744073709551615 1 1 0 0 0 0 4612 1 1073775864 0 0 0 -1 3 0 0 0 0 0 0 0 0 0 0 0 0 0
695 29756 (LogRetentionJob) S 333 333 0 0 -1 1077936192 10 460122 0 226 0 0 1248 2263 20 0 309 0 147084566 2213097472 32156 18446744073709551615 1 1 0 0 0 0 4612 1 1073775864 0 0 0 -1 0 0 0 0 0 0 0 0 0 0 0 0 0 0
695 30600 (LogRetentionJob) S 333 333 0 0 -1 1077936192 12 460122 5 226 0 0 1248 2263 20 0 309 0 259385957 2213097472 32156 18446744073709551615 1 1 0 0 0 0 4612 1 1073775864 0 0 0 -1 0 0 0 0 0 0 0 0 0 0 0 0 0 0
695 30920 (AmazonFingerPri) S 333 333 0 0 -1 1077936192 6 460122 1 226 0 0 1248 2263 30 10 309 0 43567339 2213097472 32156 18446744073709551615 1 1 0 0 0 0 4612 1 1073775864 0 0 0 -1 3 0 0 0 0 0 0 0 0 0 0 0 0 0
695 30945 (AmazonFingerPri) S 333 333 0 0 -1 1077936192 8 460122 4 226 0 0 1248 2263 30 10 309 0 366254 2213097472 32156 18446744073709551615 1 1 0 0 0 0 4612 1 1073775864 0 0 0 -1 2 0 0 0 0 0 0 0 0 0 0 0 0 0
695 31028 (AmazonFingerPri) S 333 333 0 0 -1 1077936192 6 460122 0 226 0 0 1248 2263 30 10 309 0 9006991 2213097472 32156 18446744073709551615 1 1 0 0 0 0 4612 1 1073775864 0 0 0 -1 2 0 0 0 0 0 0 0 0 0 0 0 0 0
695 31588 (LogRetentionJob) S 333 333 0 0 -1 1077936192 10 460122 0 226 0 0 1248 2263 20 0 309 0 103868899 2213097472 32156 18446744073709551615 1 1 0 0 0 0 4612 1 1073775864 0 0 0 -1 1 0 0 0 0 0 0 0 0 0 0 0 0 0
695 31855 (AmazonFingerPri) S 333 333 0 0 -1 1077936192 6 460122 0 226 0 0 1248 2263 30 10 309 0 147251855 2213097472 32156 18446744073709551615 1 1 0 0 0 0 4612 1 1073775864 0 0 0 -1 1 0 0 0 0 0 0 0 0 0 0 0 0 0
695 31983 (AmazonFingerPri) S 333 333 0 0 -1 1077936192 7 460122 0 226 0 0 1248 2263 30 10 309 0 250926254 2213097472 32156 18446744073709551615 1 1 0 0 0 0 4612 1 1073775864 0 0 0 -1 1 0 0 0 0 0 0 0 0 0 0 0 0 0
695 3214 (BtCallback) S 333 333 0 0 -1 1077936192 61 460122 9 226 0 1 1248 2263 20 0 309 0 7572 2213097472 32156 18446744073709551615 1 1 0 0 0 0 4612 1 1073775864 0 0 0 -1 3 0 0 0 0 0 0 0 0 0 0 0 0 0
695 3245 (AmazonFingerPri) S 333 333 0 0 -1 1077936192 7 460122 1 226 0 0 1248 2263 30 10 309 0 69487613 2213097472 32156 18446744073709551615 1 1 0 0 0 0 4612 1 1073775864 0 0 0 -1 0 0 0 0 0 0 0 0 0 0 0 0 0 0
695 32725 (LogRetentionJob) S 333 333 0 0 -1 1077936192 9 460122 0 226 0 0 1248 2263 20 0 309 0 69334139 2213097472 32156 18446744073709551615 1 1 0 0 0 0 4612 1 1073775864 0 0 0 -1 0 0 0 0 0 0 0 0 0 0 0 0 0 0
695 3367 (AmazonFingerPri) S 333 333 0 0 -1 1077936192 5 460122 0 226 0 0 1248 2263 30 10 309 0 181812401 2213097472 32156 18446744073709551615 1 1 0 0 0 0 4612 1 1073775864 0 0 0 -1 3 0 0 0 0 0 0 0 0 0 0 0 0 0
695 3390 (LogRetentionJob) S 333 333 0 0 -1 1077936192 10 460122 0 226 0 0 1248 2263 20 0 309 0 138429987 2213097472 32156 18446744073709551615 1 1 0 0 0 0 4612 1 1073775864 0 0 0 -1 0 0 0 0 0 0 0 0 0 0 0 0 0 0
695 353 (LogRetentionJob) S 333 333 0 0 -1 1077936192 9 460122 0 226 0 0 1248 2263 20 0 309 0 181644164 2213097472 32156 18446744073709551615 1 1 0 0 0 0 4612 1 1073775864 0 0 0 -1 3 0 0 0 0 0 0 0 0 0 0 0 0 0
695 4400 (Binder:695_F) S 333 333 0 0 -1 1077936448 104453 460122 6112 226 11619 5084 1248 2263 20 0 309 0 9269 2213097472 32156 18446744073709551615 1 1 0 0 0 0 4612 1 1073775864 0 0 0 -1 1 0 0 0 0 0 0 0 0 0 0 0 0 0
695 4552 (AmazonFingerPri) S 333 333 0 0 -1 1077936192 6 460122 0 226 0 0 1248 2263 30 10 309 0 216366254 2213097472 32156 18446744073709551615 1 1 0 0 0 0 4612 1 1073775864 0 0 0 -1 0 0 0 0 0 0 0 0 0 0 0 0 0 0
695 4634 (AmazonKeyEventL) S 333 333 0 0 -1 1077936192 1185 460122 663 226 52 53 1248 2263 20 0 309 0 9769 2213097472 32156 18446744073709551615 1 1 0 0 0 0 4612 1 1073775864 0 0 0 -1 1 0 0 0 0 0 0 0 0 0 0 0 0 0
695 4882 (Binder:695_10) S 333 333 0 0 -1 1077936448 120165 460122 5565 226 13671 6398 1248 2263 20 0 309 0 10131 2213097472 32156 18446744073709551615 1 1 0 0 0 0 4612 1 1073775864 0 0 0 -1 3 0 0 0 0 0 0 0 0 0 0 0 0 0
695 4949 (LogRetentionJob) S 333 333 0 0 -1 1077936192 12 460122 0 226 0 0 1248 2263 20 0 309 0 34746810 2213097472 32156 18446744073709551615 1 1 0 0 0 0 4612 1 1073775864 0 0 0 -1 3 0 0 0 0 0 0 0 0 0 0 0 0 0
695 5713 (pool-6-thread-1) S 333 333 0 0 -1 1077936192 10975 460122 343 226 653 187 1248 2263 20 0 309 0 12369 2213097472 32156 18446744073709551615 1 1 0 0 0 0 4612 1 1073775864 0 0 0 -1 1 0 0 0 0 0 0 0 0 0 0 0 0 0
695 5832 (AmazonFingerPri) S 333 333 0 0 -1 1077936192 5 460122 0 226 0 0 1248 2263 30 10 309 0 138611723 2213097472 32156 18446744073709551615 1 1 0 0 0 0 4612 1 1073775864 0 0 0 -1 3 0 0 0 0 0 0 0 0 0 0 0 0 0
695 6078 (Binder:695_11) S 333 333 0 0 -1 1077936448 117868 460122 5656 226 13033 5789 1248 2263 20 0 309 0 13684 2213097472 32156 18446744073709551615 1 1 0 0 0 0 4612 1 1073775864 0 0 0 -1 3 0 0 0 0 0 0 0 0 0 0 0 0 0
695 6150 (LogRetentionJob) S 333 333 0 0 -1 1077936192 14 460122 4 226 0 0 1248 2263 20 0 309 0 224825959 2213097472 32156 18446744073709551615 1 1 0 0 0 0 4612 1 1073775864 0 0 0 -1 1 0 0 0 0 0 0 0 0 0 0 0 0 0
695 6275 (OkHttp Connecti) S 333 333 0 0 -1 1077936192 7 460122 2 226 0 0 1248 2263 20 0 309 0 272907910 2213097472 32156 18446744073709551615 1 1 0 0 0 0 4612 1 1073775864 0 0 0 -1 2 0 0 0 0 0 0 0 0 0 0 0 0 0
695 6304 (Binder:695_12) S 333 333 0 0 -1 1077936448 127086 460122 5903 226 14390 6493 1248 2263 20 0 309 0 14215 2213097472 32156 18446744073709551615 1 1 0 0 0 0 4612 1 1073775864 0 0 0 -1 3 0 0 0 0 0 0 0 0 0 0 0 0 0
695 6513 (LogRetentionJob) S 333 333 0 0 -1 1077936192 9 460122 0 226 0 0 1248 2263 20 0 309 0 173014960 2213097472 32156 18446744073709551615 1 1 0 0 0 0 4612 1 1073775864 0 0 0 -1 3 0 0 0 0 0 0 0 0 0 0 0 0 0
695 6541 (Binder:695_13) S 333 333 0 0 -1 1077936448 125106 460122 7272 226 13646 6124 1248 2263 20 0 309 0 15162 2213097472 32156 18446744073709551615 1 1 0 0 0 0 4612 1 1073775864 0 0 0 -1 3 0 0 0 0 0 0 0 0 0 0 0 0 0
695 6632 (Binder:695_14) S 333 333 0 0 -1 1077936448 159222 460122 6712 226 17533 8082 1248 2263 20 0 309 0 15411 2213097472 32156 18446744073709551615 1 1 0 0 0 0 4612 1 1073775864 0 0 0 -1 2 0 0 0 0 0 0 0 0 0 0 0 0 0
695 6785 (Binder:695_15) S 333 333 0 0 -1 1077936448 142447 460122 5092 226 16157 7072 1248 2263 20 0 309 0 15816 2213097472 32156 18446744073709551615 1 1 0 0 0 0 4612 1 1073775864 0 0 0 -1 2 0 0 0 0 0 0 0 0 0 0 0 0 0
695 695 (Binder:695_3) S 333 333 0 0 -1 1077936448 2802675 460122 45180 226 83384 20624 1248 2263 18 -2 309 0 1304 2213097472 32156 18446744073709551615 1 1 0 0 0 0 4612 1 1073775864 0 0 0 17 0 0 0 0 0 0 0 0 0 0 0 0 0 0
695 701 (Signal Catcher) S 333 333 0 0 -1 1077936192 46 460122 0 226 0 0 1248 2263 0 -20 309 0 1306 2213097472 32156 18446744073709551615 1 1 0 0 0 0 4096 1 1073775864 0 0 0 -1 1 0 0 0 0 0 0 0 0 0 0 0 0 0
695 702 (perfetto_hprof_) S 333 333 0 0 -1 4194368 5 460122 0 226 0 0 1248 2263 0 -20 309 0 1306 2213097472 32156 18446744073709551615 1 1 0 0 0 0 4612 1 1073775864 0 0 0 -1 1 0 0 0 0 0 0 0 0 0 0 0 0 0
695 703 (Jit thread pool) S 333 333 0 0 -1 1077936192 62545 460122 2539 226 387 140 1248 2263 20 0 309 0 1307 2213097472 32156 18446744073709551615 1 1 0 0 0 0 4612 1 1073775864 0 0 0 -1 1 0 0 0 0 0 0 0 0 0 0 0 0 0
695 704 (HeapTaskDaemon) S 333 333 0 0 -1 1077936192 3117705 460122 164822 226 108978 8674 1248 2263 24 4 309 0 1307 2213097472 32156 18446744073709551615 1 1 0 0 0 0 4612 1 1073775864 0 0 0 -1 1 0 0 0 0 0 0 0 0 0 0 0 0 0
695 705 (ReferenceQueueD) S 333 333 0 0 -1 1077936192 2928 460122 2713 226 2116 528 1248 2263 24 4 309 0 1307 2213097472 32156 18446744073709551615 1 1 0 0 0 0 4612 1 1073775864 0 0 0 -1 0 0 0 0 0 0 0 0 0 0 0 0 0 0
695 706 (FinalizerDaemon) S 333 333 0 0 -1 1077936192 7582 460122 2024 226 786 315 1248 2263 24 4 309 0 1307 2213097472 32156 18446744073709551615 1 1 0 0 0 0 4612 1 1073775864 0 0 0 -1 0 0 0 0 0 0 0 0 0 0 0 0 0 0
695 707 (FinalizerWatchd) S 333 333 0 0 -1 1077936192 48 460122 21 226 49 34 1248 2263 24 4 309 0 1307 2213097472 32156 18446744073709551615 1 1 0 0 0 0 4612 1 1073775864 0 0 0 -1 1 0 0 0 0 0 0 0 0 0 0 0 0 0
695 7145 (Timer-43) S 333 333 0 0 -1 1077936192 4 460122 2 226 0 0 1248 2263 20 0 309 0 267852421 2213097472 32156 18446744073709551615 1 1 0 0 0 0 4612 1 1073775864 0 0 0 -1 3 0 0 0 0 0 0 0 0 0 0 0 0 0
695 7260 (AmazonFingerPri) S 333 333 0 0 -1 1077936192 6 460122 1 226 0 0 1248 2263 30 10 309 0 34927250 2213097472 32156 18446744073709551615 1 1 0 0 0 0 4612 1 1073775864 0 0 0 -1 1 0 0 0 0 0 0 0 0 0 0 0 0 0
695 729 (Binder:695_1) S 333 333 0 0 -1 1077936448 138463 460122 4478 226 16648 7211 1248 2263 20 0 309 0 1538 2213097472 32156 18446744073709551615 1 1 0 0 0 0 4612 1 1073775864 0 0 0 -1 0 0 0 0 0 0 0 0 0 0 0 0 0 0
695 730 (Binder:695_2) S 333 333 0 0 -1 1077936448 103113 460122 4572 226 12620 5748 1248 2263 20 0 309 0 1538 2213097472 32156 18446744073709551615 1 1 0 0 0 0 4612 1 1073775864 0 0 0 -1 2 0 0 0 0 0 0 0 0 0 0 0 0 0
695 731 (android.fg) S 333 333 0 0 -1 1077936448 971563 460122 3581 226 24940 18413 1248 2263 20 0 309 0 1579 2213097472 32156 18446744073709551615 1 1 0 0 0 0 4612 1 1073775864 0 0 0 -1 2 0 0 0 0 0 0 0 0 0 0 0 0 0
695 732 (android.ui) S 333 333 0 0 -1 1077936448 12042 460122 2354 226 7210 5727 1248 2263 18 -2 309 0 1579 2213097472 32156 18446744073709551615 1 1 0 0 0 0 4612 1 1073775864 0 0 0 -1 0 0 0 0 0 0 0 0 0 0 0 0 0 0
695 733 (android.io) S 333 333 0 0 -1 1077936192 352337 460122 1194 226 6561 3617 1248 2263 20 0 309 0 1579 2213097472 32156 18446744073709551615 1 1 0 0 0 0 4612 1 1073775864 0 0 0 -1 1 0 0 0 0 0 0 0 0 0 0 0 0 0
695 734 (android.display) S 333 333 0 0 -1 1077936448 42220 460122 7141 226 1556 771 1248 2263 17 -3 309 0 1579 2213097472 32156 18446744073709551615 1 1 0 0 0 0 4612 1 1073775864 0 0 0 -1 2 0 0 0 0 0 0 0 0 0 0 0 0 0
695 735 (android.anim) S 333 333 0 0 -1 1077936192 1611981 460122 14053 226 3473 1726 1248 2263 16 -4 309 0 1579 2213097472 32156 18446744073709551615 1 1 0 0 0 0 4612 1 1073775864 0 0 0 -1 3 0 0 0 0 0 0 0 0 0 0 0 0 0
695 736 (android.anim.lf) S 333 333 0 0 -1 1077936192 1117 460122 787 226 349 261 1248 2263 16 -4 309 0 1579 2213097472 32156 18446744073709551615 1 1 0 0 0 0 4612 1 1073775864 0 0 0 -1 2 0 0 0 0 0 0 0 0 0 0 0 0 0
695 737 (watchdog) S 333 333 0 0 -1 1077936192 8575 460122 176 226 1566 1073 1248 2263 20 0 309 0 1579 2213097472 32156 18446744073709551615 1 1 0 0 0 0 4612 1 1073775864 0 0 0 -1 2 0 0 0 0 0 0 0 0 0 0 0 0 0
695 739 (PackageRecency ) S 333 333 0 0 -1 1077936192 397 460122 149 226 16 9 1248 2263 30 10 309 0 1585 2213097472 32156 18446744073709551615 1 1 0 0 0 0 4612 1 1073775864 0 0 0 -1 1 0 0 0 0 0 0 0 0 0 0 0 0 0
695 740 (android.bg) S 333 333 0 0 -1 1077936448 1064836 460122 33427 226 25691 75472 1248 2263 30 10 309 0 1586 2213097472 32156 18446744073709551615 1 1 0 0 0 0 4612 1 1073775864 0 0 0 -1 1 0 0 0 0 0 0 0 0 0 0 0 0 0
695 741 (ActivityManager) S 333 333 0 0 -1 1077936448 133252 460122 9235 226 14524 33177 1248 2263 18 -2 309 0 1587 2213097472 32156 18446744073709551615 1 1 0 0 0 0 4612 1 1073775864 0 0 0 -1 2 0 0 0 0 0 0 0 0 0 0 0 0 0
695 742 (ActivityManager) S 333 333 0 0 -1 1077936448 54187 460122 1028 226 966 609 1248 2263 18 -2 309 0 1587 2213097472 32156 18446744073709551615 1 1 0 0 0 0 4612 1 1073775864 0 0 0 -1 2 0 0 0 0 0 0 0 0 0 0 0 0 0
695 743 (ActivityManager) S 333 333 0 0 -1 1077936448 4398 460122 2151 226 326 1219 1248 2263 30 10 309 0 1601 2213097472 32156 18446744073709551615 1 1 0 0 0 0 4612 1 1073775864 0 0 0 -1 0 0 0 0 0 0 0 0 0 0 0 0 0 0
695 744 (ActivityManager) S 333 333 0 0 -1 1077936192 3887 460122 1660 226 212 226 1248 2263 30 10 309 0 1601 2213097472 32156 18446744073709551615 1 1 0 0 0 0 4612 1 1073775864 0 0 0 -1 1 0 0 0 0 0 0 0 0 0 0 0 0 0
695 745 (Thread-2) S 333 333 0 0 -1 1077936192 151 460122 291 226 3 202 1248 2263 20 0 309 0 1601 2213097472 32156 18446744073709551615 1 1 0 0 0 0 4612 1 1073775864 0 0 0 -1 1 0 0 0 0 0 0 0 0 0 0 0 0 0
695 746 (OomAdjuster) S 333 333 0 0 -1 1077936448 5248 460122 202 226 8743 35297 1248 2263 10 -10 309 0 1601 2213097472 32156 18446744073709551615 1 1 0 0 0 0 4612 1 1073775864 0 0 0 -1 2 0 0 0 0 0 0 0 0 0 0 0 0 0
695 747 (batterystats-wo) S 333 333 0 0 -1 1077936192 350747 460122 6158 226 4107 3597 1248 2263 20 0 309 0 1604 2213097472 32156 18446744073709551615 1 1 0 0 0 0 4612 1 1073775864 0 0 0 -1 3 0 0 0 0 0 0 0 0 0 0 0 0 0
695 748 (FileObserver) S 333 333 0 0 -1 4194368 83 460122 26 226 0 1 1248 2263 20 0 309 0 1626 2213097472 32156 18446744073709551615 1 1 0 0 0 0 4612 1 1073775864 0 0 0 -1 0 0 0 0 0 0 0 0 0 0 0 0 0 0
695 749 (CpuTracker) S 333 333 0 0 -1 1077936448 7842 460122 433 226 3049 12618 1248 2263 20 0 309 0 1628 2213097472 32156 18446744073709551615 1 1 0 0 0 0 4612 1 1073775864 0 0 0 -1 2 0 0 0 0 0 0 0 0 0 0 0 0 0
695 750 (Thread-3) S 333 333 0 0 -1 1077936192 8 460122 0 226 0 0 1248 2263 18 -2 309 0 1629 2213097472 32156 18446744073709551615 1 1 0 0 0 0 4612 1 1073775864 0 0 0 -1 2 0 0 0 0 0 0 0 0 0 0 0 0 0
695 751 (Thread-4) S 333 333 0 0 -1 1077936192 6 460122 0 226 0 0 1248 2263 18 -2 309 0 1629 2213097472 32156 18446744073709551615 1 1 0 0 0 0 4612 1 1073775864 0 0 0 -1 1 0 0 0 0 0 0 0 0 0 0 0 0 0
695 752 (Thread-5) S 333 333 0 0 -1 1077936192 279 460122 194 226 6096 20590 1248 2263 18 -2 309 0 1629 2213097472 32156 18446744073709551615 1 1 0 0 0 0 4612 1 1073775864 0 0 0 -1 0 0 0 0 0 0 0 0 0 0 0 0 0 0
695 753 (AmazonPowerMana) S 333 333 0 0 -1 1077936192 1205 460122 273 226 104 35 1248 2263 25 5 309 0 1630 2213097472 32156 18446744073709551615 1 1 0 0 0 0 4612 1 1073775864 0 0 0 -1 2 0 0 0 0 0 0 0 0 0 0 0 0 0
695 754 (SuspendToRamVen) S 333 333 0 0 -1 1077936192 46 460122 22 226 0 0 1248 2263 25 5 309 0 1630 2213097472 32156 18446744073709551615 1 1 0 0 0 0 4612 1 1073775864 0 0 0 -1 3 0 0 0 0 0 0 0 0 0 0 0 0 0
695 755 (HomeLauncherCal) S 333 333 0 0 -1 1077936448 208 460122 53 226 8 8 1248 2263 25 5 309 0 1630 2213097472 32156 18446744073709551615 1 1 0 0 0 0 4612 1 1073775864 0 0 0 -1 0 0 0 0 0 0 0 0 0 0 0 0 0 0
695 756 (PowerManagerSer) S 333 333 0 0 -1 1077936448 8914 460122 1302 226 2287 2036 1248 2263 10 -10 309 0 1630 2213097472 32156 18446744073709551615 1 1 0 0 0 0 4612 1 1073775864 0 0 0 -1 1 0 0 0 0 0 0 0 0 0 0 0 0 0
695 757 (HwBinder:695_1) S 333 333 0 0 -1 1077936192 3914 460122 372 226 331 102 1248 2263 20 0 309 0 1631 2213097472 32156 18446744073709551615 1 1 0 0 0 0 4612 1 1073775864 0 0 0 -1 0 0 0 0 0 0 0 0 0 0 0 0 0 0
695 758 (BatteryStats_wa) S 333 333 0 0 -1 1077936192 6 460122 0 226 0 0 1248 2263 18 -2 309 0 1631 2213097472 32156 18446744073709551615 1 1 0 0 0 0 4612 1 1073775864 0 0 0 -1 2 0 0 0 0 0 0 0 0 0 0 0 0 0
695 760 (PackageManager) S 333 333 0 0 -1 1077936192 6 460122 0 226 0 0 1248 2263 30 10 309 0 1639 2213097472 32156 18446744073709551615 1 1 0 0 0 0 4612 1 1073775864 0 0 0 -1 1 0 0 0 0 0 0 0 0 0 0 0 0 0
695 761 (PackageManager) S 333 333 0 0 -1 1077936448 445151 460122 8702 226 13882 4705 1248 2263 30 10 309 0 1652 2213097472 32156 18446744073709551615 1 1 0 0 0 0 4612 1 1073775864 0 0 0 -1 2 0 0 0 0 0 0 0 0 0 0 0 0 0
695 772 (PackageInstalle) S 333 333 0 0 -1 1077936192 184457 460122 4303 226 3293 861 1248 2263 20 0 309 0 2983 2213097472 32156 18446744073709551615 1 1 0 0 0 0 4612 1 1073775864 0 0 0 -1 3 0 0 0 0 0 0 0 0 0 0 0 0 0
695 7739 (Binder:695_16) S 333 333 0 0 -1 1077936448 148357 460122 5807 226 17009 7365 1248 2263 20 0 309 0 18295 2213097472 32156 18446744073709551615 1 1 0 0 0 0 4612 1 1073775864 0 0 0 -1 2 0 0 0 0 0 0 0 0 0 0 0 0 0
695 775 (HealthServiceHw) S 333 333 0 0 -1 1077936192 6 460122 0 226 0 0 1248 2263 20 0 309 0 3058 2213097472 32156 18446744073709551615 1 1 0 0 0 0 4612 1 1073775864 0 0 0 -1 0 0 0 0 0 0 0 0 0 0 0 0 0 0
695 778 (RollbackPackage) S 333 333 0 0 -1 1077936192 9 460122 0 226 0 0 1248 2263 20 0 309 0 3060 2213097472 32156 18446744073709551615 1 1 0 0 0 0 4612 1 1073775864 0 0 0 -1 1 0 0 0 0 0 0 0 0 0 0 0 0 0
695 779 (RollbackManager) S 333 333 0 0 -1 1077936192 1708 460122 337 226 69 44 1248 2263 20 0 309 0 3061 2213097472 32156 18446744073709551615 1 1 0 0 0 0 4612 1 1073775864 0 0 0 -1 3 0 0 0 0 0 0 0 0 0 0 0 0 0
695 7793 (LogRetentionJob) S 333 333 0 0 -1 1077936192 10 460122 1 226 0 0 1248 2263 20 0 309 0 95242888 2213097472 32156 18446744073709551615 1 1 0 0 0 0 4612 1 1073775864 0 0 0 -1 0 0 0 0 0 0 0 0 0 0 0 0 0 0
695 781 (AccountManagerS) S 333 333 0 0 -1 1077936192 2662 460122 1145 226 80 37 1248 2263 18 -2 309 0 3064 2213097472 32156 18446744073709551615 1 1 0 0 0 0 4612 1 1073775864 0 0 0 -1 3 0 0 0 0 0 0 0 0 0 0 0 0 0
695 782 (SettingsProvide) S 333 333 0 0 -1 1077936192 11765 460122 1168 226 605 238 1248 2263 30 10 309 0 3067 2213097472 32156 18446744073709551615 1 1 0 0 0 0 4612 1 1073775864 0 0 0 -1 0 0 0 0 0 0 0 0 0 0 0 0 0 0
695 787 (AlarmManager) S 333 333 0 0 -1 1077936448 20825 460122 893 226 1741 1510 1248 2263 20 0 309 0 3142 2213097472 32156 18446744073709551615 1 1 0 0 0 0 4612 1 1073775864 0 0 0 -1 0 0 0 0 0 0 0 0 0 0 0 0 0 0
695 789 (AmazonAccMgrCal) S 333 333 0 0 -1 1077936192 5 460122 0 226 0 0 1248 2263 30 10 309 0 3150 2213097472 32156 18446744073709551615 1 1 0 0 0 0 4612 1 1073775864 0 0 0 -1 1 0 0 0 0 0 0 0 0 0 0 0 0 0
695 790 (MagnifierSettin) S 333 333 0 0 -1 1077936192 5 460122 0 226 0 0 1248 2263 20 0 309 0 3152 2213097472 32156 18446744073709551615 1 1 0 0 0 0 4612 1 1073775864 0 0 0 -1 2 0 0 0 0 0 0 0 0 0 0 0 0 0
695 792 (CustomAppLaunch) S 333 333 0 0 -1 1077936192 4 460122 0 226 0 0 1248 2263 25 5 309 0 3155 2213097472 32156 18446744073709551615 1 1 0 0 0 0 4612 1 1073775864 0 0 0 -1 2 0 0 0 0 0 0 0 0 0 0 0 0 0
695 793 (UEventObserver) S 333 333 0 0 -1 4194624 730 460122 284 226 30 34 1248 2263 20 0 309 0 3156 2213097472 32156 18446744073709551615 1 1 0 0 0 0 4612 1 1073775864 0 0 0 -1 1 0 0 0 0 0 0 0 0 0 0 0 0 0
695 794 (AmazonWindowMet) S 333 333 0 0 -1 1077936192 7012 460122 1054 226 133 46 1248 2263 20 0 309 0 3157 2213097472 32156 18446744073709551615 1 1 0 0 0 0 4612 1 1073775864 0 0 0 -1 0 0 0 0 0 0 0 0 0 0 0 0 0 0
695 795 (ArcusConfig) S 333 333 0 0 -1 1077936192 151 460122 102 226 2 2 1248 2263 20 0 309 0 3157 2213097472 32156 18446744073709551615 1 1 0 0 0 0 4612 1 1073775864 0 0 0 -1 1 0 0 0 0 0 0 0 0 0 0 0 0 0
695 796 (PipUpdateHandle) S 333 333 0 0 -1 1077936192 5 460122 0 226 0 0 1248 2263 20 0 309 0 3157 2213097472 32156 18446744073709551615 1 1 0 0 0 0 4612 1 1073775864 0 0 0 -1 2 0 0 0 0 0 0 0 0 0 0 0 0 0
695 797 (InputDispatcher) S 333 333 0 0 -1 1077936192 3805 460122 1995 226 488 1155 1248 2263 12 -8 309 0 3157 2213097472 32156 18446744073709551615 1 1 0 0 0 0 4612 1 1073775864 0 0 0 -1 1 0 0 0 0 0 0 0 0 0 0 0 0 0
695 798 (InputReader) S 333 333 0 0 -1 1077936448 10795 460122 1843 226 569 1251 1248 2263 12 -8 309 0 3157 2213097472 32156 18446744073709551615 1 1 0 0 0 0 4612 1 1073775864 0 0 0 -1 2 0 0 0 0 0 0 0 0 0 0 0 0 0
695 800 (NetworkWatchlis) S 333 333 0 0 -1 1077936192 76895 460122 1166 226 2455 1334 1248 2263 30 10 309 0 3160 2213097472 32156 18446744073709551615 1 1 0 0 0 0 4612 1 1073775864 0 0 0 -1 2 0 0 0 0 0 0 0 0 0 0 0 0 0
695 801 (AppIntegrityMan) S 333 333 0 0 -1 1077936448 31355 460122 4704 226 413 219 1248 2263 20 0 309 0 3160 2213097472 32156 18446744073709551615 1 1 0 0 0 0 4612 1 1073775864 0 0 0 -1 3 0 0 0 0 0 0 0 0 0 0 0 0 0
695 802 (StorageManagerS) S 333 333 0 0 -1 1077936192 1325 460122 164 226 17 13 1248 2263 20 0 309 0 3165 2213097472 32156 18446744073709551615 1 1 0 0 0 0 4612 1 1073775864 0 0 0 -1 3 0 0 0 0 0 0 0 0 0 0 0 0 0
695 8454 (AmazonFingerPri) S 333 333 0 0 -1 1077936192 6 460122 6 226 0 1 1248 2263 30 10 309 0 225006254 2213097472 32156 18446744073709551615 1 1 0 0 0 0 4612 1 1073775864 0 0 0 -1 3 0 0 0 0 0 0 0 0 0 0 0 0 0
695 8880 (Binder:695_17) S 333 333 0 0 -1 1077936448 183429 460122 6193 226 20342 9100 1248 2263 20 0 309 0 20691 2213097472 32156 18446744073709551615 1 1 0 0 0 0 4612 1 1073775864 0 0 0 -1 3 0 0 0 0 0 0 0 0 0 0 0 0 0
695 8961 (AmazonFingerPri) S 333 333 0 0 -1 1077936192 5 460122 0 226 0 0 1248 2263 30 10 309 0 173172283 2213097472 32156 18446744073709551615 1 1 0 0 0 0 4612 1 1073775864 0 0 0 -1 0 0 0 0 0 0 0 0 0 0 0 0 0 0
695 9268 (AudioTrack) S 333 333 0 0 -1 1077936192 8 460122 3 226 0 0 1248 2263 4 -16 309 0 200357252 2213097472 32156 18446744073709551615 1 1 0 0 0 0 4612 1 1073775864 0 0 0 -1 2 0 0 0 0 0 0 0 0 0 0 0 0 0
695 9484 (Binder:695_18) S 333 333 0 0 -1 1077936448 187267 460122 7505 226 22610 10147 1248 2263 20 0 309 0 21846 2213097472 32156 18446744073709551615 1 1 0 0 0 4096 4612 1 1073775864 0 0 0 -1 2 0 0 0 0 0 0 0 0 0 0 0 0 0
695 970 (LockSettingsSer) S 333 333 0 0 -1 1077936192 9 460122 0 226 0 0 1248 2263 30 10 309 0 5587 2213097472 32156 18446744073709551615 1 1 0 0 0 0 4612 1 1073775864 0 0 0 -1 0 0 0 0 0 0 0 0 0 0 0 0 0 0
695 973 (NetworkStats) S 333 333 0 0 -1 1077936448 10512204 460122 7679 226 657143 20274 1248 2263 20 0 309 0 5614 2213097472 32156 18446744073709551615 1 1 0 0 0 0 4612 1 1073775864 0 0 0 -1 1 0 0 0 0 0 0 0 0 0 0 0 0 0
695 974 (NetworkPolicy) S 333 333 0 0 -1 1077936192 2932245 460122 768 226 30642 6282 1248 2263 20 0 309 0 5615 2213097472 32156 18446744073709551615 1 1 0 0 0 0 4612 1 1073775864 0 0 0 -1 3 0 0 0 0 0 0 0 0 0 0 0 0 0
695 975 (tworkPolicy.uid) S 333 333 0 0 -1 1077936192 59137 460122 697 226 715 713 1248 2263 18 -2 309 0 5615 2213097472 32156 18446744073709551615 1 1 0 0 0 0 4612 1 1073775864 0 0 0 -1 3 0 0 0 0 0 0 0 0 0 0 0 0 0
695 976 (AsyncChannelHan) S 333 333 0 0 -1 1077936192 6 460122 0 226 0 0 1248 2263 20 0 309 0 5619 2213097472 32156 18446744073709551615 1 1 0 0 0 0 4612 1 1073775864 0 0 0 -1 1 0 0 0 0 0 0 0 0 0 0 0 0 0
695 977 (WifiHandlerThre) S 333 333 0 0 -1 1077936448 2310717 460122 14758 226 64216 22323 1248 2263 20 0 309 0 5619 2213097472 32156 18446744073709551615 1 1 0 0 0 0 4612 1 1073775864 0 0 0 -1 2 0 0 0 0 0 0 0 0 0 0 0 0 0
695 978 (WifiP2pService) S 333 333 0 0 -1 1077936192 1508 460122 504 226 22 24 1248 2263 20 0 309 0 5619 2213097472 32156 18446744073709551615 1 1 0 0 0 0 4612 1 1073775864 0 0 0 -1 2 0 0 0 0 0 0 0 0 0 0 0 0 0
695 979 (PasspointProvis) S 333 333 0 0 -1 1077936192 86 460122 2 226 4 1 1248 2263 20 0 309 0 5619 2213097472 32156 18446744073709551615 1 1 0 0 0 0 4612 1 1073775864 0 0 0 -1 1 0 0 0 0 0 0 0 0 0 0 0 0 0
695 980 (WifiScanningSer) S 333 333 0 0 -1 1077936448 2681 460122 63 226 78 9 1248 2263 20 0 309 0 5643 2213097472 32156 18446744073709551615 1 1 0 0 0 0 4612 1 1073775864 0 0 0 -1 2 0 0 0 0 0 0 0 0 0 0 0 0 0
695 9802 (pool-470-thread) S 333 333 0 0 -1 1077936192 7 460122 1 226 0 0 1248 2263 20 0 309 0 272953348 2213097472 32156 18446744073709551615 1 1 0 0 0 0 4612 1 1073775864 0 0 0 -1 3 0 0 0 0 0 0 0 0 0 0 0 0 0
695 9803 (pool-471-thread) S 333 333 0 0 -1 1077936192 7 460122 1 226 0 0 1248 2263 20 0 309 0 272953348 2213097472 32156 18446744073709551615 1 1 0 0 0 0 4612 1 1073775864 0 0 0 -1 3 0 0 0 0 0 0 0 0 0 0 0 0 0
695 981 (ConnectivitySer) S 333 333 0 0 -1 1077936192 1235495 460122 3060 226 65935 2964 1248 2263 20 0 309 0 5649 2213097472 32156 18446744073709551615 1 1 0 0 0 0 4612 1 1073775864 0 0 0 -1 0 0 0 0 0 0 0 0 0 0 0 0 0 0
695 9814 (AmazonFingerPri) S 333 333 0 0 -1 1077936192 6 460122 0 226 0 0 1248 2263 30 10 309 0 95407880 2213097472 32156 18446744073709551615 1 1 0 0 0 0 4612 1 1073775864 0 0 0 -1 0 0 0 0 0 0 0 0 0 0 0 0 0 0
695 982 (roid.pacmanager) S 333 333 0 0 -1 1077936192 5 460122 0 226 0 0 1248 2263 20 0 309 0 5649 2213097472 32156 18446744073709551615 1 1 0 0 0 0 4612 1 1073775864 0 0 0 -1 1 0 0 0 0 0 0 0 0 0 0 0 0 0
695 983 (NsdService) S 333 333 0 0 -1 1077936192 6 460122 0 226 0 0 1248 2263 20 0 309 0 5651 2213097472 32156 18446744073709551615 1 1 0 0 0 0 4612 1 1073775864 0 0 0 -1 3 0 0 0 0 0 0 0 0 0 0 0 0 0
695 984 (mDnsConnector) S 333 333 0 0 -1 1077936192 6 460122 0 226 0 0 1248 2263 20 0 309 0 5652 2213097472 32156 18446744073709551615 1 1 0 0 0 0 4612 1 1073775864 0 0 0 -1 0 0 0 0 0 0 0 0 0 0 0 0 0 0
695 985 (ranker) S 333 333 0 0 -1 1077936192 106998 460122 349 226 945 170 1248 2263 30 10 309 0 5655 2213097472 32156 18446744073709551615 1 1 0 0 0 0 4612 1 1073775864 0 0 0 -1 1 0 0 0 0 0 0 0 0 0 0 0 0 0
695 986 (notification-sq) S 333 333 0 0 -1 1077936192 7155 460122 4676 226 376 1346 1248 2263 30 10 309 0 5655 2213097472 32156 18446744073709551615 1 1 0 0 0 0 4612 1 1073775864 0 0 0 -1 0 0 0 0 0 0 0 0 0 0 0 0 0 0
695 987 (onProviders.ECP) S 333 333 0 0 -1 1077936448 106 460122 42 226 4 7 1248 2263 30 10 309 0 5655 2213097472 32156 18446744073709551615 1 1 0 0 0 0 4612 1 1073775864 0 0 0 -1 2 0 0 0 0 0 0 0 0 0 0 0 0 0
695 988 (DeviceStorageMo) S 333 333 0 0 -1 1077936192 21186 460122 749 226 3307 3633 1248 2263 30 10 309 0 5658 2213097472 32156 18446744073709551615 1 1 0 0 0 0 4612 1 1073775864 0 0 0 -1 1 0 0 0 0 0 0 0 0 0 0 0 0 0
695 989 (AS.SfxWorker) S 333 333 0 0 -1 1077936192 554 460122 150 226 36 43 1248 2263 20 0 309 0 5659 2213097472 32156 18446744073709551615 1 1 0 0 0 0 4612 1 1073775864 0 0 0 -1 2 0 0 0 0 0 0 0 0 0 0 0 0 0
695 990 (AudioService) S 333 333 0 0 -1 1077936192 697 460122 307 226 20 18 1248 2263 20 0 309 0 5660 2213097472 32156 18446744073709551615 1 1 0 0 0 0 4612 1 1073775864 0 0 0 -1 0 0 0 0 0 0 0 0 0 0 0 0 0 0
695 991 (AudioDeviceBrok) S 333 333 0 0 -1 1077936192 350 460122 236 226 14 9 1248 2263 20 0 309 0 5662 2213097472 32156 18446744073709551615 1 1 0 0 0 0 4612 1 1073775864 0 0 0 -1 3 0 0 0 0 0 0 0 0 0 0 0 0 0
695 992 (Thread-8) S 333 333 0 0 -1 1077936192 8 460122 0 226 0 0 1248 2263 20 0 309 0 5673 2213097472 32156 18446744073709551615 1 1 0 0 0 0 4612 1 1073775864 0 0 0 -1 0 0 0 0 0 0 0 0 0 0 0 0 0 0
695 994 (HwBinder:695_2) S 333 333 0 0 -1 1077936192 3074 460122 279 226 267 83 1248 2263 20 0 309 0 5676 2213097472 32156 18446744073709551615 1 1 0 0 0 0 4612 1 1073775864 0 0 0 -1 2 0 0 0 0 0 0 0 0 0 0 0 0 0
695 995 (HwBinder:695_3) S 333 333 0 0 -1 1077936192 4158 460122 392 226 334 100 1248 2263 20 0 309 0 5676 2213097472 32156 18446744073709551615 1 1 0 0 0 0 4612 1 1073775864 0 0 0 -1 0 0 0 0 0 0 0 0 0 0 0 0 0 0
695 9959 (Binder:695_19) S 333 333 0 0 -1 1077936448 172877 460122 6481 226 19711 8606 1248 2263 20 0 309 0 22768 2213097472 32156 18446744073709551615 1 1 0 0 0 0 4612 1 1073775864 0 0 0 -1 1 0 0 0 0 0 0 0 0 0 0 0 0 0
695 997 (ConnectivityThr) S 333 333 0 0 -1 1077936192 14179 460122 323 226 248 98 1248 2263 20 0 309 0 5677 2213097472 32156 18446744073709551615 1 1 0 0 0 0 4612 1 1073775864 0 0 0 -1 0 0 0 0 0 0 0 0 0 0 0 0 0 0
695 999 (backup) S 333 333 0 0 -1 1077936192 9 460122 0 226 0 0 1248 2263 30 10 309 0 5678 2213097472 32156 18446744073709551615 1 1 0 0 0 0 4612 1 1073775864 0 0 0 -1 3 0 0 0 0 0 0 0 0 0 0 0 0 0
421 12715 (Binder:421_B) S 1 421 0 0 -1 1077936192 1409 0 1098 0 1121 1276 0 0 20 0 27 0 56183809 83947520 547 18446744073709551615 1 1 0 0 0 0 0 4096 1073775864 0 0 0 -1 0 0 0 0 0 0 0 0 0 0 0 0 0 0
421 13139 (Binder:421_8) S 1 421 0 0 -1 1077936192 1684 0 1564 0 1222 1480 0 0 20 0 27 0 170936 83947520 547 18446744073709551615 1 1 0 0 0 0 0 4096 1073775864 0 0 0 -1 3 0 0 0 0 0 0 0 0 0 0 0 0 0
421 1497 (Binder:421_4) S 1 421 0 0 -1 1077936192 1348 0 1634 0 1048 1283 0 0 20 0 27 0 5982 83947520 547 18446744073709551615 1 1 0 0 0 0 0 4096 1073775864 0 0 0 -1 1 0 0 0 0 0 0 0 0 0 0 0 0 0
421 1755 (Binder:421_5) S 1 421 0 0 -1 1077936192 1183 0 1678 0 940 1123 0 0 20 0 27 0 6211 83947520 547 18446744073709551615 1 1 0 0 0 0 0 4096 1073775864 0 0 0 -1 1 0 0 0 0 0 0 0 0 0 0 0 0 0
421 20227 (Binder:421_9) S 1 421 0 0 -1 1077936192 1031 0 1241 0 1123 1364 0 0 20 0 27 0 3538829 83947520 547 18446744073709551615 1 1 0 0 0 0 0 4096 1073775864 0 0 0 -1 2 0 0 0 0 0 0 0 0 0 0 0 0 0
421 2098 (Binder:421_E) S 1 421 0 0 -1 1077936192 1119 0 1302 0 1064 1313 0 0 20 0 27 0 222558174 83947520 547 18446744073709551615 1 1 0 0 0 0 0 4096 1073775864 0 0 0 -1 0 0 0 0 0 0 0 0 0 0 0 0 0 0
421 2176 (Binder:421_F) S 1 421 0 0 -1 1077936192 1580 0 1813 0 1057 1245 0 0 20 0 27 0 222560643 83947520 547 18446744073709551615 1 1 0 0 0 0 0 4096 1073775864 0 0 0 -1 0 0 0 0 0 0 0 0 0 0 0 0 0 0
421 22281 (Binder:421_A) S 1 421 0 0 -1 1077936192 1376 0 1725 0 1005 1229 0 0 20 0 27 0 12975899 83947520 547 18446744073709551615 1 1 0 0 0 0 0 4096 1073775864 0 0 0 -1 0 0 0 0 0 0 0 0 0 0 0 0 0 0
421 2304 (Binder:421_10) S 1 421 0 0 -1 1077936192 1156 0 1386 0 1170 1364 0 0 20 0 27 0 222563395 83947520 547 18446744073709551615 1 1 0 0 0 0 0 4096 1073775864 0 0 0 -1 0 0 0 0 0 0 0 0 0 0 0 0 0 0
421 2961 (Binder:421_C) S 1 421 0 0 -1 1077936192 956 0 1476 0 809 979 0 0 20 0 27 0 64815230 83947520 547 18446744073709551615 1 1 0 0 0 0 0 4096 1073775864 0 0 0 -1 1 0 0 0 0 0 0 0 0 0 0 0 0 0
421 30043 (HwBinder:421_3) S 1 421 0 0 -1 1077936192 12 0 11 0 0 0 0 0 20 0 27 0 253212263 83947520 547 18446744073709551615 1 1 0 0 0 0 0 4096 1073775864 0 0 0 -1 2 0 0 0 0 0 0 0 0 0 0 0 0 0
421 4158 (Binder:421_6) S 1 421 0 0 -1 1077936192 2103 0 2797 0 1136 1328 0 0 20 0 27 0 8659 83947520 547 18446744073709551615 1 1 0 0 0 0 0 4096 1073775864 0 0 0 -1 3 0 0 0 0 0 0 0 0 0 0 0 0 0
421 421 (audioserver) S 1 421 0 0 -1 1077936384 4956 0 1913 0 1055 1264 0 0 20 0 27 0 859 83947520 547 18446744073709551615 1 1 0 0 0 0 0 4096 1073775864 0 0 0 17 1 0 0 0 0 0 0 0 0 0 0 0 0 0
421 465 (DeviceEffectMan) S 1 421 0 0 -1 1077936192 40 0 67 0 0 0 0 0 4 -16 27 0 888 83947520 547 18446744073709551615 1 1 0 0 0 0 0 4096 1073775864 0 0 0 -1 3 0 0 0 0 0 0 0 0 0 0 0 0 0
421 473 (HwBinder:421_1) S 1 421 0 0 -1 1077936192 10 0 8 0 0 0 0 0 20 0 27 0 894 83947520 547 18446744073709551615 1 1 0 0 0 0 0 4096 1073775864 0 0 0 -1 3 0 0 0 0 0 0 0 0 0 0 0 0 0
421 474 (HwBinder:421_2) S 1 421 0 0 -1 1077936192 30 0 34 0 0 0 0 0 20 0 27 0 894 83947520 547 18446744073709551615 1 1 0 0 0 0 0 4096 1073775864 0 0 0 -1 3 0 0 0 0 0 0 0 0 0 0 0 0 0
421 6116 (Binder:421_7) S 1 421 0 0 -1 1077936192 1881 0 2432 0 1108 1327 0 0 20 0 27 0 13799 83947520 547 18446744073709551615 1 1 0 0 0 0 0 4096 1073775864 0 0 0 -1 0 0 0 0 0 0 0 0 0 0 0 0 0 0
421 626 (ApmAudio) S 1 421 0 0 -1 1077936192 220 0 410 0 8 9 0 0 4 -16 27 0 1188 83947520 547 18446744073709551615 1 1 0 0 0 0 0 4096 1073775864 0 0 0 -1 1 0 0 0 0 0 0 0 0 0 0 0 0 0
421 627 (ApmOutput) S 1 421 0 0 -1 1077936192 1515 0 674 0 1816 709 0 0 4 -16 27 0 1188 83947520 547 18446744073709551615 1 1 0 0 0 0 0 4096 1073775864 0 0 0 -1 3 0 0 0 0 0 0 0 0 0 0 0 0 0
421 652 (Binder:421_1) S 1 421 0 0 -1 1077936192 1813 0 1901 0 1077 1255 0 0 20 0 27 0 1212 83947520 547 18446744073709551615 1 1 0 0 0 0 0 4096 1073775864 0 0 0 -1 1 0 0 0 0 0 0 0 0 0 0 0 0 0
421 653 (Binder:421_2) S 1 421 0 0 -1 1077936192 1335 0 1711 0 1074 1343 0 0 20 0 27 0 1212 83947520 547 18446744073709551615 1 1 0 0 0 0 0 4096 1073775864 0 0 0 -1 1 0 0 0 0 0 0 0 0 0 0 0 0 0
421 683 (AudioOut_D) S 1 421 0 0 -1 1077936192 163870 0 4635 0 1225891 1423153 0 0 1 -19 27 0 1276 83947520 547 18446744073709551615 1 1 0 0 0 0 0 4096 1073775864 0 0 0 -1 1 0 0 0 0 0 0 0 0 0 0 0 0 0
421 688 (FastMixer) S 1 421 0 0 -1 1077936192 1 0 0 0 0 0 0 0 -4 -19 27 0 1294 83947520 547 18446744073709551615 1 1 0 0 0 0 0 4096 1073775864 0 0 0 -1 3 3 1 0 0 0 0 0 0 0 0 0 0 0
421 689 (AudioOut_15) S 1 421 0 0 -1 1077936192 1026 0 1965 0 334 328 0 0 1 -19 27 0 1294 83947520 547 18446744073709551615 1 1 0 0 0 0 0 4096 1073775864 0 0 0 -1 1 0 0 0 0 0 0 0 0 0 0 0 0 0
421 7056 (Binder:421_D) S 1 421 0 0 -1 1077936192 838 0 740 0 957 1097 0 0 20 0 27 0 200307787 83947520 547 18446744073709551615 1 1 0 0 0 0 0 4096 1073775864 0 0 0 -1 0 0 0 0 0 0 0 0 0 0 0 0 0 0
421 773 (Binder:421_3) S 1 421 0 0 -1 1077936192 1468 0 1603 0 1012 1217 0 0 20 0 27 0 3007 83947520 547 18446744073709551615 1 1 0 0 0 0 0 4096 1073775864 0 0 0 -1 0 0 0 0 0 0 0 0 0 0 0 0 0 0
421 776 (TimeCheckThread) S 1 421 0 0 -1 1077936192 37 0 42 0 811 2429 0 0 1 -19 27 0 3060 83947520 547 18446744073709551615 1 1 0 0 0 0 0 4096 1073775864 0 0 0 -1 0 0 0 0 0 0 0 0 0 0 0 0 0 0
388 12955 (HwBinder:388_6) S 1 388 0 0 -1 1077952832 6467 0 832 0 4921 5618 0 0 20 0 14 0 254106422 87240704 631 18446744073709551615 1 1 0 0 0 0 0 0 1073775864 0 0 0 -1 1 0 0 0 0 0 0 0 0 0 0 0 0 0
388 1757 (HwBinder:388_3) S 1 388 0 0 -1 1077936448 13081 0 1118 0 19 18 0 0 20 0 14 0 6213 87240704 631 18446744073709551615 1 1 0 0 0 0 0 0 1073775864 0 0 0 -1 3 0 0 0 0 0 0 0 0 0 0 0 0 0
388 2240 (HwBinder:388_4) S 1 388 0 0 -1 1077952832 26865 0 2412 0 6374 7804 0 0 20 0 14 0 6658 87240704 631 18446744073709551615 1 1 0 0 0 0 0 0 1073775864 0 0 0 -1 3 0 0 0 0 0 0 0 0 0 0 0 0 0
388 388 (audio.service) S 1 388 0 0 -1 1077936384 16362 0 821 0 6708 7752 0 0 20 0 14 0 838 87240704 631 18446744073709551615 1 1 0 0 0 0 0 0 1073775864 0 0 0 17 3 0 0 0 0 0 0 0 0 0 0 0 0 0
388 406 (Binder:388_1) S 1 388 0 0 -1 1077936192 12 0 0 0 0 0 0 0 20 0 14 0 853 87240704 631 18446744073709551615 1 1 0 0 0 0 0 0 1073775864 0 0 0 -1 0 0 0 0 0 0 0 0 0 0 0 0 0 0
388 412 (Binder:388_2) S 1 388 0 0 -1 1077936192 2 0 0 0 0 0 0 0 20 0 14 0 856 87240704 631 18446744073709551615 1 1 0 0 0 0 0 0 1073775864 0 0 0 -1 0 0 0 0 0 0 0 0 0 0 0 0 0 0
388 436 (HwBinder:388_1) S 1 388 0 0 -1 1077936192 18248 0 971 0 2537 3281 0 0 20 0 14 0 869 87240704 631 18446744073709551615 1 1 0 0 0 0 0 0 1073775864 0 0 0 -1 3 0 0 0 0 0 0 0 0 0 0 0 0 0
388 437 (HwBinder:388_2) S 1 388 0 0 -1 1077952832 13506 0 2685 0 2653 3316 0 0 20 0 14 0 869 87240704 631 18446744073709551615 1 1 0 0 0 0 0 0 1073775864 0 0 0 -1 3 0 0 0 0 0 0 0 0 0 0 0 0 0
388 668 (audio.service) S 1 388 0 0 -1 1077936192 0 0 0 0 0 0 0 0 20 0 14 0 1231 87240704 631 18446744073709551615 1 1 0 0 0 0 0 0 1073775864 0 0 0 -1 2 0 0 0 0 0 0 0 0 0 0 0 0 0
388 679 (MS12ConfigThrea) S 1 388 0 0 -1 1077936192 1 0 0 0 0 0 0 0 -3 -19 14 0 1269 87240704 631 18446744073709551615 1 1 0 0 0 0 0 0 1073775864 0 0 0 -1 3 2 1 0 0 0 0 0 0 0 0 0 0 0
388 680 (audio.service) S 1 388 0 0 -1 1077936192 269 0 638 0 1 13 0 0 20 0 14 0 1271 87240704 631 18446744073709551615 1 1 0 0 0 0 0 0 1073775864 0 0 0 -1 1 0 0 0 0 0 0 0 0 0 0 0 0 0
388 687 (MixerThread) S 1 388 0 0 -1 1077936192 1 0 0 0 0 0 0 0 1 -19 14 0 1292 87240704 631 18446744073709551615 1 1 0 0 0 0 0 0 1073775864 0 0 0 -1 3 0 0 0 0 0 0 0 0 0 0 0 0 0
388 783 (writer) S 1 388 0 0 -1 1077936448 1303 0 1205 0 1624734 1386050 0 0 1 -19 14 0 3095 87240704 631 18446744073709551615 1 1 0 0 0 0 0 0 1073775864 0 0 0 -1 0 0 0 0 0 0 0 0 0 0 0 0 0 0
388 9833 (HwBinder:388_5) S 1 388 0 0 -1 1077952832 47589 0 4958 0 7316 8712 0 0 20 0 14 0 22494 87240704 631 18446744073709551615 1 1 0 0 0 0 0 0 1073775864 0 0 0 -1 3 0 0 0 0 0 0 0 0 0 0 0 0 0
9843 10065 (Binder:9843_7) S 333 333 0 0 -1 1077936192 3 0 0 0 0 0 0 0 20 0 43 0 272953921 1506111488 43552 18446744073709551615 1 1 0 0 0 0 4612 1 1073775864 0 0 0 -1 2 0 0 0 0 0 0 0 0 0 0 0 0 0
9843 10067 (DefaultExecutor) S 333 333 0 0 -1 1077936192 9 0 0 0 0 0 0 0 33 13 43 0 272953924 1506111488 43552 18446744073709551615 1 1 0 0 0 0 4612 1 1073775864 0 0 0 -1 1 0 0 0 0 0 0 0 0 0 0 0 0 0
9843 10107 (DefaultDispatch) S 333 333 0 0 -1 1077936192 263 0 0 0 27 4 0 0 33 13 43 0 272954122 1506111488 43555 18446744073709551615 1 1 0 0 0 0 4612 1 1073775864 0 0 0 -1 1 0 0 0 0 0 0 0 0 0 0 0 0 0
9843 10108 (DefaultDispatch) S 333 333 0 0 -1 1077936192 31 0 0 0 5 0 0 0 33 13 43 0 272954132 1506111488 43555 18446744073709551615 1 1 0 0 0 0 4612 1 1073775864 0 0 0 -1 1 0 0 0 0 0 0 0 0 0 0 0 0 0
9843 10118 (DefaultDispatch) S 333 333 0 0 -1 1077936192 53853 0 0 0 817 44 0 0 33 13 43 0 272954556 1506111488 43556 18446744073709551615 1 1 0 0 0 0 4612 1 1073775864 0 0 0 -1 2 0 0 0 0 0 0 0 0 0 0 0 0 0
9843 10119 (DefaultDispatch) S 333 333 0 0 -1 1077936192 77 0 0 0 13 2 0 0 33 13 43 0 272954557 1506058240 43559 18446744073709551615 1 1 0 0 0 0 4612 1 1073775864 0 0 0 -1 1 0 0 0 0 0 0 0 0 0 0 0 0 0
9843 10120 (DefaultDispatch) S 333 333 0 0 -1 1077936192 152 0 0 0 30 8 0 0 33 13 43 0 272954567 1506070528 43560 18446744073709551615 1 1 0 0 0 0 4612 1 1073775864 0 0 0 -1 3 0 0 0 0 0 0 0 0 0 0 0 0 0
9843 10160 (DefaultDispatch) S 333 333 0 0 -1 1077936192 49 0 0 0 8 0 0 0 33 13 43 0 272955084 1506172928 43562 18446744073709551615 1 1 0 0 0 0 4612 1 1073775864 0 0 0 -1 1 0 0 0 0 0 0 0 0 0 0 0 0 0
9843 10167 (DefaultDispatch) S 333 333 0 0 -1 1077936192 31 0 0 0 2 0 0 0 33 13 43 0 272955268 1506172928 43563 18446744073709551615 1 1 0 0 0 0 4612 1 1073775864 0 0 0 -1 1 0 0 0 0 0 0 0 0 0 0 0 0 0
9843 9843 (.deathride.perf) S 333 333 0 0 -1 1077936448 11702 0 97 0 246 40 0 0 10 -10 43 0 272953447 1506111488 43563 18446744073709551615 1 1 0 0 0 0 4612 1 1073775864 0 0 0 17 0 0 0 0 0 0 0 0 0 0 0 0 0 0
9843 9854 (Signal Catcher) S 333 333 0 0 -1 1077936192 58 0 0 0 0 0 0 0 12 -8 43 0 272953454 1506111488 43564 18446744073709551615 1 1 0 0 0 0 4096 1 1073775864 0 0 0 -1 0 0 0 0 0 0 0 0 0 0 0 0 0 0
9843 9855 (perfetto_hprof_) S 333 333 0 0 -1 4194368 10 0 0 0 0 0 0 0 0 -20 43 0 272953454 1506111488 43564 18446744073709551615 1 1 0 0 0 0 4612 1 1073775864 0 0 0 -1 0 0 0 0 0 0 0 0 0 0 0 0 0 0
9843 9856 (ADB-JDWP Connec) S 333 333 0 0 -1 4194368 10 0 0 0 0 0 0 0 0 -20 43 0 272953454 1506111488 43569 18446744073709551615 1 1 0 0 0 0 4612 1 1073775864 0 0 0 -1 1 0 0 0 0 0 0 0 0 0 0 0 0 0
9843 9857 (Jit thread pool) S 333 333 0 0 -1 1077936192 57919 0 396 0 343 57 0 0 20 0 43 0 272953454 1506111488 43570 18446744073709551615 1 1 0 0 0 0 4612 1 1073775864 0 0 0 -1 2 0 0 0 0 0 0 0 0 0 0 0 0 0
9843 9858 (HeapTaskDaemon) S 333 333 0 0 -1 1077936192 5869 0 325 0 70 18 0 0 24 4 43 0 272953454 1506058240 43571 18446744073709551615 1 1 0 0 0 0 4612 1 1073775864 0 0 0 -1 3 0 0 0 0 0 0 0 0 0 0 0 0 0
9843 9859 (ReferenceQueueD) S 333 333 0 0 -1 1077936192 9 0 0 0 8 0 0 0 24 4 43 0 272953454 1506070528 43572 18446744073709551615 1 1 0 0 0 0 4612 1 1073775864 0 0 0 -1 3 0 0 0 0 0 0 0 0 0 0 0 0 0
9843 9860 (FinalizerDaemon) S 333 333 0 0 -1 1077936192 37 0 0 0 1 0 0 0 24 4 43 0 272953454 1506070528 43572 18446744073709551615 1 1 0 0 0 0 4612 1 1073775864 0 0 0 -1 0 0 0 0 0 0 0 0 0 0 0 0 0 0
9843 9861 (FinalizerWatchd) S 333 333 0 0 -1 1077936192 5 0 0 0 0 0 0 0 24 4 43 0 272953454 1506119680 43576 18446744073709551615 1 1 0 0 0 0 4612 1 1073775864 0 0 0 -1 3 0 0 0 0 0 0 0 0 0 0 0 0 0
9843 9862 (Binder:9843_1) S 333 333 0 0 -1 1077936192 16 0 1 0 0 0 0 0 20 0 43 0 272953455 1506119680 43576 18446744073709551615 1 1 0 0 0 0 4612 1 1073775864 0 0 0 -1 1 0 0 0 0 0 0 0 0 0 0 0 0 0
9843 9863 (Binder:9843_2) S 333 333 0 0 -1 1077936192 126 0 1 0 0 0 0 0 20 0 43 0 272953455 1506242560 43580 18446744073709551615 1 1 0 0 0 0 4612 1 1073775864 0 0 0 -1 0 0 0 0 0 0 0 0 0 0 0 0 0 0
9843 9864 (Binder:9843_3) S 333 333 0 0 -1 1077936192 11 0 0 0 0 0 0 0 20 0 43 0 272953457 1506295808 43581 18446744073709551615 1 1 0 0 0 0 4612 1 1073775864 0 0 0 -1 2 0 0 0 0 0 0 0 0 0 0 0 0 0
9843 9865 (Binder:9843_4) S 333 333 0 0 -1 1077936192 14 0 0 0 0 0 0 0 20 0 43 0 272953457 1506234368 43581 18446744073709551615 1 1 0 0 0 0 4612 1 1073775864 0 0 0 -1 0 0 0 0 0 0 0 0 0 0 0 0 0 0
9843 9870 (Profile Saver) S 333 333 0 0 -1 1077936192 70 0 0 0 0 0 0 0 29 9 43 0 272953509 1506234368 43582 18446744073709551615 1 1 0 0 0 0 4612 1 1073775864 0 0 0 -1 3 0 0 0 0 0 0 0 0 0 0 0 0 0
9843 9871 (RenderThread) S 333 333 0 0 -1 1077936192 594 0 7 0 4 1 0 0 10 -10 43 0 272953514 1506234368 43586 18446744073709551615 1 1 0 0 0 0 4612 1 1073775864 0 0 0 -1 2 0 0 0 0 0 0 0 0 0 0 0 0 0
9843 9877 (deathride-cours) S 333 333 0 0 -1 1077936192 611 0 0 0 112 0 0 0 33 13 43 0 272953613 1506193408 43589 18446744073709551615 1 1 0 0 0 0 4612 1 1073775864 0 0 0 -1 3 0 0 0 0 0 0 0 0 0 0 0 0 0
9843 9878 (AmazonAccMgrCal) S 333 333 0 0 -1 1077936192 6 0 0 0 0 0 0 0 30 10 43 0 272953653 1506242560 43590 18446744073709551615 1 1 0 0 0 0 4612 1 1073775864 0 0 0 -1 3 0 0 0 0 0 0 0 0 0 0 0 0 0
9843 9879 (GLThread 50729) R 333 333 0 0 -1 4194368 60743 0 28 0 1669 181 0 0 16 -4 43 0 272953654 1506295808 43590 18446744073709551615 1 1 0 0 0 0 4612 1 1073775864 0 0 0 -1 2 0 0 0 0 0 0 0 0 0 0 0 0 0
9843 9882 (Binder:PerfStat) S 333 333 0 0 -1 1077936192 10 0 1 0 0 0 0 0 30 10 43 0 272953663 1506295808 43590 18446744073709551615 1 1 0 0 0 0 4612 1 1073775864 0 0 0 -1 0 0 0 0 0 0 0 0 0 0 0 0 0 0
9843 9883 (hwuiTask0) S 333 333 0 0 -1 1077936192 11 0 0 0 0 0 0 0 18 -2 43 0 272953673 1506234368 43591 18446744073709551615 1 1 0 0 0 0 4612 1 1073775864 0 0 0 -1 0 0 0 0 0 0 0 0 0 0 0 0 0 0
9843 9884 (hwuiTask1) S 333 333 0 0 -1 1077936192 8 0 0 0 0 0 0 0 18 -2 43 0 272953673 1506234368 43594 18446744073709551615 1 1 0 0 0 0 4612 1 1073775864 0 0 0 -1 0 0 0 0 0 0 0 0 0 0 0 0 0 0
9843 9887 (RenderThread) S 333 333 0 0 -1 1077936192 226 0 0 0 33 24 0 0 10 -10 43 0 272953676 1506234368 43595 18446744073709551615 1 1 0 0 0 0 4612 1 1073775864 0 0 0 -1 3 0 0 0 0 0 0 0 0 0 0 0 0 0
9843 9894 (CCodecWatchdog) S 333 333 0 0 -1 1077936192 1 0 0 0 0 0 0 0 20 0 43 0 272953752 1506234368 43597 18446744073709551615 1 1 0 0 0 0 4612 1 1073775864 0 0 0 -1 1 0 0 0 0 0 0 0 0 0 0 0 0 0
9843 9895 (NDK MediaCodec_) S 333 333 0 0 -1 1077936192 5 0 0 0 0 0 0 0 4 -16 43 0 272953753 1506234368 43598 18446744073709551615 1 1 0 0 0 0 4612 1 1073775864 0 0 0 -1 1 0 0 0 0 0 0 0 0 0 0 0 0 0
9843 9896 (NDK MediaCodec_) S 333 333 0 0 -1 1077936192 1 0 0 0 0 0 0 0 4 -16 43 0 272953753 1506234368 43598 18446744073709551615 1 1 0 0 0 0 4612 1 1073775864 0 0 0 -1 3 0 0 0 0 0 0 0 0 0 0 0 0 0
9843 9897 (HwBinder:9843_1) S 333 333 0 0 -1 1077936192 56 0 0 0 2 2 0 0 10 -10 43 0 272953753 1506234368 43598 18446744073709551615 1 1 0 0 0 0 4612 1 1073775864 0 0 0 -1 3 0 0 0 0 0 0 0 0 0 0 0 0 0
9843 9914 (Binder:9843_5) S 333 333 0 0 -1 1077936192 7 0 0 0 0 0 0 0 20 0 43 0 272953771 1506234368 43603 18446744073709551615 1 1 0 0 0 0 4612 1 1073775864 0 0 0 -1 0 0 0 0 0 0 0 0 0 0 0 0 0 0
9843 9933 (deathride-link-) S 333 333 0 0 -1 1077936192 85 0 0 0 8 0 0 0 33 13 43 0 272953786 1506234368 43604 18446744073709551615 1 1 0 0 0 0 4612 1 1073775864 0 0 0 -1 0 0 0 0 0 0 0 0 0 0 0 0 0 0
9843 9935 (deathride-profi) S 333 333 0 0 -1 1077936192 5 0 0 0 0 0 0 0 33 13 43 0 272953787 1506193408 43607 18446744073709551615 1 1 0 0 0 0 4612 1 1073775864 0 0 0 -1 1 0 0 0 0 0 0 0 0 0 0 0 0 0
9843 9945 (Binder:9843_6) S 333 333 0 0 -1 1077936192 5 0 0 0 0 0 0 0 20 0 43 0 272953797 1506295808 43607 18446744073709551615 1 1 0 0 0 0 4612 1 1073775864 0 0 0 -1 0 0 0 0 0 0 0 0 0 0 0 0 0 0
9843 9954 (deathride-link-) S 333 333 0 0 -1 1077936192 35 0 0 0 1 0 0 0 33 13 43 0 272953804 1506234368 43607 18446744073709551615 1 1 0 0 0 0 4612 1 1073775864 0 0 0 -1 1 0 0 0 0 0 0 0 0 0 0 0 0 0
9843 9961 (DefaultDispatch) S 333 333 0 0 -1 4194368 281 0 0 0 37 5 0 0 33 13 43 0 272953809 1506234368 43608 18446744073709551615 1 1 0 0 0 0 4612 1 1073775864 0 0 0 -1 3 0 0 0 0 0 0 0 0 0 0 0 0 0
9843 9962 (DefaultDispatch) S 333 333 0 0 -1 1077936192 69 0 0 0 8 3 0 0 33 13 43 0 272953809 1506193408 43612 18446744073709551615 1 1 0 0 0 0 4612 1 1073775864 0 0 0 -1 2 0 0 0 0 0 0 0 0 0 0 0 0 0
9843 9965 (DefaultDispatch) S 333 333 0 0 -1 1077936192 316 0 2 0 39 1 0 0 33 13 43 0 272953809 1506242560 43614 18446744073709551615 1 1 0 0 0 0 4612 1 1073775864 0 0 0 -1 3 0 0 0 0 0 0 0 0 0 0 0 0 0
==schedstat
421 12715 23981222974 21060504514 287066
421 13139 27032616736 24734522595 327233
421 1497 23326266650 21098506302 279258
421 1755 20638898738 18218150570 241978
421 20227 24878647517 23180553697 306812
421 2098 23783588673 20016311394 298986
421 2176 23031956368 19014814646 277914
421 22281 22353627956 21262334383 275783
421 2304 25347154869 20152047257 302031
421 2961 17885845076 17112437519 222638
421 30043 2200073 176156 19
421 4158 24642399444 21685259645 291299
421 421 23202500053 21081994762 281129
421 465 3817386 3586000 26
421 473 700538 23077 3
421 474 5513311 1148228 59
421 6116 24360048722 21752530611 299984
421 626 176728151 60724926 2277
421 627 25254924165 4986933435 85122
421 652 23333629762 21266520152 277815
421 653 24180846653 22486280201 295307
421 683 26490449414323 3001820186396 1003508367
421 688 116308 0 1
421 689 6635427893 3156555976 84593
421 7056 20554438884 16738814258 251500
421 773 22307083626 19360862587 275039
421 776 32412590605 9354114477 1495088
388 12955 105400353871 29222529898 598565
388 1757 377073144 341846247 2049
388 2240 141789947417 73018192009 786511
388 388 144610210048 41792539855 830186
388 406 467692 30257231 2
388 412 105231 27846 1
388 436 58188772131 50466912943 316935
388 437 59702425187 50572692767 322256
388 668 103846 7787616 1
388 679 171539 71769 1
388 680 147145386 27965081 525
388 687 117308 219846 2
388 783 30107853211200 2901225370452 1001335610
388 9833 160293012592 52379981544 921300
9843 10065 793538 5386076 6
9843 10067 1832153 7448463 5
9843 10107 324406310 252765856 429
9843 10108 57000693 88814772 123
9843 10118 8642515882 386623064 2911
9843 10119 154771145 115972621 235
9843 10120 400533320 202890757 668
9843 10160 98946613 86374233 179
9843 10167 35475232 28624378 82
9843 9843 2908422768 467076401 3019
9843 9854 1016307 0 1
9843 9855 445231 52231 1
9843 9856 601385 0 1
9843 9857 4038515700 928064865 4170
9843 9858 892093389 370774535 673
9843 9859 84002382 26275540 70
9843 9860 13960077 1878385 32
9843 9861 462692 791924 5
9843 9862 8522691 23246771 84
9843 9863 14142766 12294619 58
9843 9864 1968463 6345384 21
9843 9865 7944615 21117076 118
9843 9870 15948384 22132923 58
9843 9871 61050013 37041680 144
9843 9877 1129223227 30591929 216
9843 9878 846769 254539 2
9843 9879 19522177184 1678643485 11073
9843 9882 2051616 299538 3
9843 9883 1006847 1149461 2
9843 9884 418231 2055615 1
9843 9887 611559727 62903854 3195
9843 9894 243154 474616 2
9843 9895 6469999 13063306 70
9843 9896 943538 39231 11
9843 9897 55858298 33809151 518
9843 9914 6079003 15982997 115
9843 9933 93044229 230719619 213
9843 9935 451538 15408923 1
9843 9945 4335235 17988690 79
9843 9954 27837010 85539760 95
9843 9961 440204920 1023059315 963
9843 9962 158353688 149554689 423
9843 9965 428478693 549812612 477
==net
Inter-|   Receive                                                |  Transmit
 face |bytes    packets errs drop fifo frame compressed multicast|bytes    packets errs drop fifo colls carrier compressed
    lo: 5219755  134521    0    0    0     0          0         0  5219755  134521    0    0    0     0       0          0
dummy0:       0       0    0    0    0     0          0         0   167757    1113    0    0    0     0       0          0
  ifb0:       0       0    0    0    0     0          0         0        0       0    0    0    0     0       0          0
  ifb1:       0       0    0    0    0     0          0         0        0       0    0    0    0     0       0          0
 tunl0:       0       0    0    0    0     0          0         0        0       0    0    0    0     0       0          0
  gre0:       0       0    0    0    0     0          0         0        0       0    0    0    0     0       0          0
gretap0:       0       0    0    0    0     0          0         0        0       0    0    0    0     0       0          0
erspan0:       0       0    0    0    0     0          0         0        0       0    0    0    0     0       0          0
ip_vti0:       0       0    0    0    0     0          0         0        0       0    0    0    0     0       0          0
ip6_vti0:       0       0    0    0    0     0          0         0        0       0    0    0    0     0       0          0
  sit0:       0       0    0    0    0     0          0         0        0       0    0    0    0     0       0          0
ip6tnl0:       0       0    0    0    0     0          0         0        0       0    0    0    0     0       0          0
ip6gre0:       0       0    0    0    0     0          0         0        0       0    0    0    0     0       0          0
 wlan0: 5560496897 10389923    0    0    0     0          0         0 17957030540 17291333   19    0    0     0       0          0
  p2p0:       0       0    0    0    0     0          0         0        0       0    0    0    0     0       0          0
   ap0:       0       0    0    0    0     0          0         0        0       0    0    0    0     0       0          0
==uptime
2729566.54 9964901.03
