695 1000 (GraphicsStats-d) S 333 333 0 0 -1 1077936448 2459 449364 2626 220 45 233 1226 2207 30 10 308 0 5680 2174586880 25311 18446744073709551615 1 1 0 0 0 0 4612 1 1073775864 0 0 0 -1 0 0 0 0 0 0 0 0 0 0 0 0 0 0
695 10009 (LogRetentionJob) S 333 333 0 0 -1 1077936192 13 449364 6 220 0 0 1226 2207 20 0 308 0 268025958 2174586880 25311 18446744073709551615 1 1 0 0 0 0 4612 1 1073775864 0 0 0 -1 3 0 0 0 0 0 0 0 0 0 0 0 0 0
695 1002 (BlobStore) S 333 333 0 0 -1 1077936192 238 449364 20 220 2 8 1226 2207 20 0 308 0 5681 2174586880 25311 18446744073709551615 1 1 0 0 0 0 4612 1 1073775864 0 0 0 -1 1 0 0 0 0 0 0 0 0 0 0 0 0 0
695 1003 (SessionRecordTh) S 333 333 0 0 -1 1077936192 116 449364 330 220 0 12 1226 2207 20 0 308 0 5681 2174586880 25311 18446744073709551615 1 1 0 0 0 0 4612 1 1073775864 0 0 0 -1 3 0 0 0 0 0 0 0 0 0 0 0 0 0
695 1004 (Hdmi Control Io) S 333 333 0 0 -1 1077936192 1443 449364 159 220 37 35 1226 2207 20 0 308 0 5681 2174586880 25311 18446744073709551615 1 1 0 0 0 0 4612 1 1073775864 0 0 0 -1 0 0 0 0 0 0 0 0 0 0 0 0 0 0
695 1005 (SliceManagerSer) S 333 333 0 0 -1 1077936192 257 449364 53 220 1 0 1226 2207 30 10 308 0 5685 2174586880 25311 18446744073709551615 1 1 0 0 0 0 4612 1 1073775864 0 0 0 -1 3 0 0 0 0 0 0 0 0 0 0 0 0 0
695 1006 (StatsCompanionS) S 333 333 0 0 -1 1077936192 5 449364 0 220 0 0 1226 2207 20 0 308 0 5686 2174586880 25311 18446744073709551615 1 1 0 0 0 0 4612 1 1073775864 0 0 0 -1 3 0 0 0 0 0 0 0 0 0 0 0 0 0
695 1012 (FireTvDeepLinkS) S 333 333 0 0 -1 1077936192 5 449364 0 220 0 0 1226 2207 25 5 308 0 5704 2174586880 25311 18446744073709551615 1 1 0 0 0 0 4612 1 1073775864 0 0 0 -1 2 0 0 0 0 0 0 0 0 0 0 0 0 0
695 10124 (LogRetentionJob) S 333 333 0 0 -1 1077936192 10 449364 0 220 0 0 1226 2207 20 0 308 0 129792585 2174586880 25311 18446744073709551615 1 1 0 0 0 0 4612 1 1073775864 0 0 0 -1 3 0 0 0 0 0 0 0 0 0 0 0 0 0
695 1013 (AmazonInputMana) S 333 333 0 0 -1 1077936192 248 449364 62 220 1 5 1226 2207 25 5 308 0 5704 2174586880 25311 18446744073709551615 1 1 0 0 0 0 4612 1 1073775864 0 0 0 -1 3 0 0 0 0 0 0 0 0 0 0 0 0 0
695 1014 (ArcusHandlerThr) S 333 333 0 0 -1 1077936448 4422 449364 4449 220 141 264 1226 2207 20 0 308 0 5708 2174586880 25311 18446744073709551615 1 1 0 0 0 0 4612 1 1073775864 0 0 0 -1 3 0 0 0 0 0 0 0 0 0 0 0 0 0
695 1015 (LogRetentionJob) S 333 333 0 0 -1 1077936192 18 449364 7 220 0 0 1226 2207 20 0 308 0 5708 2174586880 25311 18446744073709551615 1 1 0 0 0 0 4612 1 1073775864 0 0 0 -1 2 0 0 0 0 0 0 0 0 0 0 0 0 0
695 1016 (AmzWifiDisplayM) S 333 333 0 0 -1 1077936192 6 449364 0 220 0 0 1226 2207 20 0 308 0 5709 2174586880 25311 18446744073709551615 1 1 0 0 0 0 4612 1 1073775864 0 0 0 -1 2 0 0 0 0 0 0 0 0 0 0 0 0 0
695 1017 (AmazonAudioServ) S 333 333 0 0 -1 1077936192 70 449364 5 220 2 0 1226 2207 20 0 308 0 5709 2174586880 25311 18446744073709551615 1 1 0 0 0 0 4612 1 1073775864 0 0 0 -1 1 0 0 0 0 0 0 0 0 0 0 0 0 0
695 1018 (EventHandler) S 333 333 0 0 -1 1077936192 26 449364 0 220 0 0 1226 2207 20 0 308 0 5709 2174586880 25311 18446744073709551615 1 1 0 0 0 0 4612 1 1073775864 0 0 0 -1 1 0 0 0 0 0 0 0 0 0 0 0 0 0
695 1019 (AmazonWifiServi) S 333 333 0 0 -1 1077936192 3287 449364 604 220 162 80 1226 2207 20 0 308 0 5711 2174586880 25311 18446744073709551615 1 1 0 0 0 0 4612 1 1073775864 0 0 0 -1 3 0 0 0 0 0 0 0 0 0 0 0 0 0
695 1020 (AmazonNetworkUn) S 333 333 0 0 -1 1077936192 88 449364 16 220 2 0 1226 2207 20 0 308 0 5712 2174586880 25311 18446744073709551615 1 1 0 0 0 0 4612 1 1073775864 0 0 0 -1 3 0 0 0 0 0 0 0 0 0 0 0 0 0
695 1021 (AmazonProfileSe) S 333 333 0 0 -1 1077936192 3271 449364 447 220 53 35 1226 2207 25 5 308 0 5713 2174586880 25311 18446744073709551615 1 1 0 0 0 0 4612 1 1073775864 0 0 0 -1 2 0 0 0 0 0 0 0 0 0 0 0 0 0
695 1022 (wakeup_thread) S 333 333 0 0 -1 1077936192 6 449364 0 220 0 0 1226 2207 20 0 308 0 5713 2174586880 25311 18446744073709551615 1 1 0 0 0 0 4612 1 1073775864 0 0 0 -1 2 0 0 0 0 0 0 0 0 0 0 0 0 0
695 1023 (PactArcusHelper) S 333 333 0 0 -1 1077936192 145 449364 90 220 1 2 1226 2207 20 0 308 0 5713 2174586880 25311 18446744073709551615 1 1 0 0 0 0 4612 1 1073775864 0 0 0 -1 3 0 0 0 0 0 0 0 0 0 0 0 0 0
695 1025 (APSArcusHelper) S 333 333 0 0 -1 1077936192 145 449364 97 220 3 1 1226 2207 20 0 308 0 5713 2174586880 25311 18446744073709551615 1 1 0 0 0 0 4612 1 1073775864 0 0 0 -1 3 0 0 0 0 0 0 0 0 0 0 0 0 0
695 1026 (DeviceModelInfo) S 333 333 0 0 -1 1077936192 4 449364 0 220 0 0 1226 2207 25 5 308 0 5714 2174586880 25311 18446744073709551615 1 1 0 0 0 0 4612 1 1073775864 0 0 0 -1 1 0 0 0 0 0 0 0 0 0 0 0 0 0
695 1027 (AmazonHdmiServi) S 333 333 0 0 -1 1077936192 355 449364 218 220 7 11 1226 2207 20 0 308 0 5715 2174586880 25311 18446744073709551615 1 1 0 0 0 0 4612 1 1073775864 0 0 0 -1 0 0 0 0 0 0 0 0 0 0 0 0 0 0
695 1028 (AmazonBuellerSh) S 333 333 0 0 -1 1077936192 8 449364 0 220 0 0 1226 2207 20 0 308 0 5715 2174586880 25311 18446744073709551615 1 1 0 0 0 0 4612 1 1073775864 0 0 0 -1 0 0 0 0 0 0 0 0 0 0 0 0 0 0
695 1029 (FireTvLedManage) S 333 333 0 0 -1 1077936192 7 449364 0 220 0 0 1226 2207 20 0 308 0 5722 2174586880 25311 18446744073709551615 1 1 0 0 0 0 4612 1 1073775864 0 0 0 -1 2 0 0 0 0 0 0 0 0 0 0 0 0 0
695 1030 (Timer-0) S 333 333 0 0 -1 1077936192 138369 449364 545 220 1698 1473 1226 2207 20 0 308 0 5724 2174586880 25311 18446744073709551615 1 1 0 0 0 0 4612 1 1073775864 0 0 0 -1 1 0 0 0 0 0 0 0 0 0 0 0 0 0
695 1031 (TemperatureObse) S 333 333 0 0 -1 1077936192 441 449364 77 220 3 2 1226 2207 30 10 308 0 5724 2174586880 25311 18446744073709551615 1 1 0 0 0 0 4612 1 1073775864 0 0 0 -1 1 0 0 0 0 0 0 0 0 0 0 0 0 0
695 1032 (ThermalEventMon) S 333 333 0 0 -1 1077936192 3038 449364 291 220 37 21 1226 2207 30 10 308 0 5725 2174586880 25311 18446744073709551615 1 1 0 0 0 0 4612 1 1073775864 0 0 0 -1 0 0 0 0 0 0 0 0 0 0 0 0 0 0
695 1033 (CloudPairingAma) S 333 333 0 0 -1 1077936192 6 449364 0 220 0 0 1226 2207 20 0 308 0 5727 2174586880 25311 18446744073709551615 1 1 0 0 0 0 4612 1 1073775864 0 0 0 -1 2 0 0 0 0 0 0 0 0 0 0 0 0 0
695 1034 (CirrusThread) S 333 333 0 0 -1 1077936192 53 449364 31 220 0 0 1226 2207 30 10 308 0 5727 2174586880 25311 18446744073709551615 1 1 0 0 0 0 4612 1 1073775864 0 0 0 -1 2 0 0 0 0 0 0 0 0 0 0 0 0 0
695 1035 (RuntimePersiste) S 333 333 0 0 -1 1077936448 3831 449364 261 220 111 70 1226 2207 20 0 308 0 5727 2174586880 25311 18446744073709551615 1 1 0 0 0 0 4612 1 1073775864 0 0 0 -1 3 0 0 0 0 0 0 0 0 0 0 0 0 0
695 1036 (AmazonUsageStat) S 333 333 0 0 -1 1077936192 6484 449364 2507 220 191 150 1226 2207 30 10 308 0 5728 2174586880 25311 18446744073709551615 1 1 0 0 0 0 4612 1 1073775864 0 0 0 -1 0 0 0 0 0 0 0 0 0 0 0 0 0 0
695 1039 (AmaMessageHandl) S 333 333 0 0 -1 1077936192 5 449364 0 220 0 0 1226 2207 20 0 308 0 5730 2174586880 25311 18446744073709551615 1 1 0 0 0 0 4612 1 1073775864 0 0 0 -1 3 0 0 0 0 0 0 0 0 0 0 0 0 0
695 1040 (DfuWorker) S 333 333 0 0 -1 1077936192 7 449364 0 220 0 0 1226 2207 20 0 308 0 5730 2174586880 25311 18446744073709551615 1 1 0 0 0 0 4612 1 1073775864 0 0 0 -1 1 0 0 0 0 0 0 0 0 0 0 0 0 0
695 1041 (DiscoveryWorker) S 333 333 0 0 -1 1077936192 6 449364 0 220 0 0 1226 2207 20 0 308 0 5730 2174586880 25311 18446744073709551615 1 1 0 0 0 0 4612 1 1073775864 0 0 0 -1 0 0 0 0 0 0 0 0 0 0 0 0 0 0
695 1042 (BulkDataWorker) S 333 333 0 0 -1 1077936192 5 449364 0 220 0 0 1226 2207 20 0 308 0 5730 2174586880 25311 18446744073709551615 1 1 0 0 0 0 4612 1 1073775864 0 0 0 -1 3 0 0 0 0 0 0 0 0 0 0 0 0 0
695 1043 (CloudPairingWor) S 333 333 0 0 -1 1077936192 8 449364 0 220 0 0 1226 2207 20 0 308 0 5730 2174586880 25311 18446744073709551615 1 1 0 0 0 0 4612 1 1073775864 0 0 0 -1 1 0 0 0 0 0 0 0 0 0 0 0 0 0
695 1044 (CrashReporterSe) S 333 333 0 0 -1 1077936192 39 449364 1 220 0 0 1226 2207 25 5 308 0 5731 2174586880 25311 18446744073709551615 1 1 0 0 0 0 4612 1 1073775864 0 0 0 -1 0 0 0 0 0 0 0 0 0 0 0 0 0 0
695 1045 (AmazonProtometr) S 333 333 0 0 -1 1077936192 12839 449364 1524 220 302 110 1226 2207 30 10 308 0 5731 2174586880 25311 18446744073709551615 1 1 0 0 0 0 4612 1 1073775864 0 0 0 -1 1 0 0 0 0 0 0 0 0 0 0 0 0 0
695 1047 (MetricsHandler) S 333 333 0 0 -1 1077936192 334 449364 155 220 15 9 1226 2207 20 0 308 0 5732 2174586880 25311 18446744073709551615 1 1 0 0 0 0 4612 1 1073775864 0 0 0 -1 3 0 0 0 0 0 0 0 0 0 0 0 0 0
695 1048 (AccessoryServic) S 333 333 0 0 -1 1077936192 6 449364 0 220 0 0 1226 2207 20 0 308 0 5732 2174586880 25311 18446744073709551615 1 1 0 0 0 0 4612 1 1073775864 0 0 0 -1 3 0 0 0 0 0 0 0 0 0 0 0 0 0
695 1049 (AmazonEmmcConsu) S 333 333 0 0 -1 1077936192 12175 449364 1178 220 301 116 1226 2207 30 10 308 0 5732 2174586880 25311 18446744073709551615 1 1 0 0 0 0 4612 1 1073775864 0 0 0 -1 0 0 0 0 0 0 0 0 0 0 0 0 0 0
695 1050 (ice.EventHelper) S 333 333 0 0 -1 1077936192 6 449364 0 220 0 0 1226 2207 20 0 308 0 5732 2174586880 25311 18446744073709551615 1 1 0 0 0 0 4612 1 1073775864 0 0 0 -1 0 0 0 0 0 0 0 0 0 0 0 0 0 0
695 10507 (AmazonFingerPri) S 333 333 0 0 -1 1077936192 11 449364 3 220 0 0 1226 2207 30 10 308 0 259566254 2174586880 25311 18446744073709551615 1 1 0 0 0 0 4612 1 1073775864 0 0 0 -1 3 0 0 0 0 0 0 0 0 0 0 0 0 0
695 1051 (ice.EventHelper) S 333 333 0 0 -1 1077936192 6 449364 0 220 0 0 1226 2207 20 0 308 0 5732 2174586880 25311 18446744073709551615 1 1 0 0 0 0 4612 1 1073775864 0 0 0 -1 0 0 0 0 0 0 0 0 0 0 0 0 0 0
695 1052 (ice.EventHelper) S 333 333 0 0 -1 1077936192 7 449364 0 220 0 0 1226 2207 20 0 308 0 5733 2174586880 25311 18446744073709551615 1 1 0 0 0 0 4612 1 1073775864 0 0 0 -1 3 0 0 0 0 0 0 0 0 0 0 0 0 0
695 1053 (ice.EventHelper) S 333 333 0 0 -1 1077936192 8 449364 0 220 0 0 1226 2207 20 0 308 0 5733 2174586880 25311 18446744073709551615 1 1 0 0 0 0 4612 1 1073775864 0 0 0 -1 1 0 0 0 0 0 0 0 0 0 0 0 0 0
695 1054 (ice.EventHelper) S 333 333 0 0 -1 1077936192 5 449364 0 220 0 0 1226 2207 20 0 308 0 5733 2174586880 25311 18446744073709551615 1 1 0 0 0 0 4612 1 1073775864 0 0 0 -1 0 0 0 0 0 0 0 0 0 0 0 0 0 0
695 1055 (ice.EventHelper) S 333 333 0 0 -1 1077936192 6 449364 0 220 0 0 1226 2207 20 0 308 0 5733 2174586880 25311 18446744073709551615 1 1 0 0 0 0 4612 1 1073775864 0 0 0 -1 2 0 0 0 0 0 0 0 0 0 0 0 0 0
695 1056 (ice.EventHelper) S 333 333 0 0 -1 1077936192 6 449364 0 220 0 0 1226 2207 20 0 308 0 5733 2174586880 25311 18446744073709551615 1 1 0 0 0 0 4612 1 1073775864 0 0 0 -1 2 0 0 0 0 0 0 0 0 0 0 0 0 0
695 1057 (ice.EventHelper) S 333 333 0 0 -1 1077936192 7 449364 0 220 0 0 1226 2207 20 0 308 0 5733 2174586880 25311 18446744073709551615 1 1 0 0 0 0 4612 1 1073775864 0 0 0 -1 2 0 0 0 0 0 0 0 0 0 0 0 0 0
695 1058 (ice.EventHelper) S 333 333 0 0 -1 1077936192 7 449364 0 220 0 0 1226 2207 20 0 308 0 5733 2174586880 25311 18446744073709551615 1 1 0 0 0 0 4612 1 1073775864 0 0 0 -1 1 0 0 0 0 0 0 0 0 0 0 0 0 0
695 1059 (ice.EventHelper) S 333 333 0 0 -1 1077936192 5 449364 0 220 0 0 1226 2207 20 0 308 0 5733 2174586880 25311 18446744073709551615 1 1 0 0 0 0 4612 1 1073775864 0 0 0 -1 0 0 0 0 0 0 0 0 0 0 0 0 0 0
695 1060 (ice.EventHelper) S 333 333 0 0 -1 1077936192 8 449364 0 220 0 0 1226 2207 20 0 308 0 5733 2174586880 25311 18446744073709551615 1 1 0 0 0 0 4612 1 1073775864 0 0 0 -1 2 0 0 0 0 0 0 0 0 0 0 0 0 0
695 1061 (ice.EventHelper) S 333 333 0 0 -1 1077936192 7 449364 0 220 0 0 1226 2207 20 0 308 0 5733 2174586880 25311 18446744073709551615 1 1 0 0 0 0 4612 1 1073775864 0 0 0 -1 1 0 0 0 0 0 0 0 0 0 0 0 0 0
695 1062 (OomAdjustment H) S 333 333 0 0 -1 1077936192 1046 449364 1121 220 4 134 1226 2207 30 10 308 0 5734 2174586880 25311 18446744073709551615 1 1 0 0 0 0 4612 1 1073775864 0 0 0 -1 0 0 0 0 0 0 0 0 0 0 0 0 0 0
695 1063 (Favorite apps H) S 333 333 0 0 -1 1077936192 7 449364 0 220 0 0 1226 2207 30 10 308 0 5734 2174586880 25311 18446744073709551615 1 1 0 0 0 0 4612 1 1073775864 0 0 0 -1 2 0 0 0 0 0 0 0 0 0 0 0 0 0
695 1064 (Metrics Handler) S 333 333 0 0 -1 1077936192 6 449364 0 220 0 0 1226 2207 30 10 308 0 5734 2174586880 25311 18446744073709551615 1 1 0 0 0 0 4612 1 1073775864 0 0 0 -1 1 0 0 0 0 0 0 0 0 0 0 0 0 0
695 1065 (Prewarm Handler) S 333 333 0 0 -1 1077936192 1759 449364 547 220 70 50 1226 2207 30 10 308 0 5734 2174586880 25311 18446744073709551615 1 1 0 0 0 0 4612 1 1073775864 0 0 0 -1 3 0 0 0 0 0 0 0 0 0 0 0 0 0
695 1066 (AmazonPowerMana) S 333 333 0 0 -1 1077936192 60 449364 22 220 0 0 1226 2207 25 5 308 0 5734 2174586880 25311 18446744073709551615 1 1 0 0 0 0 4612 1 1073775864 0 0 0 -1 2 0 0 0 0 0 0 0 0 0 0 0 0 0
695 1067 (EveThread) S 333 333 0 0 -1 1077936192 121191 449364 10080 220 6301 2867 1226 2207 30 10 308 0 5734 2174586880 25311 18446744073709551615 1 1 0 0 0 0 4612 1 1073775864 0 0 0 -1 3 0 0 0 0 0 0 0 0 0 0 0 0 0
695 1068 (EthernetService) S 333 333 0 0 -1 1077936192 5970 449364 329 220 89 61 1226 2207 20 0 308 0 5744 2174586880 25311 18446744073709551615 1 1 0 0 0 0 4612 1 1073775864 0 0 0 -1 1 0 0 0 0 0 0 0 0 0 0 0 0 0
695 1072 (KeyMapManager) S 333 333 0 0 -1 1077936192 582 449364 0 220 7 1 1226 2207 25 5 308 0 5747 2174586880 25311 18446744073709551615 1 1 0 0 0 0 4612 1 1073775864 0 0 0 -1 2 0 0 0 0 0 0 0 0 0 0 0 0 0
695 1074 (MCL-ArcusHelper) S 333 333 0 0 -1 1077936192 255 449364 113 220 2 6 1226 2207 20 0 308 0 5748 2174586880 25311 18446744073709551615 1 1 0 0 0 0 4612 1 1073775864 0 0 0 -1 0 0 0 0 0 0 0 0 0 0 0 0 0 0
695 1075 (HealthServiceHw) S 333 333 0 0 -1 1077936192 9 449364 0 220 0 0 1226 2207 20 0 308 0 5748 2174586880 25311 18446744073709551615 1 1 0 0 0 0 4612 1 1073775864 0 0 0 -1 2 0 0 0 0 0 0 0 0 0 0 0 0 0
695 1080 (Thread-11) S 333 333 0 0 -1 1077936192 1324974 449364 11349 220 93491 13955 1226 2207 20 0 308 0 5757 2174586880 25311 18446744073709551615 1 1 0 0 0 0 4612 1 1073775864 0 0 0 -1 0 0 0 0 0 0 0 0 0 0 0 0 0 0
695 10809 (LogRetentionJob) S 333 333 0 0 -1 1077936192 12 449364 0 220 0 0 1226 2207 20 0 308 0 60675708 2174586880 25311 18446744073709551615 1 1 0 0 0 0 4612 1 1073775864 0 0 0 -1 1 0 0 0 0 0 0 0 0 0 0 0 0 0
695 1082 (WifiManagerThre) S 333 333 0 0 -1 1077936192 459 449364 13 220 24 3 1226 2207 20 0 308 0 5758 2174586880 25311 18446744073709551615 1 1 0 0 0 0 4612 1 1073775864 0 0 0 -1 0 0 0 0 0 0 0 0 0 0 0 0 0 0
695 1084 (AmazonWifiTherm) S 333 333 0 0 -1 1077936192 130 449364 35 220 0 1 1226 2207 20 0 308 0 5760 2174586880 25311 18446744073709551615 1 1 0 0 0 0 4612 1 1073775864 0 0 0 -1 0 0 0 0 0 0 0 0 0 0 0 0 0 0
695 1085 (AmazonInputMana) S 333 333 0 0 -1 1077936192 15057 449364 258 220 172 16 1226 2207 20 0 308 0 5760 2174586880 25311 18446744073709551615 1 1 0 0 0 0 4612 1 1073775864 0 0 0 -1 1 0 0 0 0 0 0 0 0 0 0 0 0 0
695 1086 (AmazonWifiTherm) S 333 333 0 0 -1 1077936192 5 449364 0 220 0 0 1226 2207 20 0 308 0 5761 2174586880 25311 18446744073709551615 1 1 0 0 0 0 4612 1 1073775864 0 0 0 -1 0 0 0 0 0 0 0 0 0 0 0 0 0 0
695 10866 (Binder:695_1A) S 333 333 0 0 -1 1077936448 209310 449364 6676 220 24284 10612 1226 2207 20 0 308 0 25751 2174586880 25311 18446744073709551615 1 1 0 0 0 4096 4612 1 1073775864 0 0 0 -1 1 0 0 0 0 0 0 0 0 0 0 0 0 0
695 1090 (queued-work-loo) S 333 333 0 0 -1 1077936192 10351 449364 204 220 331 642 1226 2207 18 -2 308 0 5762 2174586880 25311 18446744073709551615 1 1 0 0 0 0 4612 1 1073775864 0 0 0 -1 1 0 0 0 0 0 0 0 0 0 0 0 0 0
695 1092 (GenericAppAdapt) S 333 333 0 0 -1 1077936192 7 449364 0 220 0 0 1226 2207 25 5 308 0 5765 2174586880 25311 18446744073709551615 1 1 0 0 0 0 4612 1 1073775864 0 0 0 -1 2 0 0 0 0 0 0 0 0 0 0 0 0 0
695 1093 (Binder:695_4) S 333 333 0 0 -1 1077936448 115456 449364 5713 220 12401 5451 1226 2207 20 0 308 0 5765 2174586880 25311 18446744073709551615 1 1 0 0 0 0 4612 1 1073775864 0 0 0 -1 0 0 0 0 0 0 0 0 0 0 0 0 0 0
695 1102 (LiveTvAppLaunch) S 333 333 0 0 -1 1077936192 5 449364 0 220 0 0 1226 2207 25 5 308 0 5768 2174586880 25311 18446744073709551615 1 1 0 0 0 0 4612 1 1073775864 0 0 0 -1 3 0 0 0 0 0 0 0 0 0 0 0 0 0
695 1103 (AudioArcusHelpe) S 333 333 0 0 -1 1077936192 7469 449364 153 220 128 10 1226 2207 20 0 308 0 5768 2174586880 25311 18446744073709551615 1 1 0 0 0 0 4612 1 1073775864 0 0 0 -1 0 0 0 0 0 0 0 0 0 0 0 0 0 0
695 1105 (AmazonInputMana) S 333 333 0 0 -1 1077936192 529 449364 138 220 3 3 1226 2207 20 0 308 0 5769 2174586880 25311 18446744073709551615 1 1 0 0 0 0 4612 1 1073775864 0 0 0 -1 3 0 0 0 0 0 0 0 0 0 0 0 0 0
695 1106 (DenyListArcusHe) S 333 333 0 0 -1 1077936192 5 449364 0 220 0 0 1226 2207 20 0 308 0 5769 2174586880 25311 18446744073709551615 1 1 0 0 0 0 4612 1 1073775864 0 0 0 -1 1 0 0 0 0 0 0 0 0 0 0 0 0 0
695 1108 (WifiDiagsQueueT) S 333 333 0 0 -1 1077936192 262258 449364 1550 220 14368 11726 1226 2207 20 0 308 0 5770 2174586880 25311 18446744073709551615 1 1 0 0 0 0 4612 1 1073775864 0 0 0 -1 3 0 0 0 0 0 0 0 0 0 0 0 0 0
695 1110 (NetWatchDogQueu) S 333 333 0 0 -1 1077936192 40 449364 46 220 22 52 1226 2207 20 0 308 0 5771 2174586880 25311 18446744073709551615 1 1 0 0 0 0 4612 1 1073775864 0 0 0 -1 2 0 0 0 0 0 0 0 0 0 0 0 0 0
695 1111 (TimeServiceThre) S 333 333 0 0 -1 1077936448 1467 449364 151 220 28 29 1226 2207 20 0 308 0 5771 2174586880 25311 18446744073709551615 1 1 0 0 0 0 4612 1 1073775864 0 0 0 -1 0 0 0 0 0 0 0 0 0 0 0 0 0 0
695 1112 (TimeServiceNetw) S 333 333 0 0 -1 1077936192 5 449364 0 220 0 0 1226 2207 20 0 308 0 5771 2174586880 25311 18446744073709551615 1 1 0 0 0 0 4612 1 1073775864 0 0 0 -1 3 0 0 0 0 0 0 0 0 0 0 0 0 0
695 1114 (AMA Callback Na) S 333 333 0 0 -1 1077936192 6 449364 0 220 0 0 1226 2207 18 -2 308 0 5772 2174586880 25311 18446744073709551615 1 1 0 0 0 0 4612 1 1073775864 0 0 0 -1 0 0 0 0 0 0 0 0 0 0 0 0 0 0
695 1116 (Binder:695_5) S 333 333 0 0 -1 1077936448 123006 449364 5721 220 14038 6128 1226 2207 20 0 308 0 5772 2174586880 25311 18446744073709551615 1 1 0 0 0 0 4612 1 1073775864 0 0 0 -1 0 0 0 0 0 0 0 0 0 0 0 0 0 0
695 1119 (TestMetricBuffe) S 333 333 0 0 -1 1077936192 5 449364 0 220 0 0 1226 2207 20 0 308 0 5773 2174586880 25311 18446744073709551615 1 1 0 0 0 0 4612 1 1073775864 0 0 0 -1 0 0 0 0 0 0 0 0 0 0 0 0 0 0
695 1121 (BspConsumer) S 333 333 0 0 -1 1077936192 151 449364 3 220 4 5 1226 2207 20 0 308 0 5775 2174586880 25311 18446744073709551615 1 1 0 0 0 0 4612 1 1073775864 0 0 0 -1 1 0 0 0 0 0 0 0 0 0 0 0 0 0
695 1124 (TaskSnapshotPer) S 333 333 0 0 -1 1077936192 702 449364 219 220 16 18 1226 2207 30 10 308 0 5775 2174586880 25311 18446744073709551615 1 1 0 0 0 0 4612 1 1073775864 0 0 0 -1 0 0 0 0 0 0 0 0 0 0 0 0 0 0
695 1125 (PhotonicModulat) S 333 333 0 0 -1 1077936192 326 449364 71 220 12 6 1226 2207 20 0 308 0 5777 2174586880 25311 18446744073709551615 1 1 0 0 0 0 4612 1 1073775864 0 0 0 -1 0 0 0 0 0 0 0 0 0 0 0 0 0 0
695 1130 (ContextualSSArc) S 333 333 0 0 -1 1077936192 163 449364 87 220 2 1 1226 2207 20 0 308 0 5780 2174586880 25311 18446744073709551615 1 1 0 0 0 0 4612 1 1073775864 0 0 0 -1 0 0 0 0 0 0 0 0 0 0 0 0 0 0
695 1132 (HomeLauncherArc) S 333 333 0 0 -1 1077936192 1126 449364 77 220 6 4 1226 2207 20 0 308 0 5782 2174586880 25311 18446744073709551615 1 1 0 0 0 0 4612 1 1073775864 0 0 0 -1 2 0 0 0 0 0 0 0 0 0 0 0 0 0
695 1151 (AmazonPmArcusUt) S 333 333 0 0 -1 1077936192 81 449364 4 220 1 0 1226 2207 20 0 308 0 5834 2174586880 25311 18446744073709551615 1 1 0 0 0 0 4612 1 1073775864 0 0 0 -1 3 0 0 0 0 0 0 0 0 0 0 0 0 0
695 1159 (SyncManager) S 333 333 0 0 -1 1077936448 64729 449364 1227 220 1665 742 1226 2207 30 10 308 0 5844 2174586880 25311 18446744073709551615 1 1 0 0 0 0 4612 1 1073775864 0 0 0 -1 1 0 0 0 0 0 0 0 0 0 0 0 0 0
695 1160 (Binder:695_6) S 333 333 0 0 -1 1077936448 114949 449364 5703 220 12921 5913 1226 2207 20 0 308 0 5848 2174586880 25311 18446744073709551615 1 1 0 0 0 0 4612 1 1073775864 0 0 0 -1 0 0 0 0 0 0 0 0 0 0 0 0 0 0
695 1162 (SyncHandler-0) S 333 333 0 0 -1 1077936192 1573 449364 18 220 12 20 1226 2207 20 0 308 0 5857 2174586880 25311 18446744073709551615 1 1 0 0 0 0 4612 1 1073775864 0 0 0 -1 2 0 0 0 0 0 0 0 0 0 0 0 0 0
695 1184 (UsbService host) S 333 333 0 0 -1 4194368 14 449364 22 220 0 0 1226 2207 20 0 308 0 5872 2174586880 25311 18446744073709551615 1 1 0 0 0 0 4612 1 1073775864 0 0 0 -1 1 0 0 0 0 0 0 0 0 0 0 0 0 0
695 11891 (Binder:695_1B) S 333 333 0 0 -1 1077936448 227065 449364 5642 220 24940 11078 1226 2207 20 0 308 0 31185 2174586880 25311 18446744073709551615 1 1 0 0 0 0 4612 1 1073775864 0 0 0 -1 2 0 0 0 0 0 0 0 0 0 0 0 0 0
695 11941 (Binder:695_1C) S 333 333 0 0 -1 1077936448 216793 449364 6790 220 27688 12654 1226 2207 20 0 308 0 31264 2174586880 25311 18446744073709551615 1 1 0 0 0 0 4612 1 1073775864 0 0 0 -1 1 0 0 0 0 0 0 0 0 0 0 0 0 0
695 12141 (LogRetentionJob) S 333 333 0 0 -1 1077936192 8 449364 0 220 0 0 1226 2207 20 0 308 0 26111907 2174586880 25311 18446744073709551615 1 1 0 0 0 0 4612 1 1073775864 0 0 0 -1 3 0 0 0 0 0 0 0 0 0 0 0 0 0
695 12201 (AmazonFingerPri) S 333 333 0 0 -1 1077936192 7 449364 1 220 0 0 1226 2207 30 10 308 0 268212254 2174586880 25311 18446744073709551615 1 1 0 0 0 0 4612 1 1073775864 0 0 0 -1 2 0 0 0 0 0 0 0 0 0 0 0 0 0
695 12222 (Binder:695_1D) S 333 333 0 0 -1 1077936448 259154 449364 6141 220 32193 14432 1226 2207 20 0 308 0 34633 2174586880 25311 18446744073709551615 1 1 0 0 0 0 4612 1 1073775864 0 0 0 -1 1 0 0 0 0 0 0 0 0 0 0 0 0 0
695 12355 (pool-7-thread-2) S 333 333 0 0 -1 1077936192 36003 449364 850 220 1088 1520 1226 2207 20 0 308 0 37001 2174586880 25311 18446744073709551615 1 1 0 0 0 0 4612 1 1073775864 0 0 0 -1 3 0 0 0 0 0 0 0 0 0 0 0 0 0
695 12456 (AmazonFingerPri) S 333 333 0 0 -1 1077936192 5 449364 0 220 0 0 1226 2207 30 10 308 0 129971582 2174586880 25311 18446744073709551615 1 1 0 0 0 0 4612 1 1073775864 0 0 0 -1 3 0 0 0 0 0 0 0 0 0 0 0 0 0
695 12577 (LogRetentionJob) S 333 333 0 0 -1 1077936192 12 449364 3 220 0 0 1226 2207 20 0 308 0 242105957 2174586880 25311 18446744073709551615 1 1 0 0 0 0 4612 1 1073775864 0 0 0 -1 0 0 0 0 0 0 0 0 0 0 0 0 0 0
695 1258 (Binder:695_7) S 333 333 0 0 -1 1077936448 103921 449364 4687 220 12244 5279 1226 2207 20 0 308 0 5893 2174586880 25311 18446744073709551615 1 1 0 0 0 0 4612 1 1073775864 0 0 0 -1 0 0 0 0 0 0 0 0 0 0 0 0 0 0
695 1261 (Binder:695_8) S 333 333 0 0 -1 1077936448 102492 449364 3949 220 12409 5542 1226 2207 20 0 308 0 5893 2174586880 25311 18446744073709551615 1 1 0 0 0 0 4612 1 1073775864 0 0 0 -1 1 0 0 0 0 0 0 0 0 0 0 0 0 0
695 1262 (Binder:695_9) S 333 333 0 0 -1 1077936448 97579 449364 5625 220 11182 5107 1226 2207 20 0 308 0 5893 2174586880 25311 18446744073709551615 1 1 0 0 0 0 4612 1 1073775864 0 0 0 -1 0 0 0 0 0 0 0 0 0 0 0 0 0 0
695 1263 (Binder:695_A) S 333 333 0 0 -1 1077936448 112614 449364 6312 220 12808 5539 1226 2207 20 0 308 0 5894 2174586880 25311 18446744073709551615 1 1 0 0 0 0 4612 1 1073775864 0 0 0 -1 0 0 0 0 0 0 0 0 0 0 0 0 0 0
695 1264 (Binder:695_B) S 333 333 0 0 -1 1077936448 98307 449364 3808 220 11098 4817 1226 2207 20 0 308 0 5894 2174586880 25311 18446744073709551615 1 1 0 0 0 4096 4612 1 1073775864 0 0 0 -1 0 0 0 0 0 0 0 0 0 0 0 0 0 0
695 1266 (Binder:695_C) S 333 333 0 0 -1 1077936448 104566 449364 6341 220 12226 5491 1226 2207 20 0 308 0 5894 2174586880 25311 18446744073709551615 1 1 0 0 0 0 4612 1 1073775864 0 0 0 -1 0 0 0 0 0 0 0 0 0 0 0 0 0 0
695 1267 (Binder:695_D) S 333 333 0 0 -1 1077936448 106246 449364 6685 220 11218 4751 1226 2207 20 0 308 0 5894 2174586880 25311 18446744073709551615 1 1 0 0 0 4096 4612 1 1073775864 0 0 0 -1 0 0 0 0 0 0 0 0 0 0 0 0 0 0
695 13013 (AmazonFingerPri) S 333 333 0 0 -1 1077936192 6 449364 0 220 0 0 1226 2207 30 10 308 0 60847524 2174586880 25311 18446744073709551615 1 1 0 0 0 0 4612 1 1073775864 0 0 0 -1 0 0 0 0 0 0 0 0 0 0 0 0 0 0
695 13572 (LogRetentionJob) S 333 333 0 0 -1 1077936192 8 449364 3 220 0 0 1226 2207 20 0 308 0 185719 2174586880 25311 18446744073709551615 1 1 0 0 0 0 4612 1 1073775864 0 0 0 -1 2 0 0 0 0 0 0 0 0 0 0 0 0 0
695 1373 (pool-9-thread-1) S 333 333 0 0 -1 1077936192 444 449364 126 220 4 6 1226 2207 20 0 308 0 5926 2174586880 25311 18446744073709551615 1 1 0 0 0 0 4612 1 1073775864 0 0 0 -1 2 0 0 0 0 0 0 0 0 0 0 0 0 0
695 1374 (pool-9-thread-2) S 333 333 0 0 -1 1077936192 408 449364 82 220 4 5 1226 2207 20 0 308 0 5926 2174586880 25311 18446744073709551615 1 1 0 0 0 0 4612 1 1073775864 0 0 0 -1 2 0 0 0 0 0 0 0 0 0 0 0 0 0
695 13746 (LogRetentionJob) S 333 333 0 0 -1 1077936192 9 449364 0 220 0 0 1226 2207 20 0 308 0 164355054 2174586880 25311 18446744073709551615 1 1 0 0 0 0 4612 1 1073775864 0 0 0 -1 0 0 0 0 0 0 0 0 0 0 0 0 0 0
695 13851 (AdbDebuggingMan) S 333 333 0 0 -1 4194368 24 449364 2 220 0 0 1226 2207 20 0 308 0 194105 2174586880 25311 18446744073709551615 1 1 0 0 0 0 4612 1 1073775864 0 0 0 -1 1 0 0 0 0 0 0 0 0 0 0 0 0 0
695 14057 (Binder:695_1E) S 333 333 0 0 -1 1077936448 258039 449364 7688 220 31592 14475 1226 2207 20 0 308 0 204245 2174586880 25311 18446744073709551615 1 1 0 0 0 4096 4612 1 1073775864 0 0 0 -1 2 0 0 0 0 0 0 0 0 0 0 0 0 0
695 1421 (Thread-15) S 333 333 0 0 -1 4194368 6 449364 0 220 0 0 1226 2207 20 0 308 0 5953 2174586880 25311 18446744073709551615 1 1 0 0 0 0 4612 1 1073775864 0 0 0 -1 2 0 0 0 0 0 0 0 0 0 0 0 0 0
695 1429 (NetworkStatsObs) S 333 333 0 0 -1 1077936192 2995 449364 223 220 115 98 1226 2207 20 0 308 0 5956 2174586880 25311 18446744073709551615 1 1 0 0 0 0 4612 1 1073775864 0 0 0 -1 3 0 0 0 0 0 0 0 0 0 0 0 0 0
695 14343 (AmazonFingerPri) S 333 333 0 0 -1 1077936192 5 449364 1 220 0 0 1226 2207 30 10 308 0 26287160 2174586880 25311 18446744073709551615 1 1 0 0 0 0 4612 1 1073775864 0 0 0 -1 0 0 0 0 0 0 0 0 0 0 0 0 0 0
695 14374 (LogRetentionJob) S 333 333 0 0 -1 1077936192 12 449364 1 220 0 0 1226 2207 20 0 308 0 86586829 2174586880 25311 18446744073709551615 1 1 0 0 0 0 4612 1 1073775864 0 0 0 -1 0 0 0 0 0 0 0 0 0 0 0 0 0 0
695 14526 (AudioTrack) S 333 333 0 0 -1 1077936192 5 449364 2 220 0 0 1226 2207 4 -16 308 0 204664830 2174586880 25311 18446744073709551615 1 1 0 0 0 0 4612 1 1073775864 0 0 0 -1 2 0 0 0 0 0 0 0 0 0 0 0 0 0
695 14537 (AudioTrack) S 333 333 0 0 -1 1077936192 5 449364 0 220 0 0 1226 2207 4 -16 308 0 204664908 2174586880 25311 18446744073709551615 1 1 0 0 0 0 4612 1 1073775864 0 0 0 -1 0 0 0 0 0 0 0 0 0 0 0 0 0 0
695 1467 (PerfAnimationAr) S 333 333 0 0 -1 1077936192 111 449364 53 220 2 3 1226 2207 30 10 308 0 5970 2174586880 25311 18446744073709551615 1 1 0 0 0 0 4612 1 1073775864 0 0 0 -1 1 0 0 0 0 0 0 0 0 0 0 0 0 0
695 14742 (AmazonFingerPri) S 333 333 0 0 -1 1077936192 7 449364 3 220 0 0 1226 2207 30 10 308 0 242286254 2174586880 25311 18446744073709551615 1 1 0 0 0 0 4612 1 1073775864 0 0 0 -1 0 0 0 0 0 0 0 0 0 0 0 0 0 0
695 14922 (Binder:695_1F) S 333 333 0 0 -1 1077936448 266146 449364 8220 220 34148 15605 1226 2207 20 0 308 0 223944 2174586880 25311 18446744073709551615 1 1 0 0 0 0 4612 1 1073775864 0 0 0 -1 1 0 0 0 0 0 0 0 0 0 0 0 0 0
695 15088 (Binder:695_20) S 333 333 0 0 -1 1077936448 296840 449364 7047 220 37895 17270 1226 2207 20 0 308 0 224908 2174586880 25311 18446744073709551615 1 1 0 0 0 0 4612 1 1073775864 0 0 0 -1 2 0 0 0 0 0 0 0 0 0 0 0 0 0
695 1525 (pool-2-thread-1) S 333 333 0 0 -1 1077936192 538 449364 149 220 5 3 1226 2207 20 0 308 0 6010 2174586880 25311 18446744073709551615 1 1 0 0 0 0 4612 1 1073775864 0 0 0 -1 2 0 0 0 0 0 0 0 0 0 0 0 0 0
695 15294 (Binder:695_21) S 333 333 0 0 -1 1077936448 328701 449364 6165 220 41440 18491 1226 2207 20 0 308 0 230233 2174586880 25311 18446744073709551615 1 1 0 0 0 0 4612 1 1073775864 0 0 0 -1 1 0 0 0 0 0 0 0 0 0 0 0 0 0
695 15492 (LogRetentionJob) S 333 333 0 0 -1 1077936192 9 449364 0 220 0 0 1226 2207 20 0 308 0 121154176 2174586880 25311 18446744073709551615 1 1 0 0 0 0 4612 1 1073775864 0 0 0 -1 3 0 0 0 0 0 0 0 0 0 0 0 0 0
695 1594 (CCodecWatchdog) S 333 333 0 0 -1 1077936192 1 449364 0 220 0 0 1226 2207 20 0 308 0 6044 2174586880 25311 18446744073709551615 1 1 0 0 0 0 4612 1 1073775864 0 0 0 -1 2 0 0 0 0 0 0 0 0 0 0 0 0 0
695 1596 (NDK MediaCodec_) S 333 333 0 0 -1 1077936192 1 449364 0 220 0 0 1226 2207 4 -16 308 0 6044 2174586880 25311 18446744073709551615 1 1 0 0 0 0 4612 1 1073775864 0 0 0 -1 1 0 0 0 0 0 0 0 0 0 0 0 0 0
695 15969 (AmazonFingerPri) S 333 333 0 0 -1 1077936192 5 449364 0 220 0 0 1226 2207 30 10 308 0 164532139 2174586880 25311 18446744073709551615 1 1 0 0 0 0 4612 1 1073775864 0 0 0 -1 3 0 0 0 0 0 0 0 0 0 0 0 0 0
695 1597 (NDK MediaCodec_) S 333 333 0 0 -1 1077936192 1 449364 0 220 0 0 1226 2207 4 -16 308 0 6044 2174586880 25311 18446744073709551615 1 1 0 0 0 0 4612 1 1073775864 0 0 0 -1 0 0 0 0 0 0 0 0 0 0 0 0 0 0
695 1605 (HwBinder:695_4) S 333 333 0 0 -1 1077936192 5526 449364 271 220 497 149 1226 2207 20 0 308 0 6051 2174586880 25311 18446744073709551615 1 1 0 0 0 0 4612 1 1073775864 0 0 0 -1 0 0 0 0 0 0 0 0 0 0 0 0 0 0
695 1612 (HwBinder:695_5) S 333 333 0 0 -1 1077936192 9153 449364 323 220 790 240 1226 2207 20 0 308 0 6060 2174586880 25311 18446744073709551615 1 1 0 0 0 0 4612 1 1073775864 0 0 0 -1 0 0 0 0 0 0 0 0 0 0 0 0 0 0
695 16757 (AmazonFingerPri) S 333 333 0 0 -1 1077936192 5 449364 0 220 0 0 1226 2207 30 10 308 0 86767127 2174586880 25311 18446744073709551615 1 1 0 0 0 0 4612 1 1073775864 0 0 0 -1 1 0 0 0 0 0 0 0 0 0 0 0 0 0
695 1699 (FireTVKeyPolicy) S 333 333 0 0 -1 1077936192 5 449364 0 220 0 0 1226 2207 18 -2 308 0 6123 2174586880 25311 18446744073709551615 1 1 0 0 0 0 4612 1 1073775864 0 0 0 -1 0 0 0 0 0 0 0 0 0 0 0 0 0 0
695 1752 (Binder:695_E) S 333 333 0 0 -1 1077936448 109551 449364 7129 220 12097 5465 1226 2207 20 0 308 0 6209 2174586880 25311 18446744073709551615 1 1 0 0 0 4096 4612 1 1073775864 0 0 0 -1 0 0 0 0 0 0 0 0 0 0 0 0 0 0
695 1759 (VolumeAliasHand) S 333 333 0 0 -1 1077936192 4 449364 0 220 0 0 1226 2207 20 0 308 0 6215 2174586880 25311 18446744073709551615 1 1 0 0 0 0 4612 1 1073775864 0 0 0 -1 2 0 0 0 0 0 0 0 0 0 0 0 0 0
695 1764 (LeGattConnectio) S 333 333 0 0 -1 1077936192 5 449364 0 220 0 0 1226 2207 20 0 308 0 6226 2174586880 25311 18446744073709551615 1 1 0 0 0 0 4612 1 1073775864 0 0 0 -1 0 0 0 0 0 0 0 0 0 0 0 0 0 0
695 1766 (LeGattScanWorke) S 333 333 0 0 -1 1077936192 5 449364 0 220 0 0 1226 2207 20 0 308 0 6226 2174586880 25311 18446744073709551615 1 1 0 0 0 0 4612 1 1073775864 0 0 0 -1 3 0 0 0 0 0 0 0 0 0 0 0 0 0
695 1767 (LeAdapterReques) S 333 333 0 0 -1 1077936192 5 449364 0 220 0 0 1226 2207 20 0 308 0 6227 2174586880 25311 18446744073709551615 1 1 0 0 0 0 4612 1 1073775864 0 0 0 -1 0 0 0 0 0 0 0 0 0 0 0 0 0 0
695 1773 (RedirectListene) S 333 333 0 0 -1 1077936192 5 449364 0 220 0 0 1226 2207 20 0 308 0 6236 2174586880 25311 18446744073709551615 1 1 0 0 0 0 4612 1 1073775864 0 0 0 -1 0 0 0 0 0 0 0 0 0 0 0 0 0 0
695 1782 (AdvertisingIdAr) S 333 333 0 0 -1 1077936192 9 449364 0 220 0 0 1226 2207 20 0 308 0 6239 2174586880 25311 18446744073709551615 1 1 0 0 0 0 4612 1 1073775864 0 0 0 -1 0 0 0 0 0 0 0 0 0 0 0 0 0 0
695 1794 (AmazonFingerPri) S 333 333 0 0 -1 1077936192 20 449364 6 220 0 0 1226 2207 30 10 308 0 6241 2174586880 25311 18446744073709551615 1 1 0 0 0 0 4612 1 1073775864 0 0 0 -1 1 0 0 0 0 0 0 0 0 0 0 0 0 0
695 1798 (ThreadPriorityB) S 333 333 0 0 -1 1077936448 553 449364 200 220 6 10 1226 2207 20 0 308 0 6242 2174586880 25311 18446744073709551615 1 1 0 0 0 0 4612 1 1073775864 0 0 0 -1 3 0 0 0 0 0 0 0 0 0 0 0 0 0
695 1801 (BtLeManagerThre) S 333 333 0 0 -1 1077936192 97 449364 19 220 0 1 1226 2207 20 0 308 0 6244 2174586880 25311 18446744073709551615 1 1 0 0 0 0 4612 1 1073775864 0 0 0 -1 0 0 0 0 0 0 0 0 0 0 0 0 0 0
695 1802 (pool-8-thread-1) S 333 333 0 0 -1 1077936192 1301 449364 263 220 46 41 1226 2207 20 0 308 0 6247 2174586880 25311 18446744073709551615 1 1 0 0 0 0 4612 1 1073775864 0 0 0 -1 3 0 0 0 0 0 0 0 0 0 0 0 0 0
695 1803 (OsuServerHandle) S 333 333 0 0 -1 1077936192 5 449364 0 220 0 0 1226 2207 20 0 308 0 6250 2174586880 25311 18446744073709551615 1 1 0 0 0 0 4612 1 1073775864 0 0 0 -1 1 0 0 0 0 0 0 0 0 0 0 0 0 0
695 1815 (LogRetentionJob) S 333 333 0 0 -1 1077936192 11 449364 2 220 0 0 1226 2207 20 0 308 0 216185958 2174586880 25311 18446744073709551615 1 1 0 0 0 0 4612 1 1073775864 0 0 0 -1 0 0 0 0 0 0 0 0 0 0 0 0 0 0
695 1828 (PerfArcusLooper) S 333 333 0 0 -1 1077936192 168 449364 67 220 2 1 1226 2207 20 0 308 0 6309 2174586880 25311 18446744073709551615 1 1 0 0 0 0 4612 1 1073775864 0 0 0 -1 1 0 0 0 0 0 0 0 0 0 0 0 0 0
695 1842 (PerfSchedTunerA) S 333 333 0 0 -1 1077936192 127 449364 74 220 1 3 1226 2207 30 10 308 0 6315 2174586880 25311 18446744073709551615 1 1 0 0 0 0 4612 1 1073775864 0 0 0 -1 1 0 0 0 0 0 0 0 0 0 0 0 0 0
695 1855 (SamplingThread) S 333 333 0 0 -1 1077936192 4 449364 0 220 0 0 1226 2207 20 0 308 0 6318 2174586880 25311 18446744073709551615 1 1 0 0 0 0 4612 1 1073775864 0 0 0 -1 3 0 0 0 0 0 0 0 0 0 0 0 0 0
695 18720 (AmazonFingerPri) S 333 333 0 0 -1 1077936192 5 449364 0 220 0 0 1226 2207 30 10 308 0 121327246 2174586880 25311 18446744073709551615 1 1 0 0 0 0 4612 1 1073775864 0 0 0 -1 1 0 0 0 0 0 0 0 0 0 0 0 0 0
695 19126 (LogRetentionJob) S 333 333 0 0 -1 1077936192 9 449364 0 220 0 0 1226 2207 20 0 308 0 52050581 2174586880 25311 18446744073709551615 1 1 0 0 0 0 4612 1 1073775864 0 0 0 -1 1 0 0 0 0 0 0 0 0 0 0 0 0 0
695 19181 (LogRetentionJob) S 333 333 0 0 -1 1077936192 9 449364 0 220 0 0 1226 2207 20 0 308 0 198910962 2174586880 25311 18446744073709551615 1 1 0 0 0 0 4612 1 1073775864 0 0 0 -1 1 0 0 0 0 0 0 0 0 0 0 0 0 0
695 20345 (LogRetentionJob) S 333 333 0 0 -1 1077936192 9 449364 0 220 0 0 1226 2207 20 0 308 0 17483740 2174586880 25311 18446744073709551615 1 1 0 0 0 0 4612 1 1073775864 0 0 0 -1 0 0 0 0 0 0 0 0 0 0 0 0 0 0
695 2100 (LazyTaskWriterT) S 333 333 0 0 -1 1077936192 6154 449364 522 220 109 240 1226 2207 30 10 308 0 6581 2174586880 25311 18446744073709551615 1 1 0 0 0 0 4612 1 1073775864 0 0 0 -1 0 0 0 0 0 0 0 0 0 0 0 0 0 0
695 2102 (StorageUserConn) S 333 333 0 0 -1 1077936192 13 449364 0 220 0 0 1226 2207 20 0 308 0 6583 2174586880 25311 18446744073709551615 1 1 0 0 0 0 4612 1 1073775864 0 0 0 -1 2 0 0 0 0 0 0 0 0 0 0 0 0 0
695 21044 (AmazonFingerPri) S 333 333 0 0 -1 1077936192 5 449364 0 220 0 0 1226 2207 30 10 308 0 52207431 2174586880 25311 18446744073709551615 1 1 0 0 0 0 4612 1 1073775864 0 0 0 -1 3 0 0 0 0 0 0 0 0 0 0 0 0 0
695 21475 (AmazonFingerPri) S 333 333 0 0 -1 1077936192 5 449364 0 220 0 0 1226 2207 30 10 308 0 199091512 2174586880 25311 18446744073709551615 1 1 0 0 0 0 4612 1 1073775864 0 0 0 -1 1 0 0 0 0 0 0 0 0 0 0 0 0 0
695 22055 (OkHttp Connecti) S 333 333 0 0 -1 1077936192 10 449364 1 220 0 0 1226 2207 20 0 308 0 268940414 2174586880 25311 18446744073709551615 1 1 0 0 0 0 4612 1 1073775864 0 0 0 -1 2 0 0 0 0 0 0 0 0 0 0 0 0 0
695 2211 (AudioPortEventH) S 333 333 0 0 -1 1077936192 603 449364 326 220 3 9 1226 2207 20 0 308 0 6637 2174586880 25311 18446744073709551615 1 1 0 0 0 0 4612 1 1073775864 0 0 0 -1 1 0 0 0 0 0 0 0 0 0 0 0 0 0
695 22517 (AmazonFingerPri) S 333 333 0 0 -1 1077936192 6 449364 0 220 0 0 1226 2207 30 10 308 0 17647085 2174586880 25311 18446744073709551615 1 1 0 0 0 0 4612 1 1073775864 0 0 0 -1 1 0 0 0 0 0 0 0 0 0 0 0 0 0
695 22634 (LogRetentionJob) S 333 333 0 0 -1 1077936192 9 449364 1 220 0 0 1226 2207 20 0 308 0 155716626 2174586880 25311 18446744073709551615 1 1 0 0 0 0 4612 1 1073775864 0 0 0 -1 3 0 0 0 0 0 0 0 0 0 0 0 0 0
695 22653 (LogRetentionJob) S 333 333 0 0 -1 1077936192 11 449364 3 220 0 0 1226 2207 20 0 308 0 207556903 2174586880 25311 18446744073709551615 1 1 0 0 0 0 4612 1 1073775864 0 0 0 -1 2 0 0 0 0 0 0 0 0 0 0 0 0 0
695 2279 (AmazonFingerPri) S 333 333 0 0 -1 1077936192 6 449364 0 220 0 0 1226 2207 30 10 308 0 104047951 2174586880 25311 18446744073709551615 1 1 0 0 0 0 4612 1 1073775864 0 0 0 -1 3 0 0 0 0 0 0 0 0 0 0 0 0 0
695 22974 (LogRetentionJob) S 333 333 0 0 -1 1077936192 9 449364 0 220 0 0 1226 2207 20 0 308 0 112524029 2174586880 25311 18446744073709551615 1 1 0 0 0 0 4612 1 1073775864 0 0 0 -1 1 0 0 0 0 0 0 0 0 0 0 0 0 0
695 24468 (LogRetentionJob) S 333 333 0 0 -1 1077936192 11 449364 8 220 0 0 1226 2207 20 0 308 0 233465958 2174586880 25311 18446744073709551615 1 1 0 0 0 0 4612 1 1073775864 0 0 0 -1 2 0 0 0 0 0 0 0 0 0 0 0 0 0
695 24597 (LogRetentionJob) S 333 333 0 0 -1 1077936192 10 449364 0 220 0 0 1226 2207 20 0 308 0 190274408 2174586880 25311 18446744073709551615 1 1 0 0 0 0 4612 1 1073775864 0 0 0 -1 1 0 0 0 0 0 0 0 0 0 0 0 0 0
695 2489 (pool-7-thread-1) S 333 333 0 0 -1 1077936192 36546 449364 919 220 1073 1540 1226 2207 20 0 308 0 6947 2174586880 25311 18446744073709551615 1 1 0 0 0 0 4612 1 1073775864 0 0 0 -1 3 0 0 0 0 0 0 0 0 0 0 0 0 0
695 25127 (AmazonFingerPri) S 333 333 0 0 -1 1077936192 5 449364 1 220 0 0 1226 2207 30 10 308 0 112688023 2174586880 25311 18446744073709551615 1 1 0 0 0 0 4612 1 1073775864 0 0 0 -1 1 0 0 0 0 0 0 0 0 0 0 0 0 0
695 25157 (AmazonFingerPri) S 333 333 0 0 -1 1077936192 6 449364 0 220 0 0 1226 2207 30 10 308 0 155892024 2174586880 25311 18446744073709551615 1 1 0 0 0 0 4612 1 1073775864 0 0 0 -1 0 0 0 0 0 0 0 0 0 0 0 0 0 0
695 25397 (AmazonFingerPri) S 333 333 0 0 -1 1077936192 8 449364 0 220 0 0 1226 2207 30 10 308 0 207732746 2174586880 25311 18446744073709551615 1 1 0 0 0 0 4612 1 1073775864 0 0 0 -1 3 0 0 0 0 0 0 0 0 0 0 0 0 0
695 2542 (Okio Watchdog) S 333 333 0 0 -1 1077936192 96 449364 58 220 85 99 1226 2207 20 0 308 0 6967 2174586880 25311 18446744073709551615 1 1 0 0 0 0 4612 1 1073775864 0 0 0 -1 0 0 0 0 0 0 0 0 0 0 0 0 0 0
695 25479 (LogRetentionJob) S 333 333 0 0 -1 1077936192 9 449364 0 220 0 0 1226 2207 20 0 308 0 77960230 2174586880 25311 18446744073709551615 1 1 0 0 0 0 4612 1 1073775864 0 0 0 -1 1 0 0 0 0 0 0 0 0 0 0 0 0 0
695 26886 (process reaper) S 333 333 0 0 -1 1077936192 5 449364 0 220 0 0 1226 2207 12 -8 308 0 269160252 2174586880 25311 18446744073709551615 1 1 0 0 0 0 4612 1 1073775864 0 0 0 -1 1 0 0 0 0 0 0 0 0 0 0 0 0 0
695 26957 (AmazonFingerPri) S 333 333 0 0 -1 1077936192 9 449364 2 220 0 0 1226 2207 30 10 308 0 233646255 2174586880 25311 18446744073709551615 1 1 0 0 0 0 4612 1 1073775864 0 0 0 -1 2 0 0 0 0 0 0 0 0 0 0 0 0 0
695 27340 (AmazonFingerPri) S 333 333 0 0 -1 1077936192 5 449364 0 220 0 0 1226 2207 30 10 308 0 190452511 2174586880 25311 18446744073709551615 1 1 0 0 0 0 4612 1 1073775864 0 0 0 -1 3 0 0 0 0 0 0 0 0 0 0 0 0 0
695 27405 (AsyncTask #16) S 333 333 0 0 -1 1077936192 4020 449364 158 220 43 23 1226 2207 30 10 308 0 254950814 2174586880 25311 18446744073709551615 1 1 0 0 0 0 4612 1 1073775864 0 0 0 -1 1 0 0 0 0 0 0 0 0 0 0 0 0 0
695 27645 (AmazonFingerPri) S 333 333 0 0 -1 1077936192 5 449364 1 220 0 0 1226 2207 30 10 308 0 78127720 2174586880 25311 18446744073709551615 1 1 0 0 0 0 4612 1 1073775864 0 0 0 -1 3 0 0 0 0 0 0 0 0 0 0 0 0 0
695 28310 (LogRetentionJob) S 333 333 0 0 -1 1077936192 10 449364 2 220 0 0 1226 2207 20 0 308 0 43395587 2174586880 25311 18446744073709551615 1 1 0 0 0 0 4612 1 1073775864 0 0 0 -1 1 0 0 0 0 0 0 0 0 0 0 0 0 0
695 29014 (LogRetentionJob) S 333 333 0 0 -1 1077936192 8 449364 1 220 0 0 1226 2207 20 0 308 0 8827337 2174586880 25311 18446744073709551615 1 1 0 0 0 0 4612 1 1073775864 0 0 0 -1 1 0 0 0 0 0 0 0 0 0 0 0 0 0
695 29588 (LogRetentionJob) S 333 333 0 0 -1 1077936192 13 449364 4 220 0 0 1226 2207 20 0 308 0 250745958 2174586880 25311 18446744073709551615 1 1 0 0 0 0 4612 1 1073775864 0 0 0 -1 3 0 0 0 0 0 0 0 0 0 0 0 0 0
695 29756 (LogRetentionJob) S 333 333 0 0 -1 1077936192 10 449364 0 220 0 0 1226 2207 20 0 308 0 147084566 2174586880 25311 18446744073709551615 1 1 0 0 0 0 4612 1 1073775864 0 0 0 -1 0 0 0 0 0 0 0 0 0 0 0 0 0 0
695 30600 (LogRetentionJob) S 333 333 0 0 -1 1077936192 12 449364 5 220 0 0 1226 2207 20 0 308 0 259385957 2174586880 25311 18446744073709551615 1 1 0 0 0 0 4612 1 1073775864 0 0 0 -1 0 0 0 0 0 0 0 0 0 0 0 0 0 0
695 30920 (AmazonFingerPri) S 333 333 0 0 -1 1077936192 6 449364 1 220 0 0 1226 2207 30 10 308 0 43567339 2174586880 25311 18446744073709551615 1 1 0 0 0 0 4612 1 1073775864 0 0 0 -1 3 0 0 0 0 0 0 0 0 0 0 0 0 0
695 30945 (AmazonFingerPri) S 333 333 0 0 -1 1077936192 8 449364 4 220 0 0 1226 2207 30 10 308 0 366254 2174586880 25311 18446744073709551615 1 1 0 0 0 0 4612 1 1073775864 0 0 0 -1 2 0 0 0 0 0 0 0 0 0 0 0 0 0
695 31028 (AmazonFingerPri) S 333 333 0 0 -1 1077936192 6 449364 0 220 0 0 1226 2207 30 10 308 0 9006991 2174586880 25311 18446744073709551615 1 1 0 0 0 0 4612 1 1073775864 0 0 0 -1 2 0 0 0 0 0 0 0 0 0 0 0 0 0
695 31588 (LogRetentionJob) S 333 333 0 0 -1 1077936192 10 449364 0 220 0 0 1226 2207 20 0 308 0 103868899 2174586880 25311 18446744073709551615 1 1 0 0 0 0 4612 1 1073775864 0 0 0 -1 1 0 0 0 0 0 0 0 0 0 0 0 0 0
695 31855 (AmazonFingerPri) S 333 333 0 0 -1 1077936192 6 449364 0 220 0 0 1226 2207 30 10 308 0 147251855 2174586880 25311 18446744073709551615 1 1 0 0 0 0 4612 1 1073775864 0 0 0 -1 1 0 0 0 0 0 0 0 0 0 0 0 0 0
695 31983 (AmazonFingerPri) S 333 333 0 0 -1 1077936192 7 449364 0 220 0 0 1226 2207 30 10 308 0 250926254 2174586880 25311 18446744073709551615 1 1 0 0 0 0 4612 1 1073775864 0 0 0 -1 1 0 0 0 0 0 0 0 0 0 0 0 0 0
695 3214 (BtCallback) S 333 333 0 0 -1 1077936192 61 449364 9 220 0 1 1226 2207 20 0 308 0 7572 2174586880 25311 18446744073709551615 1 1 0 0 0 0 4612 1 1073775864 0 0 0 -1 3 0 0 0 0 0 0 0 0 0 0 0 0 0
695 3245 (AmazonFingerPri) S 333 333 0 0 -1 1077936192 7 449364 1 220 0 0 1226 2207 30 10 308 0 69487613 2174586880 25311 18446744073709551615 1 1 0 0 0 0 4612 1 1073775864 0 0 0 -1 0 0 0 0 0 0 0 0 0 0 0 0 0 0
695 32725 (LogRetentionJob) S 333 333 0 0 -1 1077936192 9 449364 0 220 0 0 1226 2207 20 0 308 0 69334139 2174586880 25311 18446744073709551615 1 1 0 0 0 0 4612 1 1073775864 0 0 0 -1 0 0 0 0 0 0 0 0 0 0 0 0 0 0
695 3367 (AmazonFingerPri) S 333 333 0 0 -1 1077936192 5 449364 0 220 0 0 1226 2207 30 10 308 0 181812401 2174586880 25311 18446744073709551615 1 1 0 0 0 0 4612 1 1073775864 0 0 0 -1 3 0 0 0 0 0 0 0 0 0 0 0 0 0
695 3390 (LogRetentionJob) S 333 333 0 0 -1 1077936192 10 449364 0 220 0 0 1226 2207 20 0 308 0 138429987 2174586880 25311 18446744073709551615 1 1 0 0 0 0 4612 1 1073775864 0 0 0 -1 0 0 0 0 0 0 0 0 0 0 0 0 0 0
695 353 (LogRetentionJob) S 333 333 0 0 -1 1077936192 9 449364 0 220 0 0 1226 2207 20 0 308 0 181644164 2174586880 25311 18446744073709551615 1 1 0 0 0 0 4612 1 1073775864 0 0 0 -1 3 0 0 0 0 0 0 0 0 0 0 0 0 0
695 4400 (Binder:695_F) S 333 333 0 0 -1 1077936448 103453 449364 5909 220 11485 5020 1226 2207 20 0 308 0 9269 2174586880 25311 18446744073709551615 1 1 0 0 0 0 4612 1 1073775864 0 0 0 -1 0 0 0 0 0 0 0 0 0 0 0 0 0 0
695 4552 (AmazonFingerPri) S 333 333 0 0 -1 1077936192 6 449364 0 220 0 0 1226 2207 30 10 308 0 216366254 2174586880 25311 18446744073709551615 1 1 0 0 0 0 4612 1 1073775864 0 0 0 -1 0 0 0 0 0 0 0 0 0 0 0 0 0 0
695 4634 (AmazonKeyEventL) S 333 333 0 0 -1 1077936192 1118 449364 572 220 51 51 1226 2207 20 0 308 0 9769 2174586880 25311 18446744073709551615 1 1 0 0 0 0 4612 1 1073775864 0 0 0 -1 0 0 0 0 0 0 0 0 0 0 0 0 0 0
695 4882 (Binder:695_10) S 333 333 0 0 -1 1077936448 118908 449364 5344 220 13553 6342 1226 2207 20 0 308 0 10131 2174586880 25311 18446744073709551615 1 1 0 0 0 0 4612 1 1073775864 0 0 0 -1 2 0 0 0 0 0 0 0 0 0 0 0 0 0
695 4949 (LogRetentionJob) S 333 333 0 0 -1 1077936192 12 449364 0 220 0 0 1226 2207 20 0 308 0 34746810 2174586880 25311 18446744073709551615 1 1 0 0 0 0 4612 1 1073775864 0 0 0 -1 3 0 0 0 0 0 0 0 0 0 0 0 0 0
695 5713 (pool-6-thread-1) S 333 333 0 0 -1 1077936192 10808 449364 298 220 648 183 1226 2207 20 0 308 0 12369 2174586880 25311 18446744073709551615 1 1 0 0 0 0 4612 1 1073775864 0 0 0 -1 1 0 0 0 0 0 0 0 0 0 0 0 0 0
695 5832 (AmazonFingerPri) S 333 333 0 0 -1 1077936192 5 449364 0 220 0 0 1226 2207 30 10 308 0 138611723 2174586880 25311 18446744073709551615 1 1 0 0 0 0 4612 1 1073775864 0 0 0 -1 3 0 0 0 0 0 0 0 0 0 0 0 0 0
695 6078 (Binder:695_11) S 333 333 0 0 -1 1077936448 115660 449364 5292 220 12730 5668 1226 2207 20 0 308 0 13684 2174586880 25311 18446744073709551615 1 1 0 0 0 0 4612 1 1073775864 0 0 0 -1 0 0 0 0 0 0 0 0 0 0 0 0 0 0
695 6150 (LogRetentionJob) S 333 333 0 0 -1 1077936192 14 449364 4 220 0 0 1226 2207 20 0 308 0 224825959 2174586880 25311 18446744073709551615 1 1 0 0 0 0 4612 1 1073775864 0 0 0 -1 1 0 0 0 0 0 0 0 0 0 0 0 0 0
695 6304 (Binder:695_12) S 333 333 0 0 -1 1077936448 125145 449364 5515 220 14226 6411 1226 2207 20 0 308 0 14215 2174586880 25311 18446744073709551615 1 1 0 0 0 0 4612 1 1073775864 0 0 0 -1 1 0 0 0 0 0 0 0 0 0 0 0 0 0
695 6513 (LogRetentionJob) S 333 333 0 0 -1 1077936192 9 449364 0 220 0 0 1226 2207 20 0 308 0 173014960 2174586880 25311 18446744073709551615 1 1 0 0 0 0 4612 1 1073775864 0 0 0 -1 3 0 0 0 0 0 0 0 0 0 0 0 0 0
695 6541 (Binder:695_13) S 333 333 0 0 -1 1077936448 121940 449364 6685 220 13321 5958 1226 2207 20 0 308 0 15162 2174586880 25311 18446744073709551615 1 1 0 0 0 0 4612 1 1073775864 0 0 0 -1 0 0 0 0 0 0 0 0 0 0 0 0 0 0
695 6632 (Binder:695_14) S 333 333 0 0 -1 1077936448 155153 449364 5932 220 17102 7835 1226 2207 20 0 308 0 15411 2174586880 25311 18446744073709551615 1 1 0 0 0 0 4612 1 1073775864 0 0 0 -1 2 0 0 0 0 0 0 0 0 0 0 0 0 0
695 6785 (Binder:695_15) S 333 333 0 0 -1 1077936448 139968 449364 4774 220 15872 6944 1226 2207 20 0 308 0 15816 2174586880 25311 18446744073709551615 1 1 0 0 0 0 4612 1 1073775864 0 0 0 -1 1 0 0 0 0 0 0 0 0 0 0 0 0 0
695 695 (Binder:695_3) S 333 333 0 0 -1 1077936448 2760976 449364 42711 220 82239 20213 1226 2207 18 -2 308 0 1304 2174586880 25311 18446744073709551615 1 1 0 0 0 0 4612 1 1073775864 0 0 0 17 0 0 0 0 0 0 0 0 0 0 0 0 0 0
695 701 (Signal Catcher) S 333 333 0 0 -1 1077936192 46 449364 0 220 0 0 1226 2207 0 -20 308 0 1306 2174586880 25311 18446744073709551615 1 1 0 0 0 0 4096 1 1073775864 0 0 0 -1 1 0 0 0 0 0 0 0 0 0 0 0 0 0
695 702 (perfetto_hprof_) S 333 333 0 0 -1 4194368 5 449364 0 220 0 0 1226 2207 0 -20 308 0 1306 2174586880 25311 18446744073709551615 1 1 0 0 0 0 4612 1 1073775864 0 0 0 -1 1 0 0 0 0 0 0 0 0 0 0 0 0 0
695 703 (Jit thread pool) S 333 333 0 0 -1 1077936192 62094 449364 2452 220 386 138 1226 2207 20 0 308 0 1307 2174586880 25311 18446744073709551615 1 1 0 0 0 0 4612 1 1073775864 0 0 0 -1 2 0 0 0 0 0 0 0 0 0 0 0 0 0
695 704 (HeapTaskDaemon) S 333 333 0 0 -1 1077936192 2925456 449364 149197 220 101481 8088 1226 2207 24 4 308 0 1307 2174586880 25311 18446744073709551615 1 1 0 0 0 0 4612 1 1073775864 0 0 0 -1 2 0 0 0 0 0 0 0 0 0 0 0 0 0
695 705 (ReferenceQueueD) S 333 333 0 0 -1 1077936192 2725 449364 2504 220 2039 507 1226 2207 24 4 308 0 1307 2174586880 25311 18446744073709551615 1 1 0 0 0 0 4612 1 1073775864 0 0 0 -1 2 0 0 0 0 0 0 0 0 0 0 0 0 0
695 706 (FinalizerDaemon) S 333 333 0 0 -1 1077936192 7130 449364 1815 220 770 301 1226 2207 24 4 308 0 1307 2174586880 25311 18446744073709551615 1 1 0 0 0 0 4612 1 1073775864 0 0 0 -1 2 0 0 0 0 0 0 0 0 0 0 0 0 0
695 707 (FinalizerWatchd) S 333 333 0 0 -1 1077936192 45 449364 19 220 47 34 1226 2207 24 4 308 0 1307 2174586880 25311 18446744073709551615 1 1 0 0 0 0 4612 1 1073775864 0 0 0 -1 2 0 0 0 0 0 0 0 0 0 0 0 0 0
695 7145 (Timer-43) S 333 333 0 0 -1 1077936192 4 449364 2 220 0 0 1226 2207 20 0 308 0 267852421 2174586880 25311 18446744073709551615 1 1 0 0 0 0 4612 1 1073775864 0 0 0 -1 3 0 0 0 0 0 0 0 0 0 0 0 0 0
695 7260 (AmazonFingerPri) S 333 333 0 0 -1 1077936192 6 449364 1 220 0 0 1226 2207 30 10 308 0 34927250 2174586880 25311 18446744073709551615 1 1 0 0 0 0 4612 1 1073775864 0 0 0 -1 1 0 0 0 0 0 0 0 0 0 0 0 0 0
695 729 (Binder:695_1) S 333 333 0 0 -1 1077936448 136962 449364 4194 220 16460 7139 1226 2207 20 0 308 0 1538 2174586880 25311 18446744073709551615 1 1 0 0 0 0 4612 1 1073775864 0 0 0 -1 0 0 0 0 0 0 0 0 0 0 0 0 0 0
695 730 (Binder:695_2) S 333 333 0 0 -1 1077936448 100400 449364 4193 220 12278 5598 1226 2207 20 0 308 0 1538 2174586880 25311 18446744073709551615 1 1 0 0 0 0 4612 1 1073775864 0 0 0 -1 0 0 0 0 0 0 0 0 0 0 0 0 0 0
695 731 (android.fg) S 333 333 0 0 -1 1077936448 961885 449364 3396 220 24650 18224 1226 2207 20 0 308 0 1579 2174586880 25311 18446744073709551615 1 1 0 0 0 0 4612 1 1073775864 0 0 0 -1 1 0 0 0 0 0 0 0 0 0 0 0 0 0
695 732 (android.ui) S 333 333 0 0 -1 1077936448 11658 449364 2273 220 7107 5634 1226 2207 18 -2 308 0 1579 2174586880 25311 18446744073709551615 1 1 0 0 0 0 4612 1 1073775864 0 0 0 -1 1 0 0 0 0 0 0 0 0 0 0 0 0 0
695 733 (android.io) S 333 333 0 0 -1 1077936192 347196 449364 1096 220 6491 3568 1226 2207 20 0 308 0 1579 2174586880 25311 18446744073709551615 1 1 0 0 0 0 4612 1 1073775864 0 0 0 -1 2 0 0 0 0 0 0 0 0 0 0 0 0 0
695 734 (android.display) S 333 333 0 0 -1 1077936448 40249 449364 6427 220 1471 725 1226 2207 17 -3 308 0 1579 2174586880 25311 18446744073709551615 1 1 0 0 0 0 4612 1 1073775864 0 0 0 -1 3 0 0 0 0 0 0 0 0 0 0 0 0 0
695 735 (android.anim) S 333 333 0 0 -1 1077936192 1458220 449364 12412 220 3182 1577 1226 2207 16 -4 308 0 1579 2174586880 25311 18446744073709551615 1 1 0 0 0 0 4612 1 1073775864 0 0 0 -1 0 0 0 0 0 0 0 0 0 0 0 0 0 0
695 736 (android.anim.lf) S 333 333 0 0 -1 1077936192 1017 449364 652 220 332 246 1226 2207 16 -4 308 0 1579 2174586880 25311 18446744073709551615 1 1 0 0 0 0 4612 1 1073775864 0 0 0 -1 2 0 0 0 0 0 0 0 0 0 0 0 0 0
695 737 (watchdog) S 333 333 0 0 -1 1077936192 8268 449364 167 220 1551 1063 1226 2207 20 0 308 0 1579 2174586880 25311 18446744073709551615 1 1 0 0 0 0 4612 1 1073775864 0 0 0 -1 0 0 0 0 0 0 0 0 0 0 0 0 0 0
695 739 (PackageRecency ) S 333 333 0 0 -1 1077936192 397 449364 149 220 16 9 1226 2207 30 10 308 0 1585 2174586880 25311 18446744073709551615 1 1 0 0 0 0 4612 1 1073775864 0 0 0 -1 1 0 0 0 0 0 0 0 0 0 0 0 0 0
695 740 (android.bg) S 333 333 0 0 -1 1077936448 1043202 449364 29238 220 25291 74166 1226 2207 30 10 308 0 1586 2174586880 25311 18446744073709551615 1 1 0 0 0 0 4612 1 1073775864 0 0 0 -1 2 0 0 0 0 0 0 0 0 0 0 0 0 0
695 741 (ActivityManager) S 333 333 0 0 -1 1077936448 130025 449364 8252 220 14291 32729 1226 2207 18 -2 308 0 1587 2174586880 25311 18446744073709551615 1 1 0 0 0 0 4612 1 1073775864 0 0 0 -1 0 0 0 0 0 0 0 0 0 0 0 0 0 0
695 742 (ActivityManager) S 333 333 0 0 -1 1077936448 53298 449364 981 220 952 598 1226 2207 18 -2 308 0 1587 2174586880 25311 18446744073709551615 1 1 0 0 0 0 4612 1 1073775864 0 0 0 -1 3 0 0 0 0 0 0 0 0 0 0 0 0 0
695 743 (ActivityManager) S 333 333 0 0 -1 1077936448 4296 449364 2126 220 320 1204 1226 2207 30 10 308 0 1601 2174586880 25311 18446744073709551615 1 1 0 0 0 0 4612 1 1073775864 0 0 0 -1 1 0 0 0 0 0 0 0 0 0 0 0 0 0
695 744 (ActivityManager) S 333 333 0 0 -1 1077936192 3793 449364 1650 220 208 224 1226 2207 30 10 308 0 1601 2174586880 25311 18446744073709551615 1 1 0 0 0 0 4612 1 1073775864 0 0 0 -1 3 0 0 0 0 0 0 0 0 0 0 0 0 0
695 745 (Thread-2) S 333 333 0 0 -1 1077936192 139 449364 286 220 3 193 1226 2207 20 0 308 0 1601 2174586880 25311 18446744073709551615 1 1 0 0 0 0 4612 1 1073775864 0 0 0 -1 1 0 0 0 0 0 0 0 0 0 0 0 0 0
695 746 (OomAdjuster) S 333 333 0 0 -1 1077936448 5077 449364 202 220 8631 34791 1226 2207 10 -10 308 0 1601 2174586880 25311 18446744073709551615 1 1 0 0 0 0 4612 1 1073775864 0 0 0 -1 1 0 0 0 0 0 0 0 0 0 0 0 0 0
695 747 (batterystats-wo) S 333 333 0 0 -1 1077936192 343740 449364 5581 220 4073 3536 1226 2207 20 0 308 0 1604 2174586880 25311 18446744073709551615 1 1 0 0 0 0 4612 1 1073775864 0 0 0 -1 3 0 0 0 0 0 0 0 0 0 0 0 0 0
695 748 (FileObserver) S 333 333 0 0 -1 4194368 83 449364 26 220 0 1 1226 2207 20 0 308 0 1626 2174586880 25311 18446744073709551615 1 1 0 0 0 0 4612 1 1073775864 0 0 0 -1 0 0 0 0 0 0 0 0 0 0 0 0 0 0
695 749 (CpuTracker) S 333 333 0 0 -1 1077936448 7583 449364 378 220 2923 12055 1226 2207 20 0 308 0 1628 2174586880 25311 18446744073709551615 1 1 0 0 0 0 4612 1 1073775864 0 0 0 -1 0 0 0 0 0 0 0 0 0 0 0 0 0 0
695 750 (Thread-3) S 333 333 0 0 -1 1077936192 8 449364 0 220 0 0 1226 2207 18 -2 308 0 1629 2174586880 25311 18446744073709551615 1 1 0 0 0 0 4612 1 1073775864 0 0 0 -1 2 0 0 0 0 0 0 0 0 0 0 0 0 0
695 751 (Thread-4) S 333 333 0 0 -1 1077936192 6 449364 0 220 0 0 1226 2207 18 -2 308 0 1629 2174586880 25311 18446744073709551615 1 1 0 0 0 0 4612 1 1073775864 0 0 0 -1 1 0 0 0 0 0 0 0 0 0 0 0 0 0
695 752 (Thread-5) S 333 333 0 0 -1 1077936192 279 449364 194 220 6045 20445 1226 2207 18 -2 308 0 1629 2174586880 25311 18446744073709551615 1 1 0 0 0 0 4612 1 1073775864 0 0 0 -1 1 0 0 0 0 0 0 0 0 0 0 0 0 0
695 753 (AmazonPowerMana) S 333 333 0 0 -1 1077936192 1118 449364 258 220 95 30 1226 2207 25 5 308 0 1630 2174586880 25311 18446744073709551615 1 1 0 0 0 0 4612 1 1073775864 0 0 0 -1 3 0 0 0 0 0 0 0 0 0 0 0 0 0
695 754 (SuspendToRamVen) S 333 333 0 0 -1 1077936192 46 449364 22 220 0 0 1226 2207 25 5 308 0 1630 2174586880 25311 18446744073709551615 1 1 0 0 0 0 4612 1 1073775864 0 0 0 -1 3 0 0 0 0 0 0 0 0 0 0 0 0 0
695 755 (HomeLauncherCal) S 333 333 0 0 -1 1077936448 208 449364 53 220 8 8 1226 2207 25 5 308 0 1630 2174586880 25311 18446744073709551615 1 1 0 0 0 0 4612 1 1073775864 0 0 0 -1 0 0 0 0 0 0 0 0 0 0 0 0 0 0
695 756 (PowerManagerSer) S 333 333 0 0 -1 1077936448 8603 449364 1287 220 2223 1988 1226 2207 10 -10 308 0 1630 2174586880 25311 18446744073709551615 1 1 0 0 0 0 4612 1 1073775864 0 0 0 -1 2 0 0 0 0 0 0 0 0 0 0 0 0 0
695 757 (HwBinder:695_1) S 333 333 0 0 -1 1077936192 3740 449364 335 220 325 99 1226 2207 20 0 308 0 1631 2174586880 25311 18446744073709551615 1 1 0 0 0 0 4612 1 1073775864 0 0 0 -1 1 0 0 0 0 0 0 0 0 0 0 0 0 0
695 758 (BatteryStats_wa) S 333 333 0 0 -1 1077936192 6 449364 0 220 0 0 1226 2207 18 -2 308 0 1631 2174586880 25311 18446744073709551615 1 1 0 0 0 0 4612 1 1073775864 0 0 0 -1 2 0 0 0 0 0 0 0 0 0 0 0 0 0
695 760 (PackageManager) S 333 333 0 0 -1 1077936192 6 449364 0 220 0 0 1226 2207 30 10 308 0 1639 2174586880 25311 18446744073709551615 1 1 0 0 0 0 4612 1 1073775864 0 0 0 -1 1 0 0 0 0 0 0 0 0 0 0 0 0 0
695 761 (PackageManager) S 333 333 0 0 -1 1077936448 426296 449364 7522 220 13291 4425 1226 2207 30 10 308 0 1652 2174586880 25311 18446744073709551615 1 1 0 0 0 0 4612 1 1073775864 0 0 0 -1 0 0 0 0 0 0 0 0 0 0 0 0 0 0
695 772 (PackageInstalle) S 333 333 0 0 -1 1077936192 170289 449364 3754 220 3138 789 1226 2207 20 0 308 0 2983 2174586880 25311 18446744073709551615 1 1 0 0 0 0 4612 1 1073775864 0 0 0 -1 3 0 0 0 0 0 0 0 0 0 0 0 0 0
695 7739 (Binder:695_16) S 333 333 0 0 -1 1077936448 144185 449364 5274 220 16509 7162 1226 2207 20 0 308 0 18295 2174586880 25311 18446744073709551615 1 1 0 0 0 0 4612 1 1073775864 0 0 0 -1 1 0 0 0 0 0 0 0 0 0 0 0 0 0
695 775 (HealthServiceHw) S 333 333 0 0 -1 1077936192 6 449364 0 220 0 0 1226 2207 20 0 308 0 3058 2174586880 25311 18446744073709551615 1 1 0 0 0 0 4612 1 1073775864 0 0 0 -1 0 0 0 0 0 0 0 0 0 0 0 0 0 0
695 778 (RollbackPackage) S 333 333 0 0 -1 1077936192 9 449364 0 220 0 0 1226 2207 20 0 308 0 3060 2174586880 25311 18446744073709551615 1 1 0 0 0 0 4612 1 1073775864 0 0 0 -1 1 0 0 0 0 0 0 0 0 0 0 0 0 0
695 779 (RollbackManager) S 333 333 0 0 -1 1077936192 1515 449364 292 220 62 39 1226 2207 20 0 308 0 3061 2174586880 25311 18446744073709551615 1 1 0 0 0 0 4612 1 1073775864 0 0 0 -1 0 0 0 0 0 0 0 0 0 0 0 0 0 0
695 7793 (LogRetentionJob) S 333 333 0 0 -1 1077936192 10 449364 1 220 0 0 1226 2207 20 0 308 0 95242888 2174586880 25311 18446744073709551615 1 1 0 0 0 0 4612 1 1073775864 0 0 0 -1 0 0 0 0 0 0 0 0 0 0 0 0 0 0
695 781 (AccountManagerS) S 333 333 0 0 -1 1077936192 2409 449364 938 220 74 32 1226 2207 18 -2 308 0 3064 2174586880 25311 18446744073709551615 1 1 0 0 0 0 4612 1 1073775864 0 0 0 -1 2 0 0 0 0 0 0 0 0 0 0 0 0 0
695 782 (SettingsProvide) S 333 333 0 0 -1 1077936192 11437 449364 1062 220 597 230 1226 2207 30 10 308 0 3067 2174586880 25311 18446744073709551615 1 1 0 0 0 0 4612 1 1073775864 0 0 0 -1 2 0 0 0 0 0 0 0 0 0 0 0 0 0
695 787 (AlarmManager) S 333 333 0 0 -1 1077936448 20054 449364 856 220 1689 1450 1226 2207 20 0 308 0 3142 2174586880 25311 18446744073709551615 1 1 0 0 0 0 4612 1 1073775864 0 0 0 -1 3 0 0 0 0 0 0 0 0 0 0 0 0 0
695 789 (AmazonAccMgrCal) S 333 333 0 0 -1 1077936192 5 449364 0 220 0 0 1226 2207 30 10 308 0 3150 2174586880 25311 18446744073709551615 1 1 0 0 0 0 4612 1 1073775864 0 0 0 -1 1 0 0 0 0 0 0 0 0 0 0 0 0 0
695 790 (MagnifierSettin) S 333 333 0 0 -1 1077936192 5 449364 0 220 0 0 1226 2207 20 0 308 0 3152 2174586880 25311 18446744073709551615 1 1 0 0 0 0 4612 1 1073775864 0 0 0 -1 2 0 0 0 0 0 0 0 0 0 0 0 0 0
695 792 (CustomAppLaunch) S 333 333 0 0 -1 1077936192 4 449364 0 220 0 0 1226 2207 25 5 308 0 3155 2174586880 25311 18446744073709551615 1 1 0 0 0 0 4612 1 1073775864 0 0 0 -1 2 0 0 0 0 0 0 0 0 0 0 0 0 0
695 793 (UEventObserver) S 333 333 0 0 -1 4194624 730 449364 284 220 30 34 1226 2207 20 0 308 0 3156 2174586880 25311 18446744073709551615 1 1 0 0 0 0 4612 1 1073775864 0 0 0 -1 1 0 0 0 0 0 0 0 0 0 0 0 0 0
695 794 (AmazonWindowMet) S 333 333 0 0 -1 1077936192 6316 449364 901 220 122 42 1226 2207 20 0 308 0 3157 2174586880 25311 18446744073709551615 1 1 0 0 0 0 4612 1 1073775864 0 0 0 -1 0 0 0 0 0 0 0 0 0 0 0 0 0 0
695 795 (ArcusConfig) S 333 333 0 0 -1 1077936192 151 449364 102 220 2 2 1226 2207 20 0 308 0 3157 2174586880 25311 18446744073709551615 1 1 0 0 0 0 4612 1 1073775864 0 0 0 -1 1 0 0 0 0 0 0 0 0 0 0 0 0 0
695 796 (PipUpdateHandle) S 333 333 0 0 -1 1077936192 5 449364 0 220 0 0 1226 2207 20 0 308 0 3157 2174586880 25311 18446744073709551615 1 1 0 0 0 0 4612 1 1073775864 0 0 0 -1 2 0 0 0 0 0 0 0 0 0 0 0 0 0
695 797 (InputDispatcher) S 333 333 0 0 -1 1077936192 3622 449364 1862 220 481 1137 1226 2207 12 -8 308 0 3157 2174586880 25311 18446744073709551615 1 1 0 0 0 0 4612 1 1073775864 0 0 0 -1 2 0 0 0 0 0 0 0 0 0 0 0 0 0
695 798 (InputReader) S 333 333 0 0 -1 1077936448 10545 449364 1707 220 563 1239 1226 2207 12 -8 308 0 3157 2174586880 25311 18446744073709551615 1 1 0 0 0 0 4612 1 1073775864 0 0 0 -1 2 0 0 0 0 0 0 0 0 0 0 0 0 0
695 800 (NetworkWatchlis) S 333 333 0 0 -1 1077936192 76700 449364 1157 220 2434 1316 1226 2207 30 10 308 0 3160 2174586880 25311 18446744073709551615 1 1 0 0 0 0 4612 1 1073775864 0 0 0 -1 1 0 0 0 0 0 0 0 0 0 0 0 0 0
695 801 (AppIntegrityMan) S 333 333 0 0 -1 1077936448 28405 449364 3910 220 388 181 1226 2207 20 0 308 0 3160 2174586880 25311 18446744073709551615 1 1 0 0 0 0 4612 1 1073775864 0 0 0 -1 3 0 0 0 0 0 0 0 0 0 0 0 0 0
695 802 (StorageManagerS) S 333 333 0 0 -1 1077936192 1271 449364 149 220 17 12 1226 2207 20 0 308 0 3165 2174586880 25311 18446744073709551615 1 1 0 0 0 0 4612 1 1073775864 0 0 0 -1 1 0 0 0 0 0 0 0 0 0 0 0 0 0
695 8454 (AmazonFingerPri) S 333 333 0 0 -1 1077936192 6 449364 6 220 0 1 1226 2207 30 10 308 0 225006254 2174586880 25311 18446744073709551615 1 1 0 0 0 0 4612 1 1073775864 0 0 0 -1 3 0 0 0 0 0 0 0 0 0 0 0 0 0
695 8880 (Binder:695_17) S 333 333 0 0 -1 1077936448 179753 449364 5583 220 19831 8874 1226 2207 20 0 308 0 20691 2174586880 25311 18446744073709551615 1 1 0 0 0 0 4612 1 1073775864 0 0 0 -1 1 0 0 0 0 0 0 0 0 0 0 0 0 0
695 8961 (AmazonFingerPri) S 333 333 0 0 -1 1077936192 5 449364 0 220 0 0 1226 2207 30 10 308 0 173172283 2174586880 25311 18446744073709551615 1 1 0 0 0 0 4612 1 1073775864 0 0 0 -1 0 0 0 0 0 0 0 0 0 0 0 0 0 0
695 9268 (AudioTrack) S 333 333 0 0 -1 1077936192 8 449364 3 220 0 0 1226 2207 4 -16 308 0 200357252 2174586880 25311 18446744073709551615 1 1 0 0 0 0 4612 1 1073775864 0 0 0 -1 2 0 0 0 0 0 0 0 0 0 0 0 0 0
695 9484 (Binder:695_18) S 333 333 0 0 -1 1077936448 183828 449364 7058 220 22051 9872 1226 2207 20 0 308 0 21846 2174586880 25311 18446744073709551615 1 1 0 0 0 4096 4612 1 1073775864 0 0 0 -1 1 0 0 0 0 0 0 0 0 0 0 0 0 0
695 970 (LockSettingsSer) S 333 333 0 0 -1 1077936192 9 449364 0 220 0 0 1226 2207 30 10 308 0 5587 2174586880 25311 18446744073709551615 1 1 0 0 0 0 4612 1 1073775864 0 0 0 -1 0 0 0 0 0 0 0 0 0 0 0 0 0 0
695 973 (NetworkStats) S 333 333 0 0 -1 1077936448 9308684 449364 7036 220 563834 17966 1226 2207 20 0 308 0 5614 2174586880 25311 18446744073709551615 1 1 0 0 0 0 4612 1 1073775864 0 0 0 -1 3 0 0 0 0 0 0 0 0 0 0 0 0 0
695 974 (NetworkPolicy) S 333 333 0 0 -1 1077936192 2868306 449364 705 220 29789 5841 1226 2207 20 0 308 0 5615 2174586880 25311 18446744073709551615 1 1 0 0 0 0 4612 1 1073775864 0 0 0 -1 0 0 0 0 0 0 0 0 0 0 0 0 0 0
695 975 (tworkPolicy.uid) S 333 333 0 0 -1 1077936192 57911 449364 694 220 701 700 1226 2207 18 -2 308 0 5615 2174586880 25311 18446744073709551615 1 1 0 0 0 0 4612 1 1073775864 0 0 0 -1 2 0 0 0 0 0 0 0 0 0 0 0 0 0
695 976 (AsyncChannelHan) S 333 333 0 0 -1 1077936192 6 449364 0 220 0 0 1226 2207 20 0 308 0 5619 2174586880 25311 18446744073709551615 1 1 0 0 0 0 4612 1 1073775864 0 0 0 -1 1 0 0 0 0 0 0 0 0 0 0 0 0 0
695 977 (WifiHandlerThre) S 333 333 0 0 -1 1077936448 2185522 449364 14197 220 60883 21223 1226 2207 20 0 308 0 5619 2174586880 25311 18446744073709551615 1 1 0 0 0 0 4612 1 1073775864 0 0 0 -1 0 0 0 0 0 0 0 0 0 0 0 0 0 0
695 978 (WifiP2pService) S 333 333 0 0 -1 1077936192 1444 449364 473 220 22 23 1226 2207 20 0 308 0 5619 2174586880 25311 18446744073709551615 1 1 0 0 0 0 4612 1 1073775864 0 0 0 -1 1 0 0 0 0 0 0 0 0 0 0 0 0 0
695 979 (PasspointProvis) S 333 333 0 0 -1 1077936192 86 449364 2 220 4 1 1226 2207 20 0 308 0 5619 2174586880 25311 18446744073709551615 1 1 0 0 0 0 4612 1 1073775864 0 0 0 -1 1 0 0 0 0 0 0 0 0 0 0 0 0 0
695 980 (WifiScanningSer) S 333 333 0 0 -1 1077936448 2681 449364 63 220 78 9 1226 2207 20 0 308 0 5643 2174586880 25311 18446744073709551615 1 1 0 0 0 0 4612 1 1073775864 0 0 0 -1 2 0 0 0 0 0 0 0 0 0 0 0 0 0
695 981 (ConnectivitySer) S 333 333 0 0 -1 1077936192 1203466 449364 2735 220 63519 2890 1226 2207 20 0 308 0 5649 2174586880 25311 18446744073709551615 1 1 0 0 0 0 4612 1 1073775864 0 0 0 -1 2 0 0 0 0 0 0 0 0 0 0 0 0 0
695 9814 (AmazonFingerPri) S 333 333 0 0 -1 1077936192 6 449364 0 220 0 0 1226 2207 30 10 308 0 95407880 2174586880 25311 18446744073709551615 1 1 0 0 0 0 4612 1 1073775864 0 0 0 -1 0 0 0 0 0 0 0 0 0 0 0 0 0 0
695 982 (roid.pacmanager) S 333 333 0 0 -1 1077936192 5 449364 0 220 0 0 1226 2207 20 0 308 0 5649 2174586880 25311 18446744073709551615 1 1 0 0 0 0 4612 1 1073775864 0 0 0 -1 1 0 0 0 0 0 0 0 0 0 0 0 0 0
695 983 (NsdService) S 333 333 0 0 -1 1077936192 6 449364 0 220 0 0 1226 2207 20 0 308 0 5651 2174586880 25311 18446744073709551615 1 1 0 0 0 0 4612 1 1073775864 0 0 0 -1 3 0 0 0 0 0 0 0 0 0 0 0 0 0
695 984 (mDnsConnector) S 333 333 0 0 -1 1077936192 6 449364 0 220 0 0 1226 2207 20 0 308 0 5652 2174586880 25311 18446744073709551615 1 1 0 0 0 0 4612 1 1073775864 0 0 0 -1 0 0 0 0 0 0 0 0 0 0 0 0 0 0
695 985 (ranker) S 333 333 0 0 -1 1077936192 105652 449364 337 220 933 167 1226 2207 30 10 308 0 5655 2174586880 25311 18446744073709551615 1 1 0 0 0 0 4612 1 1073775864 0 0 0 -1 2 0 0 0 0 0 0 0 0 0 0 0 0 0
695 986 (notification-sq) S 333 333 0 0 -1 1077936192 6952 449364 4463 220 368 1321 1226 2207 30 10 308 0 5655 2174586880 25311 18446744073709551615 1 1 0 0 0 0 4612 1 1073775864 0 0 0 -1 0 0 0 0 0 0 0 0 0 0 0 0 0 0
695 987 (onProviders.ECP) S 333 333 0 0 -1 1077936448 106 449364 42 220 4 7 1226 2207 30 10 308 0 5655 2174586880 25311 18446744073709551615 1 1 0 0 0 0 4612 1 1073775864 0 0 0 -1 2 0 0 0 0 0 0 0 0 0 0 0 0 0
695 988 (DeviceStorageMo) S 333 333 0 0 -1 1077936192 20759 449364 702 220 3269 3591 1226 2207 30 10 308 0 5658 2174586880 25311 18446744073709551615 1 1 0 0 0 0 4612 1 1073775864 0 0 0 -1 2 0 0 0 0 0 0 0 0 0 0 0 0 0
695 989 (AS.SfxWorker) S 333 333 0 0 -1 1077936192 554 449364 150 220 36 43 1226 2207 20 0 308 0 5659 2174586880 25311 18446744073709551615 1 1 0 0 0 0 4612 1 1073775864 0 0 0 -1 2 0 0 0 0 0 0 0 0 0 0 0 0 0
695 990 (AudioService) S 333 333 0 0 -1 1077936192 684 449364 301 220 20 18 1226 2207 20 0 308 0 5660 2174586880 25311 18446744073709551615 1 1 0 0 0 0 4612 1 1073775864 0 0 0 -1 0 0 0 0 0 0 0 0 0 0 0 0 0 0
695 991 (AudioDeviceBrok) S 333 333 0 0 -1 1077936192 350 449364 236 220 14 9 1226 2207 20 0 308 0 5662 2174586880 25311 18446744073709551615 1 1 0 0 0 0 4612 1 1073775864 0 0 0 -1 3 0 0 0 0 0 0 0 0 0 0 0 0 0
695 992 (Thread-8) S 333 333 0 0 -1 1077936192 8 449364 0 220 0 0 1226 2207 20 0 308 0 5673 2174586880 25311 18446744073709551615 1 1 0 0 0 0 4612 1 1073775864 0 0 0 -1 0 0 0 0 0 0 0 0 0 0 0 0 0 0
695 994 (HwBinder:695_2) S 333 333 0 0 -1 1077936192 3020 449364 257 220 264 82 1226 2207 20 0 308 0 5676 2174586880 25311 18446744073709551615 1 1 0 0 0 0 4612 1 1073775864 0 0 0 -1 1 0 0 0 0 0 0 0 0 0 0 0 0 0
695 995 (HwBinder:695_3) S 333 333 0 0 -1 1077936192 3886 449364 341 220 327 99 1226 2207 20 0 308 0 5676 2174586880 25311 18446744073709551615 1 1 0 0 0 0 4612 1 1073775864 0 0 0 -1 1 0 0 0 0 0 0 0 0 0 0 0 0 0
695 9959 (Binder:695_19) S 333 333 0 0 -1 1077936448 169670 449364 6103 220 19347 8445 1226 2207 20 0 308 0 22768 2174586880 25311 18446744073709551615 1 1 0 0 0 0 4612 1 1073775864 0 0 0 -1 1 0 0 0 0 0 0 0 0 0 0 0 0 0
695 997 (ConnectivityThr) S 333 333 0 0 -1 1077936192 13952 449364 293 220 244 96 1226 2207 20 0 308 0 5677 2174586880 25311 18446744073709551615 1 1 0 0 0 0 4612 1 1073775864 0 0 0 -1 3 0 0 0 0 0 0 0 0 0 0 0 0 0
695 999 (backup) S 333 333 0 0 -1 1077936192 9 449364 0 220 0 0 1226 2207 30 10 308 0 5678 2174586880 25311 18446744073709551615 1 1 0 0 0 0 4612 1 1073775864 0 0 0 -1 3 0 0 0 0 0 0 0 0 0 0 0 0 0
421 12715 (Binder:421_B) S 1 421 0 0 -1 1077936192 1099 0 958 0 976 1104 0 0 20 0 27 0 56183809 99495936 1251 18446744073709551615 1 1 0 0 0 0 0 4096 1073775864 0 0 0 -1 2 0 0 0 0 0 0 0 0 0 0 0 0 0
421 13139 (Binder:421_8) S 1 421 0 0 -1 1077936192 1602 0 1420 0 1095 1325 0 0 20 0 27 0 170936 99495936 1251 18446744073709551615 1 1 0 0 0 0 0 4096 1073775864 0 0 0 -1 2 0 0 0 0 0 0 0 0 0 0 0 0 0
421 1497 (Binder:421_4) S 1 421 0 0 -1 1077936192 1300 0 1540 0 964 1164 0 0 20 0 27 0 5982 99495936 1251 18446744073709551615 1 1 0 0 0 0 0 4096 1073775864 0 0 0 -1 2 0 0 0 0 0 0 0 0 0 0 0 0 0
421 1755 (Binder:421_5) S 1 421 0 0 -1 1077936192 1143 0 1556 0 868 1029 0 0 20 0 27 0 6211 99495936 1251 18446744073709551615 1 1 0 0 0 0 0 4096 1073775864 0 0 0 -1 2 0 0 0 0 0 0 0 0 0 0 0 0 0
421 20227 (Binder:421_9) S 1 421 0 0 -1 1077936192 947 0 1099 0 978 1175 0 0 20 0 27 0 3538829 99495936 1251 18446744073709551615 1 1 0 0 0 0 0 4096 1073775864 0 0 0 -1 2 0 0 0 0 0 0 0 0 0 0 0 0 0
421 2098 (Binder:421_E) S 1 421 0 0 -1 1077936192 950 0 1123 0 903 1103 0 0 20 0 27 0 222558174 99495936 1251 18446744073709551615 1 1 0 0 0 0 0 4096 1073775864 0 0 0 -1 2 0 0 0 0 0 0 0 0 0 0 0 0 0
421 2176 (Binder:421_F) S 1 421 0 0 -1 1077936192 1053 0 1420 0 935 1073 0 0 20 0 27 0 222560643 99495936 1251 18446744073709551615 1 1 0 0 0 0 0 4096 1073775864 0 0 0 -1 2 0 0 0 0 0 0 0 0 0 0 0 0 0
421 22281 (Binder:421_A) S 1 421 0 0 -1 1077936192 1312 0 1621 0 871 1064 0 0 20 0 27 0 12975899 99495936 1251 18446744073709551615 1 1 0 0 0 0 0 4096 1073775864 0 0 0 -1 2 0 0 0 0 0 0 0 0 0 0 0 0 0
421 2304 (Binder:421_10) S 1 421 0 0 -1 1077936192 982 0 1188 0 1061 1217 0 0 20 0 27 0 222563395 99495936 1251 18446744073709551615 1 1 0 0 0 0 0 4096 1073775864 0 0 0 -1 1 0 0 0 0 0 0 0 0 0 0 0 0 0
421 2961 (Binder:421_C) S 1 421 0 0 -1 1077936192 897 0 1305 0 752 899 0 0 20 0 27 0 64815230 99495936 1251 18446744073709551615 1 1 0 0 0 0 0 4096 1073775864 0 0 0 -1 2 0 0 0 0 0 0 0 0 0 0 0 0 0
421 30043 (HwBinder:421_3) S 1 421 0 0 -1 1077936192 12 0 11 0 0 0 0 0 20 0 27 0 253212263 99495936 1251 18446744073709551615 1 1 0 0 0 0 0 4096 1073775864 0 0 0 -1 2 0 0 0 0 0 0 0 0 0 0 0 0 0
421 4158 (Binder:421_6) S 1 421 0 0 -1 1077936192 1561 0 2552 0 989 1146 0 0 20 0 27 0 8659 99495936 1251 18446744073709551615 1 1 0 0 0 0 0 4096 1073775864 0 0 0 -1 2 0 0 0 0 0 0 0 0 0 0 0 0 0
421 421 (audioserver) S 1 421 0 0 -1 1077936384 4083 0 1714 0 921 1100 0 0 20 0 27 0 859 99495936 1251 18446744073709551615 1 1 0 0 0 0 0 4096 1073775864 0 0 0 17 2 0 0 0 0 0 0 0 0 0 0 0 0 0
421 465 (DeviceEffectMan) S 1 421 0 0 -1 1077936192 40 0 67 0 0 0 0 0 4 -16 27 0 888 99495936 1251 18446744073709551615 1 1 0 0 0 0 0 4096 1073775864 0 0 0 -1 3 0 0 0 0 0 0 0 0 0 0 0 0 0
421 473 (HwBinder:421_1) S 1 421 0 0 -1 1077936192 10 0 8 0 0 0 0 0 20 0 27 0 894 99495936 1251 18446744073709551615 1 1 0 0 0 0 0 4096 1073775864 0 0 0 -1 3 0 0 0 0 0 0 0 0 0 0 0 0 0
421 474 (HwBinder:421_2) S 1 421 0 0 -1 1077936192 30 0 34 0 0 0 0 0 20 0 27 0 894 99495936 1251 18446744073709551615 1 1 0 0 0 0 0 4096 1073775864 0 0 0 -1 3 0 0 0 0 0 0 0 0 0 0 0 0 0
421 6116 (Binder:421_7) S 1 421 0 0 -1 1077936192 1435 0 2100 0 980 1154 0 0 20 0 27 0 13799 99495936 1251 18446744073709551615 1 1 0 0 0 0 0 4096 1073775864 0 0 0 -1 0 0 0 0 0 0 0 0 0 0 0 0 0 0
421 626 (ApmAudio) S 1 421 0 0 -1 1077936192 220 0 410 0 8 9 0 0 4 -16 27 0 1188 99495936 1251 18446744073709551615 1 1 0 0 0 0 0 4096 1073775864 0 0 0 -1 1 0 0 0 0 0 0 0 0 0 0 0 0 0
421 627 (ApmOutput) S 1 421 0 0 -1 1077936192 1481 0 593 0 1651 651 0 0 4 -16 27 0 1188 99495936 1251 18446744073709551615 1 1 0 0 0 0 0 4096 1073775864 0 0 0 -1 2 0 0 0 0 0 0 0 0 0 0 0 0 0
421 652 (Binder:421_1) S 1 421 0 0 -1 1077936192 1757 0 1769 0 944 1069 0 0 20 0 27 0 1212 99495936 1251 18446744073709551615 1 1 0 0 0 0 0 4096 1073775864 0 0 0 -1 3 0 0 0 0 0 0 0 0 0 0 0 0 0
421 653 (Binder:421_2) S 1 421 0 0 -1 1077936192 1249 0 1570 0 924 1151 0 0 20 0 27 0 1212 99495936 1251 18446744073709551615 1 1 0 0 0 0 0 4096 1073775864 0 0 0 -1 2 0 0 0 0 0 0 0 0 0 0 0 0 0
421 683 (AudioOut_D) R 1 421 0 0 -1 4194368 157834 0 4254 0 969287 1111590 0 0 1 -19 27 0 1276 99495936 1251 18446744073709551615 1 1 0 0 0 0 0 4096 1073775864 0 0 0 -1 0 0 0 0 0 0 0 0 0 0 0 0 0 0
421 688 (FastMixer) S 1 421 0 0 -1 1077936192 1 0 0 0 0 0 0 0 -4 -19 27 0 1294 99495936 1251 18446744073709551615 1 1 0 0 0 0 0 4096 1073775864 0 0 0 -1 3 3 1 0 0 0 0 0 0 0 0 0 0 0
421 689 (AudioOut_15) S 1 421 0 0 -1 1077936192 951 0 1811 0 293 292 0 0 1 -19 27 0 1294 99495936 1251 18446744073709551615 1 1 0 0 0 0 0 4096 1073775864 0 0 0 -1 1 0 0 0 0 0 0 0 0 0 0 0 0 0
421 7056 (Binder:421_D) S 1 421 0 0 -1 1077936192 765 0 611 0 849 937 0 0 20 0 27 0 200307787 99495936 1251 18446744073709551615 1 1 0 0 0 0 0 4096 1073775864 0 0 0 -1 2 0 0 0 0 0 0 0 0 0 0 0 0 0
421 773 (Binder:421_3) S 1 421 0 0 -1 1077936192 1272 0 1446 0 928 1092 0 0 20 0 27 0 3007 99495936 1251 18446744073709551615 1 1 0 0 0 0 0 4096 1073775864 0 0 0 -1 2 0 0 0 0 0 0 0 0 0 0 0 0 0
421 776 (TimeCheckThread) S 1 421 0 0 -1 1077936192 36 0 41 0 701 2122 0 0 1 -19 27 0 3060 99495936 1251 18446744073709551615 1 1 0 0 0 0 0 4096 1073775864 0 0 0 -1 3 0 0 0 0 0 0 0 0 0 0 0 0 0
388 12955 (HwBinder:388_6) S 1 388 0 0 -1 1077952832 6464 0 828 0 4921 5618 0 0 20 0 14 0 254106422 87240704 668 18446744073709551615 1 1 0 0 0 0 0 0 1073775864 0 0 0 -1 1 0 0 0 0 0 0 0 0 0 0 0 0 0
388 1757 (HwBinder:388_3) S 1 388 0 0 -1 1077936448 13081 0 1118 0 19 18 0 0 20 0 14 0 6213 87240704 668 18446744073709551615 1 1 0 0 0 0 0 0 1073775864 0 0 0 -1 3 0 0 0 0 0 0 0 0 0 0 0 0 0
388 2240 (HwBinder:388_4) S 1 388 0 0 -1 1077952832 26742 0 2065 0 5021 6206 0 0 20 0 14 0 6658 87240704 668 18446744073709551615 1 1 0 0 0 0 0 0 1073775864 0 0 0 -1 0 0 0 0 0 0 0 0 0 0 0 0 0 0
388 388 (audio.service) S 1 388 0 0 -1 1077936384 16287 0 667 0 4810 5579 0 0 20 0 14 0 838 87240704 668 18446744073709551615 1 1 0 0 0 0 0 0 1073775864 0 0 0 17 0 0 0 0 0 0 0 0 0 0 0 0 0 0
388 406 (Binder:388_1) S 1 388 0 0 -1 1077936192 12 0 0 0 0 0 0 0 20 0 14 0 853 87240704 668 18446744073709551615 1 1 0 0 0 0 0 0 1073775864 0 0 0 -1 0 0 0 0 0 0 0 0 0 0 0 0 0 0
388 412 (Binder:388_2) S 1 388 0 0 -1 1077936192 2 0 0 0 0 0 0 0 20 0 14 0 856 87240704 668 18446744073709551615 1 1 0 0 0 0 0 0 1073775864 0 0 0 -1 0 0 0 0 0 0 0 0 0 0 0 0 0 0
388 436 (HwBinder:388_1) S 1 388 0 0 -1 1077936192 18248 0 971 0 2537 3281 0 0 20 0 14 0 869 87240704 668 18446744073709551615 1 1 0 0 0 0 0 0 1073775864 0 0 0 -1 3 0 0 0 0 0 0 0 0 0 0 0 0 0
388 437 (HwBinder:388_2) S 1 388 0 0 -1 1077952832 13506 0 2685 0 2653 3316 0 0 20 0 14 0 869 87240704 668 18446744073709551615 1 1 0 0 0 0 0 0 1073775864 0 0 0 -1 3 0 0 0 0 0 0 0 0 0 0 0 0 0
388 668 (audio.service) S 1 388 0 0 -1 1077936192 0 0 0 0 0 0 0 0 20 0 14 0 1231 87240704 668 18446744073709551615 1 1 0 0 0 0 0 0 1073775864 0 0 0 -1 2 0 0 0 0 0 0 0 0 0 0 0 0 0
388 679 (MS12ConfigThrea) S 1 388 0 0 -1 1077936192 1 0 0 0 0 0 0 0 -3 -19 14 0 1269 87240704 668 18446744073709551615 1 1 0 0 0 0 0 0 1073775864 0 0 0 -1 3 2 1 0 0 0 0 0 0 0 0 0 0 0
388 680 (audio.service) S 1 388 0 0 -1 1077936192 259 0 619 0 1 13 0 0 20 0 14 0 1271 87240704 668 18446744073709551615 1 1 0 0 0 0 0 0 1073775864 0 0 0 -1 3 0 0 0 0 0 0 0 0 0 0 0 0 0
388 687 (MixerThread) S 1 388 0 0 -1 1077936192 1 0 0 0 0 0 0 0 1 -19 14 0 1292 87240704 668 18446744073709551615 1 1 0 0 0 0 0 0 1073775864 0 0 0 -1 3 0 0 0 0 0 0 0 0 0 0 0 0 0
388 783 (writer) R 1 388 0 0 -1 1077936448 1220 0 1110 0 1300879 1084233 0 0 1 -19 14 0 3095 87240704 668 18446744073709551615 1 1 0 0 0 0 0 0 1073775864 0 0 0 -1 2 0 0 0 0 0 0 0 0 0 0 0 0 0
388 9833 (HwBinder:388_5) S 1 388 0 0 -1 1077952832 47529 0 4818 0 5785 6891 0 0 20 0 14 0 22494 87240704 668 18446744073709551615 1 1 0 0 0 0 0 0 1073775864 0 0 0 -1 2 0 0 0 0 0 0 0 0 0 0 0 0 0
23829 23829 (.deathride.perf) S 333 333 0 0 -1 1077936448 12710 0 165 0 1589 871 0 0 10 -10 59 0 269070097 1541083136 38387 18446744073709551615 1 1 0 0 0 0 4612 1 1073775864 0 0 0 17 1 0 0 0 0 0 0 0 0 0 0 0 0 0
23829 23842 (Signal Catcher) S 333 333 0 0 -1 1077936192 58 0 0 0 0 0 0 0 12 -8 59 0 269070106 1541083136 38388 18446744073709551615 1 1 0 0 0 0 4096 1 1073775864 0 0 0 -1 1 0 0 0 0 0 0 0 0 0 0 0 0 0
23829 23843 (perfetto_hprof_) S 333 333 0 0 -1 4194368 5 0 0 0 0 0 0 0 0 -20 59 0 269070106 1541095424 38388 18446744073709551615 1 1 0 0 0 0 4612 1 1073775864 0 0 0 -1 0 0 0 0 0 0 0 0 0 0 0 0 0 0
23829 23844 (ADB-JDWP Connec) S 333 333 0 0 -1 4194368 13 0 0 0 0 0 0 0 0 -20 59 0 269070107 1541083136 38388 18446744073709551615 1 1 0 0 0 0 4612 1 1073775864 0 0 0 -1 2 0 0 0 0 0 0 0 0 0 0 0 0 0
23829 23845 (Jit thread pool) S 333 333 0 0 -1 1077936192 110659 0 731 0 650 173 0 0 20 0 59 0 269070107 1541083136 38388 18446744073709551615 1 1 0 0 0 0 4612 1 1073775864 0 0 0 -1 3 0 0 0 0 0 0 0 0 0 0 0 0 0
23829 23846 (HeapTaskDaemon) S 333 333 0 0 -1 1077936192 36760 0 2 0 553 126 0 0 24 4 59 0 269070107 1541083136 38391 18446744073709551615 1 1 0 0 0 0 4612 1 1073775864 0 0 0 -1 2 0 0 0 0 0 0 0 0 0 0 0 0 0
23829 23847 (ReferenceQueueD) S 333 333 0 0 -1 1077936192 10 0 1 0 13 1 0 0 24 4 59 0 269070107 1541083136 38391 18446744073709551615 1 1 0 0 0 0 4612 1 1073775864 0 0 0 -1 2 0 0 0 0 0 0 0 0 0 0 0 0 0
23829 23848 (FinalizerDaemon) S 333 333 0 0 -1 1077936192 127 0 0 0 2 1 0 0 24 4 59 0 269070107 1541083136 38392 18446744073709551615 1 1 0 0 0 0 4612 1 1073775864 0 0 0 -1 2 0 0 0 0 0 0 0 0 0 0 0 0 0
23829 23849 (FinalizerWatchd) S 333 333 0 0 -1 1077936192 6 0 0 0 1 0 0 0 24 4 59 0 269070107 1541218304 38392 18446744073709551615 1 1 0 0 0 0 4612 1 1073775864 0 0 0 -1 2 0 0 0 0 0 0 0 0 0 0 0 0 0
23829 23850 (Binder:23829_1) S 333 333 0 0 -1 1077936192 133 0 0 0 3 2 0 0 20 0 59 0 269070110 1541083136 38392 18446744073709551615 1 1 0 0 0 0 4612 1 1073775864 0 0 0 -1 2 0 0 0 0 0 0 0 0 0 0 0 0 0
23829 23851 (Binder:23829_2) S 333 333 0 0 -1 1077936192 18 0 0 0 0 4 0 0 20 0 59 0 269070111 1541083136 38392 18446744073709551615 1 1 0 0 0 0 4612 1 1073775864 0 0 0 -1 2 0 0 0 0 0 0 0 0 0 0 0 0 0
23829 23859 (Binder:23829_3) S 333 333 0 0 -1 1077936192 16 0 0 0 1 1 0 0 20 0 59 0 269070133 1541107712 38395 18446744073709551615 1 1 0 0 0 0 4612 1 1073775864 0 0 0 -1 1 0 0 0 0 0 0 0 0 0 0 0 0 0
23829 23887 (Profile Saver) S 333 333 0 0 -1 1077936192 5583 0 1 0 104 6 0 0 29 9 59 0 269070179 1541218304 38397 18446744073709551615 1 1 0 0 0 0 4612 1 1073775864 0 0 0 -1 3 0 0 0 0 0 0 0 0 0 0 0 0 0
23829 23889 (RenderThread) S 333 333 0 0 -1 1077936192 659 0 51 0 5 1 0 0 10 -10 59 0 269070187 1541083136 38397 18446744073709551615 1 1 0 0 0 0 4612 1 1073775864 0 0 0 -1 3 0 0 0 0 0 0 0 0 0 0 0 0 0
23829 23912 (deathride-cours) S 333 333 0 0 -1 1077936192 11861 0 0 0 886 19 0 0 33 13 59 0 269070294 1541083136 38397 18446744073709551615 1 1 0 0 0 0 4612 1 1073775864 0 0 0 -1 0 0 0 0 0 0 0 0 0 0 0 0 0 0
23829 23914 (AmazonAccMgrCal) S 333 333 0 0 -1 1077936192 7 0 0 0 0 0 0 0 30 10 59 0 269070337 1541083136 38397 18446744073709551615 1 1 0 0 0 0 4612 1 1073775864 0 0 0 -1 1 0 0 0 0 0 0 0 0 0 0 0 0 0
23829 23915 (GLThread 49898) R 333 333 0 0 -1 4194368 1311910 0 99 0 44271 7243 0 0 16 -4 59 0 269070338 1541083136 38400 18446744073709551615 1 1 0 0 0 0 4612 1 1073775864 0 0 0 -1 2 0 0 0 0 0 0 0 0 0 0 0 0 0
23829 23918 (Binder:PerfStat) S 333 333 0 0 -1 1077936192 13 0 0 0 0 0 0 0 30 10 59 0 269070347 1541083136 38400 18446744073709551615 1 1 0 0 0 0 4612 1 1073775864 0 0 0 -1 0 0 0 0 0 0 0 0 0 0 0 0 0 0
23829 23919 (hwuiTask0) S 333 333 0 0 -1 1077936192 6 0 0 0 0 0 0 0 18 -2 59 0 269070357 1541218304 38401 18446744073709551615 1 1 0 0 0 0 4612 1 1073775864 0 0 0 -1 1 0 0 0 0 0 0 0 0 0 0 0 0 0
23829 23920 (hwuiTask1) S 333 333 0 0 -1 1077936192 6 0 0 0 0 0 0 0 18 -2 59 0 269070357 1541083136 38401 18446744073709551615 1 1 0 0 0 0 4612 1 1073775864 0 0 0 -1 1 0 0 0 0 0 0 0 0 0 0 0 0 0
23829 23923 (RenderThread) S 333 333 0 0 -1 1077936192 371 0 0 0 1070 1156 0 0 10 -10 59 0 269070361 1541083136 38401 18446744073709551615 1 1 0 0 0 0 4612 1 1073775864 0 0 0 -1 3 0 0 0 0 0 0 0 0 0 0 0 0 0
23829 23932 (CCodecWatchdog) S 333 333 0 0 -1 1077936192 1 0 0 0 0 0 0 0 20 0 59 0 269070448 1541083136 38401 18446744073709551615 1 1 0 0 0 0 4612 1 1073775864 0 0 0 -1 0 0 0 0 0 0 0 0 0 0 0 0 0 0
23829 23933 (NDK MediaCodec_) S 333 333 0 0 -1 1077936192 8 0 0 0 0 0 0 0 4 -16 59 0 269070451 1541083136 38404 18446744073709551615 1 1 0 0 0 0 4612 1 1073775864 0 0 0 -1 1 0 0 0 0 0 0 0 0 0 0 0 0 0
23829 23934 (NDK MediaCodec_) S 333 333 0 0 -1 1077936192 1 0 0 0 0 0 0 0 4 -16 59 0 269070451 1541083136 38404 18446744073709551615 1 1 0 0 0 0 4612 1 1073775864 0 0 0 -1 1 0 0 0 0 0 0 0 0 0 0 0 0 0
23829 23935 (HwBinder:23829_) S 333 333 0 0 -1 1077936192 64 0 0 0 3 2 0 0 10 -10 59 0 269070451 1541107712 38406 18446744073709551615 1 1 0 0 0 0 4612 1 1073775864 0 0 0 -1 1 0 0 0 0 0 0 0 0 0 0 0 0 0
23829 23944 (Binder:23829_4) S 333 333 0 0 -1 1077936192 9 0 0 0 0 3 0 0 20 0 59 0 269070474 1541083136 38406 18446744073709551615 1 1 0 0 0 0 4612 1 1073775864 0 0 0 -1 1 0 0 0 0 0 0 0 0 0 0 0 0 0
23829 23946 (deathride-profi) S 333 333 0 0 -1 1077936192 13893 0 4 0 297 45 0 0 33 13 59 0 269070474 1541083136 38406 18446744073709551615 1 1 0 0 0 0 4612 1 1073775864 0 0 0 -1 0 0 0 0 0 0 0 0 0 0 0 0 0 0
23829 23961 (Binder:23829_5) S 333 333 0 0 -1 1077936192 3 0 0 0 0 0 0 0 20 0 59 0 269070487 1541083136 38409 18446744073709551615 1 1 0 0 0 0 4612 1 1073775864 0 0 0 -1 2 0 0 0 0 0 0 0 0 0 0 0 0 0
23829 23971 (DefaultDispatch) S 333 333 0 0 -1 1077936192 73215 0 5 0 2685 568 0 0 33 13 59 0 269070497 1541083136 38409 18446744073709551615 1 1 0 0 0 0 4612 1 1073775864 0 0 0 -1 1 0 0 0 0 0 0 0 0 0 0 0 0 0
23829 23972 (DefaultDispatch) S 333 333 0 0 -1 1077936192 18750 0 9 0 1584 484 0 0 33 13 59 0 269070497 1541083136 38410 18446744073709551615 1 1 0 0 0 0 4612 1 1073775864 0 0 0 -1 2 0 0 0 0 0 0 0 0 0 0 0 0 0
23829 23973 (Binder:23829_6) S 333 333 0 0 -1 1077936192 13 0 0 0 1 1 0 0 20 0 59 0 269070497 1541107712 38410 18446744073709551615 1 1 0 0 0 0 4612 1 1073775864 0 0 0 -1 1 0 0 0 0 0 0 0 0 0 0 0 0 0
23829 23974 (DefaultDispatch) S 333 333 0 0 -1 1077936192 19837 0 1 0 1647 491 0 0 33 13 59 0 269070498 1541218304 38410 18446744073709551615 1 1 0 0 0 0 4612 1 1073775864 0 0 0 -1 3 0 0 0 0 0 0 0 0 0 0 0 0 0
23829 24111 (Binder:23829_7) S 333 333 0 0 -1 1077936192 5 0 0 0 0 3 0 0 20 0 59 0 269070657 1541083136 38413 18446744073709551615 1 1 0 0 0 0 4612 1 1073775864 0 0 0 -1 1 0 0 0 0 0 0 0 0 0 0 0 0 0
23829 24144 (deathride-link-) S 333 333 0 0 -1 1077936192 698 0 0 0 40 13 0 0 33 13 59 0 269070704 1541083136 38413 18446744073709551615 1 1 0 0 0 0 4612 1 1073775864 0 0 0 -1 3 0 0 0 0 0 0 0 0 0 0 0 0 0
23829 24145 (DefaultExecutor) S 333 333 0 0 -1 1077936192 357 0 0 0 123 85 0 0 33 13 59 0 269070706 1541083136 38414 18446744073709551615 1 1 0 0 0 0 4612 1 1073775864 0 0 0 -1 1 0 0 0 0 0 0 0 0 0 0 0 0 0
23829 24151 (DefaultDispatch) S 333 333 0 0 -1 1077936192 19251 0 6 0 1630 487 0 0 33 13 59 0 269070825 1541083136 38414 18446744073709551615 1 1 0 0 0 0 4612 1 1073775864 0 0 0 -1 2 0 0 0 0 0 0 0 0 0 0 0 0 0
23829 24152 (DefaultDispatch) S 333 333 0 0 -1 1077936192 22025 0 1 0 1661 504 0 0 33 13 59 0 269070825 1541218304 38414 18446744073709551615 1 1 0 0 0 0 4612 1 1073775864 0 0 0 -1 1 0 0 0 0 0 0 0 0 0 0 0 0 0
23829 24153 (DefaultDispatch) S 333 333 0 0 -1 1077936192 19616 0 2 0 1613 471 0 0 33 13 59 0 269070825 1541083136 38414 18446744073709551615 1 1 0 0 0 0 4612 1 1073775864 0 0 0 -1 1 0 0 0 0 0 0 0 0 0 0 0 0 0
23829 24159 (DefaultDispatch) S 333 333 0 0 -1 4194368 20812 0 3 0 1692 530 0 0 33 13 59 0 269070942 1541083136 38418 18446744073709551615 1 1 0 0 0 0 4612 1 1073775864 0 0 0 -1 1 0 0 0 0 0 0 0 0 0 0 0 0 0
23829 24160 (DefaultDispatch) S 333 333 0 0 -1 1077936192 20592 0 1 0 1629 470 0 0 33 13 59 0 269070942 1541083136 38418 18446744073709551615 1 1 0 0 0 0 4612 1 1073775864 0 0 0 -1 3 0 0 0 0 0 0 0 0 0 0 0 0 0
23829 24718 (DefaultDispatch) S 333 333 0 0 -1 1077936192 22291 0 0 0 1637 499 0 0 33 13 59 0 269074072 1541083136 38419 18446744073709551615 1 1 0 0 0 0 4612 1 1073775864 0 0 0 -1 3 0 0 0 0 0 0 0 0 0 0 0 0 0
23829 24719 (DefaultDispatch) S 333 333 0 0 -1 1077936192 20512 0 2 0 1602 494 0 0 33 13 59 0 269074072 1541095424 38419 18446744073709551615 1 1 0 0 0 0 4612 1 1073775864 0 0 0 -1 0 0 0 0 0 0 0 0 0 0 0 0 0 0
23829 24721 (DefaultDispatch) S 333 333 0 0 -1 1077936192 18233 0 2 0 1540 478 0 0 33 13 59 0 269074072 1541083136 38419 18446744073709551615 1 1 0 0 0 0 4612 1 1073775864 0 0 0 -1 3 0 0 0 0 0 0 0 0 0 0 0 0 0
23829 24722 (DefaultDispatch) S 333 333 0 0 -1 1077936192 20705 0 0 0 1620 505 0 0 33 13 59 0 269074073 1541083136 38419 18446744073709551615 1 1 0 0 0 0 4612 1 1073775864 0 0 0 -1 3 0 0 0 0 0 0 0 0 0 0 0 0 0
23829 24723 (DeathRideAudio) S 333 333 0 0 -1 1077936192 2774 0 10 0 1158 2910 0 0 20 0 59 0 269074076 1541083136 38422 18446744073709551615 1 1 0 0 0 0 4612 1 1073775864 0 0 0 -1 2 0 0 0 0 0 0 0 0 0 0 0 0 0
23829 24725 (SoundPool_1) S 333 333 0 0 -1 1077936192 9 0 0 0 986 3273 0 0 20 0 59 0 269074088 1541083136 38423 18446744073709551615 1 1 0 0 0 0 4612 1 1073775864 0 0 0 -1 3 0 0 0 0 0 0 0 0 0 0 0 0 0
23829 24736 (DefaultDispatch) S 333 333 0 0 -1 1077936192 18706 0 0 0 1556 489 0 0 33 13 59 0 269074450 1541046272 38423 18446744073709551615 1 1 0 0 0 0 4612 1 1073775864 0 0 0 -1 0 0 0 0 0 0 0 0 0 0 0 0 0 0
23829 24887 (DefaultDispatch) S 333 333 0 0 -1 1077936192 22129 0 0 0 1509 428 0 0 33 13 59 0 269080647 1541107712 38423 18446744073709551615 1 1 0 0 0 0 4612 1 1073775864 0 0 0 -1 2 0 0 0 0 0 0 0 0 0 0 0 0 0
23829 25381 (DefaultDispatch) S 333 333 0 0 -1 1077936192 13589 0 0 0 1059 333 0 0 33 13 59 0 269100287 1541218304 38426 18446744073709551615 1 1 0 0 0 0 4612 1 1073775864 0 0 0 -1 1 0 0 0 0 0 0 0 0 0 0 0 0 0
23829 26502 (DefaultDispatch) S 333 333 0 0 -1 1077936192 4504 0 0 0 338 96 0 0 33 13 59 0 269143747 1541083136 38426 18446744073709551615 1 1 0 0 0 0 4612 1 1073775864 0 0 0 -1 0 0 0 0 0 0 0 0 0 0 0 0 0 0
23829 26723 (AudioTrack) S 333 333 0 0 -1 1077936192 4 0 0 0 0 0 0 0 4 -16 59 0 269153397 1541083136 38428 18446744073709551615 1 1 0 0 0 0 4612 1 1073775864 0 0 0 -1 2 0 0 0 0 0 0 0 0 0 0 0 0 0
23829 26868 (AudioTrack) S 333 333 0 0 -1 1077936192 4 0 0 0 0 0 0 0 4 -16 59 0 269159881 1541083136 38428 18446744073709551615 1 1 0 0 0 0 4612 1 1073775864 0 0 0 -1 0 0 0 0 0 0 0 0 0 0 0 0 0 0
23829 26869 (AudioTrack) S 333 333 0 0 -1 1077936192 4 0 0 0 0 0 0 0 4 -16 59 0 269159886 1541083136 38428 18446744073709551615 1 1 0 0 0 0 4612 1 1073775864 0 0 0 -1 3 0 0 0 0 0 0 0 0 0 0 0 0 0
23829 26903 (Binder:23829_8) S 333 333 0 0 -1 1077936192 8 0 0 0 0 0 0 0 20 0 59 0 269160701 1541083136 38428 18446744073709551615 1 1 0 0 0 0 4612 1 1073775864 0 0 0 -1 1 0 0 0 0 0 0 0 0 0 0 0 0 0
23829 26954 (AudioTrack) S 333 333 0 0 -1 1077936192 5 0 0 0 0 0 0 0 4 -16 59 0 269162051 1541083136 38431 18446744073709551615 1 1 0 0 0 0 4612 1 1073775864 0 0 0 -1 2 0 0 0 0 0 0 0 0 0 0 0 0 0
23829 26981 (AudioTrack) S 333 333 0 0 -1 1077936192 5 0 0 0 0 0 0 0 4 -16 59 0 269163033 1541046272 38432 18446744073709551615 1 1 0 0 0 0 4612 1 1073775864 0 0 0 -1 3 0 0 0 0 0 0 0 0 0 0 0 0 0
23829 26985 (AudioTrack) S 333 333 0 0 -1 1077936192 5 0 0 0 0 0 0 0 4 -16 59 0 269163175 1541083136 38432 18446744073709551615 1 1 0 0 0 0 4612 1 1073775864 0 0 0 -1 3 0 0 0 0 0 0 0 0 0 0 0 0 0
23829 26999 (AudioTrack) S 333 333 0 0 -1 1077936192 5 0 0 0 0 0 0 0 4 -16 59 0 269163878 1541083136 38432 18446744073709551615 1 1 0 0 0 0 4612 1 1073775864 0 0 0 -1 2 0 0 0 0 0 0 0 0 0 0 0 0 0
23829 27030 (AudioTrack) S 333 333 0 0 -1 1077936192 5 0 0 0 0 0 0 0 4 -16 59 0 269165231 1541083136 38432 18446744073709551615 1 1 0 0 0 0 4612 1 1073775864 0 0 0 -1 2 0 0 0 0 0 0 0 0 0 0 0 0 0
==schedstat
421 12715 20810865138 18160179976 241240
421 13139 24213183172 22007434646 285976
421 1497 21293265633 18975505738 249296
421 1755 18978625911 16529983811 217573
421 20227 21539207491 19853610101 257531
421 2098 20071607344 16224547975 244541
421 2176 20084674365 16053108636 233943
421 22281 19358356948 18170144379 231905
421 2304 22786340441 17690959173 265302
421 2961 16517842193 15589326336 202245
421 30043 2200073 176156 19
421 4158 21361283142 18383026960 242527
421 421 20219986307 18073489429 237002
421 465 3817386 3586000 26
421 473 700538 23077 3
421 474 5513311 1148228 59
421 6116 21346160535 18890406527 256617
421 626 176728151 60724926 2277
421 627 23034389648 4411839288 77433
421 652 20135112999 18132850058 229675
421 653 20761611679 19093723968 243262
421 683 20809744135214 2282790374237 791184110
421 688 116308 0 1
421 689 5862364185 2844116266 73128
421 7056 17865532354 14234315766 211991
421 773 20208131865 17117664819 243475
421 776 28244190555 8061616266 1290573
388 12955 105399674025 29222499129 598562
388 1757 377073144 341846247 2049
388 2240 112282057531 64314217873 616292
388 388 103902636945 30319511621 594571
388 406 467692 30257231 2
388 412 105231 27846 1
388 436 58188772131 50466912943 316935
388 437 59702425187 50572692767 322256
388 668 103846 7787616 1
388 679 171539 71769 1
388 680 142825152 26687006 483
388 687 117308 219846 2
388 783 23852283505169 2192279986543 789362487
388 9833 126771831112 41714034789 724291
23829 23829 24654745747 18920903000 77930
23829 23842 1134922 9353231 3
23829 23843 606307 23366539 4
23829 23844 698846 0 1
23829 23845 8234641195 3343849777 25451
23829 23846 6798868045 3070423024 22813
23829 23847 144925391 42545069 268
23829 23848 41300999 14499467 143
23829 23849 10247079 21871840 130
23829 23850 63846617 161619857 1057
23829 23851 48782383 237621207 691
23829 23859 24111073 123350690 523
23829 23887 1110485612 476018013 3399
23829 23889 69892993 21785700 88
23829 23912 9062341759 2429207577 9899
23829 23914 902307 0 1
23829 23915 516101609216 77273012724 1253835
23829 23918 2420539 2220538 7
23829 23919 883385 3122616 2
23829 23920 434462 3733461 2
23829 23923 22315453328 3072238066 132628
23829 23932 436077 1181538 5
23829 23933 7465616 17521540 74
23829 23934 1130923 4240308 11
23829 23935 61086763 57528541 494
23829 23944 36675299 77275848 776
23829 23946 3424936507 2323447133 19344
23829 23961 955539 2249307 17
23829 23971 32540064610 54241902330 179583
23829 23972 20693416980 51793121314 170994
23829 23973 31055996 166789226 659
23829 23974 21390041029 51565050689 174859
23829 24111 41514916 133968775 953
23829 24144 541346065 614138474 3434
23829 24145 2083211244 6676816775 31177
23829 24151 21182216671 51421902469 173450
23829 24152 21655188978 51304212742 175780
23829 24153 20855213235 51323851983 174346
23829 24159 22228758418 52566205970 180684
23829 24160 21004943544 51401667646 171334
23829 24718 21369557144 51075149596 174692
23829 24719 20972160435 51669623072 172353
23829 24721 20191395654 50968129572 169893
23829 24722 21258632045 51430023046 180323
23829 24723 40708910540 19498932718 223809
23829 24725 
23829 24736 20460700998 49344885780 169469
23829 24887 19386812350 45815727941 158925
23829 25381 13924328693 35132764870 117478
23829 26502 4346770156 10986600327 37139
23829 26723 2996768 349154 60
23829 26868 985307 351230 15
23829 26869 2739229 748387 60
23829 26903 1352157 6038613 25
23829 26954 676538 511384 9
23829 26981 1761079 11523153 40
23829 26985 1432001 111383 31
23829 26999 605232 49461 6
23829 27030 672075 165154 7
==net
Inter-|   Receive                                                |  Transmit
 face |bytes    packets errs drop fifo frame compressed multicast|bytes    packets errs drop fifo colls carrier compressed
    lo: 4960355  129525    0    0    0     0          0         0  4960355  129525    0    0    0     0       0          0
dummy0:       0       0    0    0    0     0          0         0   167057    1103    0    0    0     0       0          0
  ifb0:       0       0    0    0    0     0          0         0        0       0    0    0    0     0       0          0
  ifb1:       0       0    0    0    0     0          0         0        0       0    0    0    0     0       0          0
 tunl0:       0       0    0    0    0     0          0         0        0       0    0    0    0     0       0          0
  gre0:       0       0    0    0    0     0          0         0        0       0    0    0    0     0       0          0
gretap0:       0       0    0    0    0     0          0         0        0       0    0    0    0     0       0          0
erspan0:       0       0    0    0    0     0          0         0        0       0    0    0    0     0       0          0
ip_vti0:       0       0    0    0    0     0          0         0        0       0    0    0    0     0       0          0
ip6_vti0:       0       0    0    0    0     0          0         0        0       0    0    0    0     0       0          0
  sit0:       0       0    0    0    0     0          0         0        0       0    0    0    0     0       0          0
ip6tnl0:       0       0    0    0    0     0          0         0        0       0    0    0    0     0       0          0
ip6gre0:       0       0    0    0    0     0          0         0        0       0    0    0    0     0       0          0
 wlan0: 4442348356 7849302    0    0    0     0          0         0 12538838166 12261906   15    0    0     0       0          0
  p2p0:       0       0    0    0    0     0          0         0        0       0    0    0    0     0       0          0
   ap0:       0       0    0    0    0     0          0         0        0       0    0    0    0     0       0          0
==uptime
2691662.94 9866163.37
